8448
-305
931
542
-862
951
-393
682
718
-4
825
-558
-290
-21
-305
-332
-200
-291
-436
-634
576
-23
21
232
11
22
365
632
-79
398
-560
308
590
-353
456
921
-347
-533
623
-229
129
719
-718
-482
794
560
911
-240
736
65
139
521
-409
113
-511
-357
-512
-238
282
372
-657
-732
294
-830
-114
-320
245
-522
-915
-959
-283
129
-924
-852
-808
715
-856
0
385
-654
-395
952
-550
479
990
350
805
501
734
634
30
-285
378
71
777
569
405
166
-755
39
767
589
-916
528
203
983
-690
-803
508
239
937
622
715
-921
-353
-564
-360
946
372
954
-790
-894
-693
442
-444
587
-900
588
711
-105
-525
688
558
435
632
-643
-870
-778
679
106
90
529
844
713
-794
370
-307
196
-504
-77
-957
-369
-184
-273
677
-899
-765
5
-589
-881
-361
-571
637
-153
846
151
-338
138
-604
-741
-472
740
-890
-934
-195
326
937
-308
-313
-86
532
723
-75
359
908
613
818
-176
250
631
-877
-666
-518
68
957
782
-909
557
673
558
110
-726
-90
-608
-475
-354
193
201
-343
153
-606
707
287
360
-786
358
745
-633
-635
-666
701
118
176
-858
-44
-231
-967
-582
257
873
854
218
-933
-968
739
114
-71
98
683
678
-134
622
915
-237
-2
-860
579
321
916
-375
-223
-603
-112
38
-980
-958
-408
-521
19
207
492
959
48
260
944
328
-828
62
-136
-968
95
-942
-209
111
860
-738
163
765
-969
427
-848
-79
-196
47
151
-325
77
-33
-789
787
128
609
-119
947
51
415
241
-161
733
663
-123
-91
930
-736
45
607
82
392
820
-698
942
-456
290
-848
-632
617
679
-774
-793
-481
593
576
404
99
-150
-503
-908
271
-462
-495
-926
-285
4
238
-73
-828
-537
-45
-391
-956
419
994
-99
-691
-914
508
-517
134
515
-363
-179
-616
-787
-61
451
-102
469
-683
-122
-727
-666
-799
-346
-812
-119
-27
-269
19
34
-930
-443
439
6
-921
8
444
-697
585
103
-20
-466
-863
547
765
-636
560
385
410
173
252
238
-832
-222
819
-817
-513
921
-241
873
992
-878
-923
825
-923
944
8
658
-629
-989
-117
-879
-435
-82
995
-466
-877
-422
-294
977
791
-506
-480
623
-584
217
-180
-560
7
358
-575
749
-97
907
-629
123
786
-186
217
287
238
-333
-76
317
-546
-58
797
417
124
306
-474
249
-475
-779
934
317
-475
288
896
-196
-318
534
909
-380
-828
-656
-395
-98
225
-70
-403
-621
535
-450
-485
319
-973
731
-107
-239
990
-559
711
-565
-521
-500
-973
989
-4
123
-542
-184
754
-532
-791
-526
-940
-235
-105
-619
359
497
-726
-157
476
-330
674
-421
-881
-897
477
-319
365
443
-479
349
-30
81
-311
-590
768
205
534
553
-36
188
231
633
-734
-128
-700
245
920
-912
323
3
912
848
-755
-459
615
-856
603
421
-661
307
474
-15
10
902
-627
113
645
-709
-750
513
-573
58
-163
399
962
-989
-64
723
728
-246
908
662
776
111
-703
-176
720
-23
481
578
-642
142
-77
-996
803
-639
916
-675
-960
217
-457
549
221
-662
141
-328
-103
979
896
-831
-309
947
-343
-624
230
-696
-159
-526
-692
741
709
-725
-727
-416
-814
867
832
277
-80
-918
-604
586
348
-215
956
-847
893
311
-311
-669
-89
-444
324
-353
638
-554
-528
671
-414
-707
-465
595
489
-827
337
-420
203
-216
199
-649
-345
-435
-827
-301
-814
929
-475
801
815
-112
88
920
-582
112
-936
834
799
-773
-294
55
824
7
-881
500
611
-349
233
-505
162
-208
842
-903
155
-871
-137
-216
880
-607
-980
368
-327
-584
-934
-394
-931
457
155
225
-48
-541
-938
-331
-410
674
-242
-659
758
9
-603
-956
889
527
365
737
-526
-605
975
-308
-808
44
-475
673
414
818
-959
-768
-653
-701
273
-353
-299
-493
-358
477
257
3
401
-61
533
492
-215
553
615
-232
694
-31
-962
734
640
548
-994
360
-157
872
865
674
-461
-37
-479
514
-979
623
194
-738
905
-446
860
-322
188
-24
-954
143
281
631
-434
449
199
-465
437
-130
-514
-844
23
616
283
-247
680
-883
803
-933
810
249
-75
-233
299
-167
-521
601
-309
-953
-414
-814
-148
615
-966
-59
50
-275
677
366
314
-824
-50
303
54
479
193
-967
310
999
662
99
835
-290
587
858
-396
-329
-327
-106
500
658
377
-908
-5
327
303
613
840
-897
724
-14
816
783
34
474
64
50
89
234
-897
-846
463
-504
927
-797
-61
-99
-990
-404
-542
-964
-568
-141
899
-286
279
819
-819
812
516
-899
552
688
-211
-424
-431
681
-599
134
647
-558
615
-651
-910
-322
483
-962
-877
-302
-729
909
934
688
-706
654
261
-575
467
-544
-586
-691
-423
-807
389
-342
884
-778
316
-817
-284
365
878
708
689
145
-653
-920
418
161
-307
222
248
-658
250
262
359
-842
-78
227
69
674
512
494
107
648
-50
-650
233
622
713
-431
-219
-964
115
500
275
-372
183
123
-335
113
-185
742
-247
561
129
481
-70
833
-576
78
-192
-69
543
336
799
62
-488
-778
95
339
683
947
-303
-153
106
918
-160
106
-607
459
179
-574
131
-611
751
-4
-497
22
313
145
193
-428
328
-495
-619
-390
457
255
983
544
956
969
-682
88
700
226
582
-737
-772
-563
-59
27
-67
760
-731
-345
508
83
920
200
488
-933
202
251
65
632
488
-50
636
-609
-594
-24
355
677
638
-75
-919
577
109
1
763
811
-185
224
418
823
-269
104
101
-983
-463
-852
796
356
-353
-953
335
307
779
-831
-291
-542
-477
-960
-1000
314
-488
-595
157
279
-543
-910
497
-504
-36
-418
487
451
351
-523
927
-14
-947
-202
360
254
532
-950
-986
-490
-510
470
-657
-196
-888
141
-513
172
359
406
11
-918
-553
469
-590
39
7
-200
352
176
798
-640
44
-445
416
-870
-463
-146
924
185
-214
-42
434
-494
183
848
338
116
-756
560
-577
594
696
-164
131
430
754
684
-676
-189
624
65
-540
-209
402
879
878
507
155
952
764
441
-497
278
-754
-199
-56
-204
-363
-24
-733
10
-987
405
-89
-317
-967
-191
774
588
976
-861
-837
-116
-747
533
835
426
524
702
313
320
-952
-996
890
-102
-790
494
823
171
-860
-404
-696
12
-580
-732
845
929
268
290
256
123
-650
475
-794
451
4
342
485
-583
-963
-234
383
586
-844
424
-883
-825
651
-26
263
408
-891
134
15
684
-952
883
-915
-85
-943
-650
-651
699
882
368
-475
283
742
390
-86
-656
405
649
-669
-935
611
-848
781
177
435
-635
-259
976
-454
-502
-68
718
-258
-730
-660
390
780
143
985
-206
616
-875
-357
-231
-257
-215
-632
-126
105
-104
6
259
395
-775
638
-54
-8
-98
92
-617
-344
602
803
-555
96
704
-307
-892
241
-909
848
-748
-867
-577
-211
-545
-333
-989
-750
467
572
-486
-66
890
-482
677
148
648
-690
38
-919
-879
354
699
680
245
676
-874
501
-998
883
-427
895
915
612
-814
-226
-478
-618
889
-21
263
-142
497
127
-220
-735
985
132
671
519
-255
-248
18
270
-62
-17
-173
734
-213
936
219
-361
41
600
-586
913
114
-669
-58
-293
30
-871
867
-832
-718
812
739
-953
-294
768
258
281
-174
-148
894
-18
-638
477
-558
960
-332
-183
29
-639
707
928
158
553
-462
-513
-273
903
998
-65
-965
-664
-592
122
-644
166
731
-67
917
808
78
377
441
567
-209
-540
919
-496
-459
444
3
661
-536
972
-447
-658
-73
807
-96
-978
21
624
737
-160
912
876
915
-816
-256
656
-51
518
-711
-92
519
-83
717
-183
389
17
801
-746
-48
743
746
254
659
167
-636
318
767
820
463
402
780
-660
-826
-729
-964
378
-707
315
749
-199
198
417
44
883
-848
-608
128
264
-867
-5
-38
-950
-849
412
471
181
974
137
-801
12
-728
264
493
398
-506
591
267
-312
470
-572
826
-300
650
499
-725
975
365
462
-611
759
109
-34
-237
-909
-598
296
65
94
-679
-405
979
-853
581
-10
42
-388
179
-810
580
925
-256
-403
407
-293
57
334
826
-605
-250
997
-193
677
-139
-572
-255
486
847
-713
838
-427
920
825
-591
-715
296
-32
455
745
-399
675
635
-641
861
-372
648
-221
-58
-56
123
228
945
858
987
131
744
-224
-122
599
418
142
-631
-914
-847
-729
907
-226
551
-918
150
-486
934
344
836
256
147
931
-862
862
-202
578
355
853
-463
-222
660
326
778
535
167
633
-121
48
142
461
101
120
454
-406
-635
248
366
-991
-668
-631
-142
-715
869
264
-648
947
541
243
998
-212
554
255
542
787
209
764
-392
962
-573
-192
426
935
-613
-576
-810
204
886
846
960
788
-496
763
-325
929
-537
-3
351
-141
462
812
-8
123
-800
-553
190
445
-641
-956
781
-380
-776
996
-287
271
-315
-380
-257
-615
15
-32
770
119
-515
258
993
874
-339
-40
-870
-892
782
-124
205
-441
184
652
-633
521
-632
466
602
-556
348
-530
-331
-743
-872
440
645
-139
546
98
456
-756
800
-671
-455
-414
-116
-500
-83
-583
-304
-180
25
388
-172
628
766
-151
946
443
242
261
-686
276
-756
90
503
-257
-692
452
-299
-984
485
-711
717
-404
-505
-18
534
316
-931
-218
730
-949
-352
-747
426
498
-522
-941
463
-254
-565
-275
718
-151
-902
-219
871
221
792
601
875
-218
-35
-543
-761
-743
288
-414
209
-850
909
448
-659
99
-42
976
893
9
820
491
-173
492
-520
-338
-892
-287
-222
-770
444
-681
780
-695
-633
592
-795
184
-45
777
-682
417
-784
885
-830
-951
912
-488
638
-793
385
703
-38
19
-412
-531
-772
-451
-439
-33
-536
-342
-471
193
350
-456
-848
-582
288
627
917
-94
-195
673
599
341
79
-488
-91
287
-770
-17
442
166
623
-79
-780
56
-356
670
-753
729
-783
-469
515
-818
704
522
391
408
914
-475
672
424
619
948
362
705
697
-722
-383
76
8
924
92
-780
-556
232
183
-863
-883
-364
652
-286
496
392
-338
803
-408
-237
817
-353
496
402
-23
-498
115
735
-467
-513
-398
-111
-249
-302
-670
-79
-740
300
-449
-36
-77
605
865
948
-813
14
-518
98
-51
179
984
70
915
97
-499
367
-877
329
-71
-74
389
-190
-927
596
397
-91
-610
771
60
178
-316
-238
394
-496
637
563
-600
-927
-446
158
437
883
-43
-120
-209
259
126
-385
-220
-883
432
-116
36
286
-745
267
-44
-598
337
166
882
-231
-90
-643
368
525
-91
-446
879
-145
92
481
-854
-249
723
-467
619
-119
-842
-298
-146
188
734
822
976
231
410
-614
595
837
-145
-2
-479
-665
921
465
-326
328
-627
-856
-547
-788
-675
-738
-17
33
-250
-7
-534
-488
-550
-776
277
-899
-251
-200
220
289
222
-10
-308
105
-788
191
-419
-289
-446
595
508
678
169
-408
788
-260
552
890
-343
-344
850
80
-64
-782
61
-550
702
-510
522
-26
892
-672
230
-654
-620
-501
-980
252
395
-603
-108
-762
-262
-949
220
-859
-710
-461
658
392
-533
-786
763
-203
962
685
-45
879
-531
-49
-847
580
868
-424
742
-77
686
-706
-542
-518
205
157
-460
-194
983
650
-500
-92
-718
-187
-242
-452
-453
-921
-219
637
994
-357
-463
-117
838
-759
142
997
-327
-323
163
-901
335
535
-844
-579
761
-709
-652
-65
872
-104
859
521
304
966
-512
-214
683
-104
-557
220
646
273
682
-910
-100
676
-827
14
157
803
-848
-480
987
937
645
-807
-15
-637
683
-690
-464
136
-321
519
936
298
-739
615
-337
885
-837
854
-399
180
-206
-151
-60
-317
-278
-589
806
-482
-207
-571
-923
-487
-824
34
-53
249
-693
557
-827
-337
138
-13
382
789
-616
21
-756
481
863
-162
-249
-89
-418
-381
-415
-982
-431
856
-121
-541
-645
463
-734
922
-109
939
-38
-895
920
723
8
657
-287
-350
-953
-517
390
-53
358
192
421
745
364
-931
98
-684
-295
-274
-498
65
644
468
-702
369
-330
-415
-488
217
-414
-977
390
-655
576
544
72
-986
-299
-927
-886
-294
-943
328
-753
-21
-524
-100
736
65
-259
-941
-444
-431
929
-266
-312
15
-187
-591
156
-672
-792
-409
-550
-307
575
771
-172
163
110
265
-552
24
992
458
-974
72
260
646
-34
-579
-796
-692
-423
749
-830
845
-300
957
-990
-593
387
276
766
733
-856
26
-326
-500
758
-753
133
760
901
-856
984
-708
-238
-93
782
849
720
-516
480
670
127
233
-404
-802
215
-224
-991
559
961
584
74
582
274
476
324
-33
5
428
-546
-990
660
830
-820
578
163
-78
520
-400
-359
243
566
-404
-389
-552
978
859
-665
-789
-824
100
58
177
-33
-92
-689
-152
275
-991
-860
-577
-83
588
-774
-258
-511
-65
985
807
-331
86
461
-492
-935
475
-254
-48
983
-103
-233
754
393
706
498
-157
1
-932
400
-799
152
758
39
92
599
632
842
829
-229
-504
472
-441
-327
-679
-655
325
158
222
-298
259
-143
461
636
297
232
398
-387
-398
740
562
-677
-53
282
-895
801
838
894
-36
904
-386
-866
641
755
-155
-264
-532
136
730
137
186
-212
694
179
265
713
-187
10
860
174
658
-820
-133
-684
266
-21
982
-696
-397
120
-134
-183
-202
-435
76
-704
-873
-394
-13
-313
-427
-851
-446
-88
-259
-638
-349
-877
-967
-893
-449
-853
-394
766
9
-707
-797
-512
-294
-738
549
-648
999
-639
-249
-963
-816
225
-721
-8
562
737
700
736
-501
-882
-773
688
-419
525
809
-585
460
550
115
-756
-415
-979
-919
172
-511
281
865
-334
520
322
679
817
-465
-452
-974
897
492
634
-702
-893
-839
721
902
867
509
-341
234
569
182
-667
141
60
-184
-859
-512
276
830
891
555
378
975
290
506
-450
-915
483
932
996
39
-505
-212
-243
495
55
-272
237
405
-926
-785
382
993
58
-776
49
688
267
637
828
-442
-551
934
-540
-366
949
2
488
895
75
-504
-121
-698
-853
-708
736
-687
627
558
-748
379
-379
-612
-422
-637
362
599
-849
-913
707
291
-57
396
-681
-473
-411
-44
-706
-763
-750
761
776
996
-322
-371
-965
-1000
448
4
-280
-461
-965
-671
-327
725
432
-771
-887
-257
-758
823
-881
-874
666
-299
745
-446
847
-40
705
854
-783
190
110
410
859
-848
-262
404
-237
-132
-181
-283
-505
-627
273
479
-507
358
747
-492
-778
-754
998
-102
169
612
-61
283
360
-796
-525
-679
729
530
369
-833
115
739
-787
-926
-309
300
881
-986
-710
-878
-511
413
76
768
-44
858
-72
230
425
-12
-697
-626
280
-26
803
779
-345
771
398
442
-187
-265
59
-166
-298
728
-964
-760
-388
-645
170
-973
-834
-813
843
-129
-856
197
355
-859
830
-617
-135
311
-802
870
-732
384
-399
-729
819
762
478
677
774
826
796
-935
668
-827
417
40
-247
358
171
918
-76
632
698
184
-53
189
793
-649
211
193
-137
-751
767
665
246
-55
268
341
432
206
-344
-571
80
-343
-707
871
-764
-79
-371
-18
989
889
411
910
-80
-392
196
-236
605
-631
-472
803
105
217
-151
969
-582
861
447
-352
-882
310
517
-400
184
-739
323
-143
-599
409
-935
-257
679
256
933
406
876
-903
66
141
590
-801
461
-529
246
50
-668
836
720
824
-18
398
782
209
145
95
8
360
-220
-328
148
-11
-783
-484
142
975
182
916
452
607
729
-581
-879
-752
502
985
-892
450
-26
-259
-964
-403
445
468
754
499
608
870
451
-642
-494
-369
-968
-71
362
155
-860
299
402
-645
378
-211
-450
772
-903
45
-730
662
933
331
194
-726
722
609
2
-795
-769
623
311
298
685
-460
145
-741
-645
537
-378
703
-592
-617
-100
-961
-77
-439
67
-85
-230
604
562
538
478
722
28
30
-169
790
-65
-698
969
-726
-391
-483
-597
-915
598
-545
192
-904
-389
-388
-141
-889
-551
-27
932
661
62
-332
329
976
-195
-328
787
363
-40
717
783
-622
808
250
-348
232
-230
-636
-576
93
-59
688
138
235
27
-234
3
736
188
-143
447
-938
802
-333
585
-931
-291
-667
-40
298
107
-149
-452
-40
-862
710
-300
781
846
-733
336
664
-398
-430
-98
198
-420
-975
-60
788
474
694
-663
-449
707
-949
367
743
20
-172
-928
226
391
-100
101
541
769
-835
-419
-899
-407
-817
32
803
-368
456
257
-211
-415
-943
-871
-950
935
-823
-667
-554
213
306
606
-77
-890
921
-319
200
-574
612
-981
-909
-887
-972
675
107
-513
442
980
561
-284
838
357
-188
-593
746
-826
435
-234
205
889
-691
221
75
651
-716
-424
10
-114
320
-673
-985
-748
-288
909
-689
-6
-548
-747
-6
686
710
626
353
-449
-2
-664
592
-160
53
940
759
744
-311
93
-278
-599
-690
-818
-584
-726
-818
-62
-327
852
504
-318
113
581
676
541
257
69
358
765
877
611
321
738
-905
-214
-878
-163
682
549
-211
779
387
-164
38
44
-198
-981
-618
991
-866
-547
-771
124
846
-6
518
957
-443
490
390
-838
349
-139
-562
-145
-93
776
65
-580
-533
-570
-657
-758
26
-743
-465
-587
450
-685
251
618
-773
326
-11
-418
-485
-485
440
344
392
-237
-151
-100
629
376
-356
421
-567
-97
339
559
-419
669
-287
14
-813
-381
-3
574
500
567
-478
-440
546
384
-557
-339
-804
766
-756
418
416
-477
-205
56
-326
-734
-466
519
11
803
734
-409
-891
-144
312
411
530
-417
933
-902
581
267
-593
-389
792
849
748
-20
-892
-971
-793
-449
767
159
217
498
560
-106
231
-822
-82
70
-523
-789
102
97
-216
-299
379
-640
441
-898
328
915
-986
233
-351
333
226
161
888
677
-931
68
-405
-422
654
174
-582
71
172
400
118
319
-148
-819
-699
581
-331
865
-813
218
47
-194
434
-605
938
-363
514
327
459
445
-677
-78
65
-717
343
713
-234
-257
-835
251
-687
462
-760
543
-248
257
102
432
-686
194
44
82
219
-498
-25
-369
209
-669
413
547
-373
-985
-46
464
-951
946
-314
975
-458
698
844
-76
-102
169
134
-980
-84
301
-52
390
-859
315
683
-341
495
-415
-70
-5
93
-41
-873
549
692
-415
64
-461
-281
996
14
-608
928
-62
876
727
74
-332
-283
681
924
163
27
-805
576
338
820
329
305
-228
-257
-837
-206
486
501
-205
956
288
-518
-785
-592
-851
370
289
810
-628
-192
-728
646
-829
154
-261
-292
135
280
850
215
-101
523
-751
36
898
187
962
-746
-974
-807
334
-554
247
-637
-153
439
561
-410
517
56
380
-787
-5
322
346
855
-283
-719
639
-585
-927
-752
88
149
-713
-851
-152
802
-90
-757
-31
-152
-404
-26
-213
192
-31
706
-219
-915
-879
-980
949
-746
660
930
-259
178
-676
-962
173
699
-566
397
-418
-572
-66
-865
-990
695
-743
-377
-794
-169
736
-911
928
116
560
-605
555
157
440
364
380
-896
-121
890
753
-899
323
648
-603
-407
451
243
-110
237
106
926
-973
-786
208
540
-699
-328
959
-662
218
980
-121
991
-311
265
462
859
-395
-194
120
173
568
382
-994
849
-116
452
-562
-810
23
405
159
-850
800
-963
-240
-674
-46
-927
-228
21
-148
324
-261
-390
162
-59
-88
494
-924
-843
138
-816
-456
-905
-446
431
406
-352
480
-614
-879
-930
-798
-109
-995
-283
763
803
161
-780
-565
71
-869
503
688
903
538
-171
-711
-9
268
-615
67
-57
372
-290
-190
-459
727
243
222
-526
148
-82
215
370
-83
125
390
-723
727
535
-655
899
554
241
43
-532
-11
845
534
332
-783
973
-299
-346
976
197
-109
-488
-366
366
250
-348
-700
-745
-479
-834
773
166
453
-751
118
493
386
189
846
-105
14
59
311
-239
50
449
-199
-379
742
-944
496
322
392
442
-356
-968
121
610
837
431
-988
-916
-583
-489
-453
51
-732
-759
-800
-343
731
-851
798
-391
-203
725
705
104
-842
423
216
570
297
-792
-347
113
73
-925
-433
-271
108
-200
-811
318
-276
-750
-242
471
-636
-719
-847
940
580
-762
702
-839
-735
-739
136
-233
860
-236
224
520
-179
954
-81
-47
892
-13
-897
804
-725
-840
135
-326
-797
-853
-943
976
-246
-584
25
265
-594
-970
532
145
-863
221
139
257
-479
-158
-78
-386
418
-930
681
-484
250
941
-641
784
-984
-510
-338
-732
482
-649
279
739
26
65
-549
-748
189
803
883
675
664
-151
140
-262
551
-491
-414
-16
-581
951
-856
-696
422
-764
-846
-70
-730
681
-145
686
-324
-887
-570
-220
201
-222
-773
-671
-156
814
766
-508
-38
742
-959
-569
-750
192
564
-111
-276
121
111
-488
-811
701
523
-556
-871
595
-387
-658
-170
-858
336
-537
-87
-530
174
501
824
638
907
-536
-501
806
-738
779
808
616
-100
742
345
39
403
528
-469
-244
160
-286
614
-381
-291
279
404
258
394
911
-512
-23
215
-733
-995
-476
-228
3
32
526
-138
-422
570
720
846
-669
-730
263
-122
-875
748
-460
963
-214
-305
556
-510
61
-631
624
-983
850
817
39
555
191
-442
935
518
-472
-5
930
-371
-791
-417
493
157
-932
120
300
-193
-422
363
649
-935
-210
-310
-332
337
-123
-998
-252
-833
-990
-816
-52
589
-562
872
-600
782
380
50
-842
-520
-5
-199
946
-833
788
-527
394
783
-349
989
-416
-442
851
122
334
-420
370
-437
-813
545
-812
-623
-132
-255
-861
-601
254
566
115
-680
975
234
-908
701
468
-602
-15
695
5
236
933
-619
157
990
-643
-397
-482
474
-904
927
-111
563
-5
153
-181
412
-510
-266
-421
35
-623
-751
47
887
-328
143
502
-152
69
-867
753
-294
611
-248
611
-731
704
-391
264
-196
188
-373
481
968
557
-198
-499
-447
975
-150
-749
-839
-551
801
-884
132
284
514
-99
215
180
-889
-238
540
193
-486
759
799
-945
256
-657
377
161
419
-152
854
124
-150
-794
-587
319
-201
-373
811
-207
-948
168
-92
-845
-629
-115
-200
84
-759
-180
-42
-797
206
364
448
-481
396
473
194
875
106
649
-464
-883
316
442
-853
565
-192
-218
751
-741
-537
264
-148
913
-419
-311
-1
551
232
643
-595
750
633
359
155
452
-526
-855
989
174
581
-759
889
-156
404
-819
839
-411
426
-247
136
348
-924
369
591
714
-258
581
-832
131
-170
-101
212
437
-817
843
598
770
-539
-29
-435
255
-233
75
967
-60
406
-125
670
980
-520
-136
-839
-377
-471
773
66
-861
912
438
623
-6
-311
-664
-913
-980
-124
973
212
444
-615
587
487
192
-443
-204
-820
-621
-858
800
-461
-187
-208
870
504
-606
-679
938
-136
31
-137
-352
528
-848
-284
79
-621
407
-981
-960
328
-456
-654
-763
-770
904
-477
39
-291
883
41
-648
715
-964
867
488
487
383
376
-190
-475
163
408
-442
-137
-229
-21
562
-540
587
408
-375
-569
-728
-876
-602
-25
24
917
57
958
-535
737
543
825
-899
536
977
59
-221
459
-973
-546
545
-521
845
407
-99
114
-250
-172
-341
897
699
-123
849
-317
-512
-27
-298
-258
45
-781
296
740
986
-831
-147
-143
165
-984
514
804
240
-90
-433
-360
-744
-506
75
989
639
154
-148
520
859
566
982
-252
680
796
885
-589
-536
-80
-650
21
-629
-456
-929
-157
-6
386
623
681
156
258
-336
110
-148
550
-679
449
-14
919
-416
625
-307
542
349
-855
34
-543
297
-361
-754
-439
-683
-328
-393
513
-489
529
273
-403
-48
-724
-419
-763
-663
-595
-900
-292
-21
976
81
545
-595
-494
628
545
-264
408
-510
167
-329
-353
-654
514
-646
545
-717
-639
362
-271
-623
269
711
-781
-890
-157
-116
11
-419
-979
532
16
641
-549
550
861
-860
787
364
548
-276
-29
-926
879
-56
399
697
549
193
-917
-565
-924
-693
678
553
-335
363
-767
-161
-262
-158
-373
-887
804
-905
-982
-496
-714
162
680
333
-911
-971
-40
382
858
821
-29
806
-426
902
356
126
593
-874
956
793
74
799
642
-122
-305
-192
-357
-498
-848
-203
785
941
-461
-686
436
-34
-780
591
-694
-801
-26
253
180
84
-454
551
302
-777
874
516
-446
93
-93
-856
571
963
589
154
833
855
153
-816
69
-380
470
-313
378
-603
607
95
750
-374
-604
915
900
72
-124
918
832
667
-780
-535
94
-601
654
505
927
-212
-935
69
-832
-312
721
445
-295
-298
739
694
-688
804
632
298
-969
-878
-181
364
-456
566
-328
-839
-581
-787
-958
-726
-766
940
385
806
-990
-76
-697
-316
766
420
-418
942
-495
-264
-800
930
-232
-864
225
994
538
-133
493
-69
309
914
778
-974
629
753
617
-214
-477
-928
31
211
-119
-208
650
-644
654
640
514
457
658
-801
-2
-64
551
780
944
-979
-806
-22
622
-619
-963
831
-82
-665
210
-164
-419
-162
566
342
-52
452
-729
578
295
-495
83
224
915
-879
319
670
932
-509
49
-818
-520
813
267
50
468
797
613
99
-807
714
277
-512
546
-550
-371
-700
-948
909
-655
272
-270
598
803
824
-140
281
909
650
532
400
474
296
462
-873
770
375
801
-584
449
480
-547
993
242
595
459
-991
-835
220
-125
706
-758
702
126
-897
-720
-789
-518
-457
-289
358
515
-6
-762
-305
212
320
-334
77
314
-439
-220
171
496
623
366
-663
364
-393
714
-125
422
871
118
446
-368
-767
-944
-306
551
-451
-103
-250
-571
-650
-631
-137
-945
-933
-512
-375
-158
-699
-812
-233
133
999
-596
-988
923
241
-872
-724
71
-448
-326
534
172
-992
469
-667
-31
705
-512
-114
141
871
231
675
-28
955
-1
-738
-866
-385
980
-294
-624
-609
-175
282
-150
-525
-822
109
-308
-575
-471
121
-315
703
-780
-364
-726
-346
-489
-670
48
-286
-108
-295
-314
38
563
352
-271
-548
-89
390
-907
650
288
719
61
192
-218
376
-552
510
328
124
-480
435
-175
703
-456
-432
915
-745
897
394
-813
-869
937
-98
673
-780
-799
16
-157
-208
-759
-932
-771
-971
-726
573
-690
-94
815
-357
506
849
449
959
32
329
718
658
-25
816
-555
644
618
14
-591
649
-467
140
928
814
362
-596
270
889
653
578
291
-883
-184
-337
-651
188
676
-194
-293
312
245
247
-224
-78
-712
-654
896
-364
-229
918
-621
906
-775
607
866
826
529
109
538
612
195
169
524
-363
-602
-493
607
-890
24
102
83
129
-797
397
-877
515
296
-1
-458
-195
268
-682
721
-235
571
-274
-371
-807
-819
-520
464
83
-717
-690
443
72
-978
-127
463
43
685
-274
253
991
320
-961
-663
713
-690
445
650
211
-401
547
49
925
-249
-865
-797
-33
-480
-303
-12
889
-782
-330
-174
-21
994
142
235
-976
-940
-343
-244
853
974
304
616
856
331
-272
-687
219
-455
-847
37
280
912
-123
-792
-321
863
652
554
250
164
84
-219
193
135
334
-634
-247
643
-325
-539
744
115
-170
802
228
-970
42
430
585
-994
36
291
-279
-342
724
625
733
-387
-547
727
346
-165
924
682
-833
497
-507
-956
-965
158
536
-516
-933
-831
-61
589
865
-944
-255
598
-432
482
480
-786
852
-534
592
-942
206
448
-905
-835
-995
622
-686
451
-519
52
-10
201
-248
-584
901
484
3
-739
796
-932
243
911
-712
-995
229
-919
-760
-805
-371
627
158
-881
-826
-213
16
-878
71
-658
299
-636
-30
947
-425
-726
742
501
277
-526
868
684
516
804
62
806
19
710
619
-10
-990
204
552
-823
-431
-837
744
658
-950
169
428
-319
26
-222
846
-44
986
-135
183
-502
-580
649
-319
-976
897
-265
-202
-166
503
-361
-601
847
288
471
-919
945
301
-965
25
-632
-503
-314
112
-869
-989
-559
-142
-918
372
-884
833
362
398
735
526
-338
101
-357
-705
318
999
65
-596
-857
-906
-898
-44
-417
-777
755
-964
-301
-221
877
727
-322
587
549
370
952
-136
453
-746
-662
352
997
-64
457
-443
-654
-3
-713
-185
299
527
-527
-374
-809
797
533
-14
-618
614
421
250
658
949
881
-683
33
369
596
-452
442
-884
-947
437
-814
715
-841
628
-606
996
-745
412
-329
-989
307
750
869
-856
-534
386
-935
314
931
260
-391
927
-971
597
-518
931
720
-782
271
965
-25
-350
-920
322
-997
792
542
-519
-347
-104
-279
413
-721
-905
141
889
-897
700
-385
-915
449
658
-793
-713
-224
-609
516
-163
-159
-97
-442
-409
141
-407
556
810
-503
-989
-614
350
963
-894
583
48
730
201
-335
-204
58
-958
509
-781
499
-981
-177
466
-218
280
274
883
-677
-825
100
-956
-110
16
-623
374
-476
10
-469
936
-827
75
-93
145
-824
-664
726
-883
174
-406
-713
959
-803
-862
485
-188
-534
403
-343
-360
803
-499
-66
-750
-422
346
-739
938
-255
-127
979
427
-129
-88
514
-92
669
-569
689
776
-832
904
912
981
819
-646
-259
306
-736
-636
-100
913
282
166
39
-908
-646
108
977
876
-331
780
-584
-548
-650
-754
7
-68
-499
443
453
873
835
-242
-578
938
233
-600
299
702
-195
-672
-560
-655
-441
823
194
621
-906
168
772
-3
610
-466
-419
125
-514
-223
519
349
92
-632
-10
405
796
-270
-190
-830
-205
-416
771
-3
-60
-759
297
-163
669
-463
998
-253
865
-428
-296
36
-915
637
-154
500
793
-541
533
620
-834
850
-232
-626
-898
343
-717
-352
628
629
938
-92
-7
-618
-325
-520
-688
603
-972
745
495
964
786
-958
330
331
871
-525
-147
-614
727
-355
870
-963
479
457
-99
-734
259
-248
18
-147
259
-923
753
24
-327
935
-349
248
-639
-45
-332
186
677
926
-691
-212
52
111
206
-999
-113
-829
778
508
-752
299
798
-986
-73
559
-689
570
130
246
143
-635
-249
-787
-852
-245
290
597
885
-580
598
-982
-502
-746
-414
813
783
68
849
339
-468
84
621
-570
-268
-857
610
-39
160
209
-741
553
-600
-64
-229
-913
653
-807
553
-989
22
957
-679
-982
-491
395
435
799
-412
512
-669
704
-30
-407
972
863
36
249
-855
-983
569
-123
-958
-604
-705
-323
23
-111
300
-506
-500
-816
442
-542
-143
-29
433
-32
269
-789
-270
416
199
159
-242
-593
-80
843
-175
-656
496
-172
463
-180
-661
-231
793
-976
-992
358
539
-507
-370
-350
485
141
-957
265
-860
745
-813
-908
-948
-104
49
979
-715
-247
349
748
975
913
-806
-883
932
-616
251
-130
-952
430
-967
-414
-209
379
-989
204
859
164
819
-929
-528
-838
-471
765
-345
188
150
-639
-933
92
727
88
-493
175
-276
985
540
990
-876
-874
323
602
855
-230
188
989
672
866
-238
-773
-172
457
-485
-234
-525
332
-282
-799
-54
492
980
-788
147
881
-223
-209
266
427
-99
978
380
-460
-837
937
-930
-110
-186
621
-969
200
603
772
107
-468
-537
387
965
259
973
522
-847
-887
788
685
-685
-627
-981
659
791
-680
-358
-856
-490
766
983
669
-735
-579
-143
-705
494
931
-180
-635
572
668
41
-733
116
-552
833
-885
-882
-741
847
-381
493
894
-57
977
-424
-364
903
931
-458
-217
-984
-596
-667
-192
-800
937
375
-843
472
305
-982
812
341
698
307
-18
-410
9
-986
903
-136
-511
452
-182
-807
-19
-47
897
743
-632
-560
418
212
-823
-642
-34
281
-819
216
627
-204
829
-38
657
911
734
-826
169
-802
-682
-356
-448
133
380
844
84
-364
185
181
38
192
363
-551
421
-34
-807
847
-933
975
-16
260
721
-269
491
288
-530
747
-495
-543
-196
-273
-679
-970
619
-888
360
-999
687
748
-405
-87
-859
628
928
595
963
491
686
-163
77
-491
742
560
-493
105
433
399
-328
109
696
104
-979
925
-845
-875
-548
839
-199
511
-959
950
-282
481
-174
680
43
-972
-544
-898
335
156
-619
352
-846
-178
381
-149
-414
220
-574
-279
-857
751
527
379
-422
800
966
740
-701
-29
-227
501
718
720
-718
-656
575
751
448
-932
-899
-497
586
181
10
-876
-460
412
355
-469
977
-910
-62
586
-682
-483
-543
297
701
516
777
-713
-266
701
-808
-789
937
673
-271
712
-169
-328
669
-773
990
-234
768
548
-134
-591
-297
799
648
494
-451
942
134
-281
-260
773
775
-516
-400
-303
226
131
151
-426
-982
-371
-763
883
425
726
500
84
821
888
953
212
948
269
434
-243
-356
799
-853
-914
35
-785
-609
-201
-395
334
108
260
372
826
95
420
218
-488
447
581
-423
-997
246
749
212
687
697
-489
-617
117
-488
-231
48
715
-47
926
17
-618
447
-300
-755
303
624
308
-768
215
-411
602
-868
72
562
-352
845
874
-411
331
-962
575
499
-303
-315
204
-834
-58
-855
228
899
-382
-732
-398
-833
912
483
-894
-222
965
954
-899
-20
283
-492
848
-109
-934
-775
-184
-537
-382
-72
-820
-564
-969
-45
-570
-841
681
826
-881
788
494
-704
-10
-412
303
730
989
-764
28
-282
-831
-728
-452
328
-572
374
774
575
-344
927
917
-586
-279
825
-741
38
296
-873
389
-680
16
-166
-921
-7
-985
-704
148
-793
-813
683
267
312
662
-211
-575
-423
695
-305
328
-700
-738
-591
169
731
-100
-501
83
784
-539
-734
-145
-697
171
-201
943
979
-40
-983
-861
205
-905
283
984
148
-896
880
-386
-674
654
450
660
108
-193
738
466
411
328
441
130
631
33
845
-213
794
-924
464
-164
994
-562
-174
514
-815
319
791
-906
782
-508
-12
278
24
-66
306
-514
27
-530
884
83
395
768
-635
380
-243
-239
-805
493
-266
911
-119
353
-950
859
304
-141
470
-691
212
-183
-998
5
301
-978
-130
-359
36
-54
-91
-464
910
625
303
-487
-635
101
264
-695
401
248
-178
-929
821
-414
-608
-618
-810
987
-687
647
-601
789
-580
823
-993
745
-606
-748
316
413
894
-648
-847
735
858
-856
-245
65
986
-293
-831
161
966
474
-391
-685
454
33
568
-755
-794
-145
-159
127
-552
-705
-705
-259
-648
-925
510
-470
251
-390
-557
-190
-47
383
731
500
-967
-50
-527
779
531
-190
-854
472
-495
848
-502
-514
-569
-198
-295
25
962
-143
848
795
-43
58
573
197
878
971
-505
-18
-137
-973
-709
211
-856
515
596
139
841
61
-391
-906
117
-809
993
530
939
-900
274
553
-242
-48
198
-886
-356
397
830
-286
188
414
-783
215
864
-552
-915
-975
586
464
303
261
539
13
-995
-289
-793
139
-80
-420
564
-615
303
626
49
576
54
428
946
-752
390
405
298
584
-571
96
-350
114
6
-14
469
-311
-460
381
-146
-665
-744
121
-55
-896
-341
433
630
837
309
936
989
-107
355
518
843
550
-90
754
410
860
616
-978
-210
260
-182
890
236
672
-919
982
421
-881
512
887
-96
-1000
150
341
-858
579
872
655
711
292
193
203
-838
-651
69
-626
641
831
-851
-92
891
356
589
-563
-13
972
402
916
197
-135
519
333
129
121
822
-165
-536
249
-757
-261
627
513
52
112
628
-353
-811
428
-556
-733
-935
-409
11
421
338
79
-722
366
33
733
802
233
-143
160
-690
551
-386
168
-929
105
547
768
534
398
193
89
-564
-886
-5
0
469
-161
270
923
-94
602
191
373
336
-436
268
-541
543
-653
-108
-398
317
-715
-542
-657
960
425
581
979
802
-350
-277
969
886
-456
-5
-546
-262
-252
290
-205
709
88
982
82
927
746
-74
635
-944
107
-830
-375
176
-457
-185
-234
126
251
-558
-521
908
974
166
757
-344
-514
985
-502
949
409
681
453
-41
740
-981
729
462
-102
-524
632
202
-779
656
135
637
-974
-112
-97
238
-92
-175
416
-951
-56
-649
-591
899
496
537
888
-420
-385
277
786
429
352
356
16
-127
291
328
-593
112
260
-238
50
662
233
-399
-802
-509
-775
485
-78
-389
-284
161
609
110
962
-450
429
289
-820
-532
737
411
993
915
922
-676
438
376
580
-857
718
44
381
801
209
-562
72
-46
924
17
-991
-248
-363
-40
488
-678
-552
-915
-277
762
-413
-703
452
980
619
429
28
35
969
648
554
387
437
513
-883
-47
109
-196
-959
-258
786
-534
1
-302
-577
48
-406
-962
-506
-278
872
506
-359
-1000
608
-164
2
-234
280
-646
-128
74
-458
-25
62
263
-284
953
194
190
-483
92
-193
-412
-601
623
-313
-914
-323
715
160
792
455
-28
433
502
952
9
-134
642
756
533
-66
212
220
-536
-98
352
919
911
-766
-728
-737
799
182
2
-906
-446
-896
677
-637
744
970
493
-372
-786
528
270
193
300
999
-91
-909
-952
-265
425
-417
-215
231
-752
763
598
-892
111
-244
-980
-947
538
369
430
510
441
64
-649
-217
-245
-901
987
-759
20
815
-213
-148
578
-151
-969
-336
782
548
446
-578
-947
-205
-942
-551
278
791
86
-985
-834
846
553
230
-289
-390
972
589
519
921
-961
-400
-740
-59
58
-49
-578
-550
951
540
597
639
-403
-25
809
259
566
439
385
886
-782
279
3
-143
-347
923
-678
-142
396
-594
5
-952
125
586
-277
-168
-740
194
253
-150
234
-977
-140
67
-777
37
954
-113
104
-702
-108
-22
-284
179
-436
-532
936
722
14
399
-693
223
328
478
171
-726
356
-388
-106
619
2
-627
661
814
190
-283
739
-130
498
-453
827
77
372
-902
399
-259
-689
996
869
942
927
-477
-580
-252
-714
206
-916
388
908
-908
-997
348
-445
296
940
-660
-24
761
-766
-75
-187
-500
-893
-4
52
-952
-233
74
-258
-242
-944
-973
-222
691
611
-735
-95
652
-396
-483
533
-875
-944
170
-270
-418
52
-946
-731
-174
123
-835
-663
917
628
-220
-296
-423
-590
-178
430
253
-196
310
410
-301
-11
-358
-962
-36
-137
441
-171
-653
-904
969
-700
-574
127
-361
873
-907
560
-772
-832
601
530
888
869
-80
241
317
899
757
-577
-773
-437
-922
902
-781
16
-973
569
-341
-1
-383
-232
-531
525
842
-254
-356
-584
53
-859
-460
-833
-322
-223
396
829
-46
586
-677
-207
938
380
-172
665
513
297
256
589
-781
-690
199
-200
516
612
314
720
458
-174
431
-89
200
-321
154
314
535
165
885
167
947
977
12
-997
64
-681
-249
953
248
371
261
679
66
538
-191
-142
223
-65
-188
626
-588
513
983
889
207
65
482
-508
921
962
102
820
-137
-279
532
918
-836
-652
296
-498
974
-601
229
-333
-125
-959
-514
419
936
-691
-577
-473
61
-620
886
434
977
864
688
723
758
76
452
266
-495
-329
454
38
256
-169
-502
236
-456
730
-938
-43
490
-809
-910
927
961
-413
-258
-365
666
624
-176
438
832
-176
-664
761
116
-793
-446
555
-26
-946
984
415
-702
212
17
664
921
-449
186
-640
-373
48
352
680
574
245
-249
874
-834
503
793
-950
-735
-124
-546
667
-923
343
-75
398
-743
323
173
-299
-267
-769
-926
-875
550
59
-473
602
858
-704
-660
868
276
598
204
-481
-931
959
982
401
-680
-480
-906
-723
991
368
-160
4
-865
-695
-344
-869
-371
876
-320
-233
-573
-79
-545
-139
-709
796
-646
726
-377
-6
-526
56
-277
-53
-789
-528
408
-470
-396
-302
805
-521
855
611
572
-571
750
710
-690
79
848
851
-524
-26
-505
-618
-989
150
111
-813
-837
822
942
71
-484
302
-502
-711
694
739
-789
656
427
-642
863
766
771
491
307
-374
-244
-148
277
203
-724
-83
883
304
229
-941
-401
541
835
494
-702
832
-187
-210
-807
-734
-203
161
-143
857
582
-598
619
-231
-391
-98
395
682
-516
647
611
-123
912
-997
-105
-215
181
-425
-851
-758
180
821
883
441
-760
269
-884
-242
-342
-760
40
322
392
-129
879
697
-750
-814
-614
796
-32
-267
-897
549
-701
612
-505
227
327
791
493
-226
-527
32
933
-284
-709
-655
374
578
73
427
566
622
999
274
-768
-479
-383
492
-652
-30
958
-616
156
-883
-550
-773
567
691
367
-107
20
363
-257
-414
140
-874
273
429
731
320
501
-913
-643
-269
310
85
-462
869
811
463
13
225
569
-75
-737
-653
217
-108
186
637
305
838
-747
7
-62
-144
-917
819
590
805
-832
-2
-508
887
-126
-109
-455
701
135
826
436
129
-839
413
-267
160
-293
762
211
-524
406
-267
754
447
-636
-667
270
733
440
623
-826
348
-120
-864
967
168
377
691
-12
-385
646
370
-945
35
652
985
-569
-162
-156
-713
-738
767
-499
-354
-715
226
486
297
598
-546
342
-499
-386
728
120
168
-811
-667
662
-841
459
45
-224
-845
-975
-133
985
299
-895
-383
79
-323
-661
-792
-395
-451
78
-603
-706
88
399
55
-696
-653
728
892
-173
-692
336
-557
-595
-590
291
-371
-149
-911
398
957
214
-891
-967
-450
895
160
785
692
448
-986
913
810
-15
-267
476
-661
-892
-141
-582
220
749
-881
541
550
-63
-327
-146
-847
-374
-562
-503
460
-267
-468
-478
234
-711
-892
946
822
-733
-675
866
71
226
-380
-446
590
780
1
791
556
-181
-554
-881
753
-680
-543
354
-721
66
688
679
301
667
916
303
823
-336
973
354
-653
802
661
293
382
-330
-502
261
-315
-635
-509
451
480
-448
51
-213
408
437
795
-14
-215
-58
-214
-293
371
780
-768
519
203
776
-448
487
-994
529
516
-833
-123
-193
906
344
595
963
-677
754
124
-351
76
21
480
-133
-242
434
101
-677
273
-149
739
-148
-43
-517
888
-730
-80
947
140
-844
-20
402
-258
260
88
224
-947
906
462
-760
212
785
149
-80
-787
303
-787
-746
-474
900
967
168
224
-289
727
752
-732
-403
-62
939
-768
-705
561
484
-113
-537
280
-703
551
-850
-912
-615
-468
-155
496
401
-462
-554
-149
-462
-433
486
-222
57
-369
377
874
379
337
-990
776
162
-545
-10
521
840
-21
-196
15
-1
852
-605
949
-246
408
-657
-765
540
-733
-430
237
-645
438
883
-42
224
-653
734
514
-354
-875
824
-632
941
684
237
87
514
630
551
-512
-563
-807
-115
-80
654
348
294
305
-588
854
40
407
804
-98
-126
-187
-558
-159
850
514
-241
-910
-909
-714
-112
-964
-105
894
70
179
-643
-449
-625
233
527
-681
-567
-884
-741
767
-786
988
-452
844
400
-309
740
-763
323
-307
-936
-817
-639
-210
856
-220
94
-477
-646
899
665
680
145
992
-453
457
-657
124
95
924
612
-33
990
-821
130
898
5
-432
95
985
-186
-646
950
-35
-104
-596
986
-856
748
-589
824
-135
-355
-280
-552
792
-93
28
-305
660
-92
-192
-187
551
-249
759
-514
-261
-809
851
-345
757
-224
204
814
-384
265
-529
-354
-491
-963
579
-202
-858
616
743
-43
794
-485
279
37
722
-131
-115
1
42
-130
515
-557
-996
-536
-793
255
-194
-76
-904
246
443
614
-691
-473
-497
-761
693
136
-916
621
-791
-419
986
825
765
-861
-20
-84
325
556
29
198
-540
247
-376
-83
928
875
935
-441
914
-208
-732
21
-887
538
-469
-132
910
258
288
608
65
179
-83
127
659
542
-940
247
509
-917
-189
997
-722
397
101
-85
-702
-448
196
253
-451
977
-499
-583
-89
-214
76
592
-63
24
-586
661
949
875
-170
-479
892
-214
-33
193
362
897
-592
-467
147
-264
-203
-91
785
1
-374
-215
-515
-83
-406
-58
443
-277
390
-664
610
958
466
641
-360
810
345
580
-899
619
-928
142
-898
-766
-24
658
954
317
-803
-1
625
-334
268
-831
391
104
-799
64
-760
-654
-722
904
6
-968
775
870
-994
691
154
-356
-439
469
253
210
942
-109
528
-519
-187
-655
481
-195
-826
296
942
790
431
902
869
-101
-12
-558
375
-796
-511
218
219
-230
-149
155
446
813
389
764
952
-879
-913
-696
523
534
-552
-938
-459
659
708
-410
948
-113
-472
-438
-663
-533
-974
-49
-11
767
166
359
-992
832
-749
-907
808
-246
-27
-300
-538
896
-621
115
413
-259
-168
257
-756
534
-193
-143
515
-274
-57
-806
370
-203
950
670
-84
-850
-534
-75
-342
892
91
677
-324
-920
556
912
-293
817
-336
-646
890
657
-439
-586
379
104
-149
76
-706
-952
-33
-103
-813
-500
-220
419
-367
-539
176
-442
-817
-142
-859
112
223
-869
-962
-346
-757
490
680
225
311
327
254
-871
-970
-97
-676
988
-919
-176
821
-630
786
-285
96
-448
-409
-585
13
976
753
566
-362
-919
-876
566
240
408
-55
-290
-623
619
359
818
155
877
-847
734
-10
52
-360
-37
-36
227
561
-639
-962
-5
466
-775
-108
-747
645
-148
50
869
655
-226
-394
476
730
609
-835
-404
-817
-88
-523
456
879
-247
-755
-808
864
813
777
-986
469
855
162
504
-602
126
378
-134
-993
-487
-899
-473
-796
86
19
884
-798
359
-462
121
-63
-886
112
-451
-330
-188
918
541
-668
-391
