7135
346
327
365
-880
-4
-87
-631
-780
285
-853
-854
683
-27
180
542
-211
-895
-562
382
400
-414
-535
-45
380
-718
697
-557
-117
-98
731
-473
412
-876
-443
-630
-842
538
442
-64
106
-472
301
128
-975
244
-915
288
612
-472
-1
763
603
-750
106
642
621
-968
-997
-196
182
-587
328
91
582
-331
-446
-211
-58
953
-205
219
662
855
-825
306
-94
-767
920
-485
-173
-448
-191
57
337
-371
148
-545
-986
715
518
635
894
-523
-584
371
-837
784
-543
-389
-251
-596
103
-641
990
-932
-3
867
-157
-816
-506
293
-818
811
-168
-692
-232
-186
363
-161
573
-208
272
52
-760
-656
-481
83
-979
-135
744
519
949
-584
-693
801
468
-371
-620
-440
-714
388
462
-335
760
-321
712
-570
-316
-830
-972
358
-588
-6
-804
74
-953
666
-464
-641
-543
-188
570
405
828
-607
611
851
797
-435
-258
916
130
-478
-367
418
311
-945
-779
925
263
948
947
-840
-65
765
-610
209
-641
-791
703
-773
106
629
315
-198
461
-982
-62
-22
-644
480
-848
-100
-552
-691
278
333
-355
719
-237
773
-697
-79
427
-615
436
765
-710
686
181
446
386
555
366
-79
-385
873
-723
936
828
-870
-201
426
-593
226
-226
-661
383
-265
542
995
-666
929
-745
685
385
-787
-827
-962
820
788
27
176
970
-29
47
187
650
-489
-210
831
-442
678
960
703
173
589
310
557
768
482
-384
271
242
-475
-517
91
584
-792
168
597
-720
7
-89
-767
653
950
-94
-986
-192
343
838
322
67
980
284
-956
672
-338
919
-966
462
547
901
775
-69
262
744
464
-827
-626
-49
964
-670
-516
-403
870
863
714
-245
312
69
13
-295
-218
984
-105
991
76
122
316
-494
580
-483
270
595
-32
-971
743
-639
960
539
434
606
-863
302
-793
415
-221
275
-431
573
196
766
-146
-439
-850
-599
178
461
890
433
488
-867
-192
-448
199
-484
-515
868
-772
442
47
-129
826
-933
-977
72
-630
819
-229
878
-159
-866
-433
-51
-115
860
319
41
59
713
-716
247
792
-181
-767
-725
-687
-876
49
-436
458
-504
960
-316
-664
-824
722
740
-964
-100
627
628
-756
864
635
247
-145
277
-371
-467
-556
808
-178
-766
783
-288
-131
435
-334
-143
771
-895
597
-435
631
351
385
-470
990
38
590
831
-514
-665
-633
-888
-210
-432
311
553
172
-168
274
-306
922
-860
674
-575
565
508
-259
-987
-908
424
-993
-64
-758
-589
-807
85
-585
-862
-378
623
-703
-34
-570
521
-421
-948
-231
-598
911
286
-695
159
349
739
404
673
-560
649
245
-923
-855
979
94
242
-757
661
181
77
146
428
-568
-432
272
107
-147
-7
-842
112
-550
-434
-37
-204
-947
47
-612
482
634
564
512
847
32
181
167
935
566
616
526
489
311
117
-446
264
-586
-58
-193
498
-192
-246
211
478
-835
-887
691
-754
226
-479
938
-956
39
174
-502
-15
-736
537
-576
200
-422
775
377
-254
131
306
746
-182
790
-314
-111
-152
227
-927
854
-69
-169
-547
557
399
76
650
650
991
-897
900
449
-892
-806
884
42
283
894
-509
846
644
831
-184
848
-745
684
50
378
833
89
-862
-157
-260
667
208
538
476
-465
-370
-718
326
583
-551
490
-869
-702
907
-88
194
519
-178
-495
596
862
139
759
-239
715
-367
-464
608
520
113
-641
131
-163
965
257
-695
-785
625
-970
-948
-14
-687
473
923
-980
-558
-834
115
456
862
-728
598
228
-897
756
797
-57
-444
549
-663
274
65
-276
661
722
-240
372
-312
-513
710
488
327
21
-415
-990
887
412
173
-336
-784
-762
998
-395
-963
468
-281
-375
719
-491
801
590
642
-835
-873
480
599
574
694
920
-944
-347
-974
190
-566
-941
-804
-280
-716
902
176
-957
303
-716
-662
428
638
292
280
460
396
-264
-965
238
412
-309
-121
334
-485
-493
-438
96
-621
963
89
-774
-167
-80
742
-609
-666
494
-626
553
-318
918
415
482
700
-970
-954
-240
902
-11
182
10
-563
-95
-555
283
-233
231
736
-431
261
-562
143
-14
440
913
307
-531
-352
855
716
-312
783
625
936
747
-581
799
-875
-936
787
527
199
438
617
131
36
905
-114
814
893
-929
-181
-997
-456
681
-21
953
-648
-604
-666
23
-738
-109
296
-984
-887
-869
-255
-925
56
-917
-923
-885
-64
-395
707
-27
506
-819
579
75
-140
798
505
540
71
-13
-490
941
-696
697
-403
160
472
590
195
-368
-794
101
367
-618
-875
-598
-974
-149
-488
-244
528
11
825
780
-964
-574
-855
-783
130
790
-319
885
-451
160
-137
447
-695
-120
-19
781
-94
-900
532
526
-100
508
78
-246
-292
774
-832
-33
-61
-583
502
105
-741
-664
288
-148
-998
109
74
849
436
-713
-230
-405
-115
209
706
229
-213
832
278
-6
-998
-391
-665
752
-215
-803
238
-367
337
-669
-652
984
-698
-112
-290
-395
390
-43
-890
189
111
180
-828
-623
61
288
-453
568
-783
81
-992
860
765
-751
790
-770
171
534
485
503
-786
860
57
765
160
-978
-250
158
-902
65
-904
-693
194
-530
-487
-588
-786
729
476
268
-360
290
-249
-39
-838
-264
205
-230
-552
981
-119
-587
828
-342
-633
940
-67
55
-164
-261
-519
983
-890
481
-751
566
77
953
116
-848
-647
-44
467
584
829
516
564
689
450
119
-749
957
-514
846
-478
303
-365
-119
464
-657
-972
-14
984
890
946
82
-16
754
181
-316
754
697
645
548
392
662
-199
-414
160
-94
-858
-615
399
-510
761
-377
210
321
161
-487
-753
632
691
-971
-518
-211
-192
-685
-940
726
-700
40
-467
472
469
688
858
-352
-148
423
386
397
-976
357
530
169
797
820
-128
-350
100
-257
-899
633
-756
40
724
-619
-426
-10
239
-699
974
250
-200
737
237
-900
589
475
-932
-921
477
136
627
605
-705
741
575
-424
-495
-841
193
367
414
547
339
-111
-775
-393
86
817
-90
3
56
-755
808
-793
625
493
165
923
-324
-795
-187
-731
946
999
473
410
-511
-680
729
-204
-164
-803
-730
-692
525
-990
-146
-427
790
-570
-515
-939
436
-873
-592
-384
-668
725
582
-46
-768
-538
847
-311
898
534
-346
653
-503
936
-677
-755
-199
365
729
-520
925
-17
-74
692
632
-709
-775
-34
-343
-630
-43
814
92
-118
340
950
-452
61
527
184
423
222
-823
673
235
-245
-820
-426
652
739
587
969
-537
30
-474
-984
416
915
-116
50
104
-822
235
-937
-405
15
-541
939
965
-673
376
-522
484
355
534
-325
569
-970
367
163
680
164
864
-107
287
913
913
-923
964
786
955
-506
151
-180
-891
637
-570
-376
-457
-924
958
-608
463
151
-689
-823
-559
-226
553
44
-631
312
-685
626
-564
-880
666
-996
636
-129
774
733
859
-578
360
-780
-601
-859
-768
569
-988
69
444
851
743
-33
-118
-476
830
431
270
-109
-323
-504
-545
-861
-621
93
-437
-780
731
-247
-37
742
-162
-52
98
534
118
-381
-801
71
-322
611
-991
206
-651
-623
-694
-423
-415
-479
-212
-356
79
713
928
-806
585
-144
-666
-403
-911
-631
71
355
810
-90
262
-75
-906
539
517
-508
-807
289
67
18
252
-845
-205
-421
-930
-424
-808
206
373
285
-68
395
-558
190
-432
-741
-606
-47
-578
-25
-847
192
-150
-378
-198
-127
-713
454
841
-381
-699
-138
-367
887
936
-627
345
-39
-763
75
993
889
645
795
658
411
284
673
451
-681
-349
870
-23
-211
-79
988
566
825
104
-272
610
-146
556
-836
215
547
47
502
-586
-729
-377
-280
663
98
-447
924
-835
-423
334
-220
-88
-547
507
-908
100
769
-369
413
-145
454
-962
982
88
-90
667
8
-157
937
634
-185
-727
374
242
-696
-852
954
-431
532
-312
958
-246
-776
-252
504
-790
677
-24
-975
857
-86
-631
-498
-213
-916
-544
-339
-266
80
360
958
-706
357
-954
859
-901
769
-941
550
-532
790
-555
-930
21
864
-820
-915
-732
-531
680
-192
402
-726
967
-76
-300
-985
-996
-119
-367
-442
43
230
-98
5
401
938
501
564
673
-662
-651
-219
57
-309
610
929
643
-338
333
-719
-921
-477
798
415
-242
443
-659
41
881
-274
209
622
-496
-875
-592
185
814
758
-427
504
26
-742
463
408
584
-148
165
-962
-434
160
-264
324
891
-867
-831
-466
-623
-408
-806
744
-61
-193
633
334
-390
623
454
-569
818
355
-963
-145
721
969
-209
-544
823
98
-141
796
240
998
-934
-134
-313
402
560
-742
709
176
398
358
-9
688
-723
696
-515
520
-283
50
95
-875
-621
-450
-742
-467
265
-446
-152
-797
767
383
-18
806
311
-729
254
-121
270
-984
701
389
31
377
-833
150
641
-720
622
516
-335
-2
506
289
-726
936
74
841
-960
-765
-112
563
141
-934
907
403
-957
-33
22
63
-865
-212
254
-564
-881
-347
-847
-124
-278
-612
-447
-458
621
223
551
171
583
-894
805
512
-470
-475
612
917
-767
-525
-4
-80
225
982
18
-865
504
601
-741
857
146
108
-705
-385
267
-418
169
-972
831
-918
395
118
-164
-992
-738
-824
-983
414
-202
-179
-224
-677
-748
83
-826
-831
486
-6
-772
821
377
575
590
-877
463
170
-936
-870
-821
-192
249
354
-712
-58
-529
-923
-71
-381
-910
673
556
-560
717
-279
376
-322
214
50
-442
-268
-1
881
540
84
-299
63
-221
-951
-250
102
-902
-432
96
90
-573
943
-92
471
-68
934
-935
-334
440
737
-740
815
-932
-697
949
-49
-474
-398
-427
820
-346
-949
-676
-285
881
1
312
-397
26
870
-809
712
-735
214
-627
-297
-296
-779
-591
630
64
580
-654
18
-861
-336
695
987
-534
-233
467
-512
350
823
-857
99
-373
613
338
-376
-95
-521
-60
287
84
-881
-960
-756
548
-124
-81
655
-41
174
-751
37
-575
142
-993
858
-890
-40
-644
969
-858
-50
-518
19
871
42
-152
71
129
-25
153
707
-910
701
-320
-840
641
679
599
723
112
419
383
669
395
-555
722
-495
-578
-488
836
-667
994
-350
776
39
-265
-493
-833
-587
14
842
523
-711
221
436
-254
-113
182
466
-819
325
-15
357
288
398
853
-535
-796
-718
-170
699
944
934
840
601
247
851
-47
-380
954
870
-211
612
-306
-509
-741
-71
-216
71
-779
713
-891
137
-211
778
-362
-133
-606
990
-7
-13
754
54
-557
-944
9
-91
-999
124
360
18
-355
-611
433
537
405
247
174
879
-760
450
-910
351
-894
339
-569
-730
151
-839
-42
503
-284
-9
790
988
945
697
699
-373
-830
36
688
-304
-483
-545
-65
-500
-538
-648
364
-598
981
-828
290
682
-87
631
597
-868
-201
-564
839
714
-838
-590
486
-206
782
-557
866
-657
-296
-463
-964
-573
-435
-897
-438
-429
67
282
-280
-65
-956
-125
-968
-964
958
-807
-566
-976
-840
583
22
-54
-368
-504
-58
603
-49
850
913
-859
-275
-842
-414
-306
-159
-525
87
849
-831
-95
-139
417
-712
113
-583
779
-971
-658
970
839
-96
-865
-950
666
839
-531
-870
-740
583
748
829
-783
-266
679
-827
-235
-579
92
26
377
-956
-511
409
117
901
-142
617
-295
866
537
-568
-44
994
-504
852
992
-122
-891
-202
-680
122
-93
-903
-490
-233
521
-727
-643
-282
-303
-58
-368
127
495
-489
510
703
235
-773
-869
824
-674
-422
412
322
229
811
510
-977
789
-849
-685
621
-117
-166
826
708
462
146
10
-465
84
-993
907
679
494
595
560
-629
432
-205
-155
460
49
-413
-590
181
507
144
-567
-824
-624
295
-78
-430
-535
163
79
-975
668
980
350
412
90
570
-676
864
-735
-384
-480
908
149
406
171
706
-874
-569
154
-658
-978
-294
-875
866
169
931
264
672
-783
-183
-613
657
-186
659
-337
-46
470
-853
104
142
-962
996
-686
-538
813
440
-287
-850
-655
922
-103
-559
-591
923
-634
-284
710
-136
-935
248
647
864
-128
681
576
418
-655
963
685
-635
643
-459
200
-414
-264
-482
445
-612
-437
-685
551
-640
434
-734
841
791
-880
49
-85
472
-118
-384
-306
474
723
-579
94
-872
71
102
-365
813
-880
888
548
-450
57
-362
-7
-393
-868
-714
-726
381
-774
-58
-390
19
503
124
602
-712
350
-678
-213
-50
969
-16
-300
214
-203
700
540
118
405
572
-796
348
726
84
740
-580
746
-613
-288
-763
-796
-816
103
754
958
-694
72
477
586
-307
-190
414
36
8
774
161
176
-901
363
469
-923
261
-290
448
677
-852
467
640
-680
966
-4
92
-924
228
-987
985
-181
607
538
601
-527
-518
694
-514
-151
-937
233
-403
-901
-747
-44
605
563
39
-332
-210
601
528
-135
422
41
-933
274
342
799
647
-825
-884
241
-721
419
-830
-248
-809
-612
739
59
274
-560
-290
10
641
-771
771
-955
-570
860
922
55
-202
-293
963
-974
-739
-137
248
600
892
-781
-194
467
557
919
650
-174
135
519
833
592
-995
30
-40
994
304
-264
970
-531
21
-567
-1000
-510
-223
381
938
-40
-463
-979
-652
-124
855
-437
-844
710
622
-70
-329
-701
-66
-452
27
955
699
-471
-161
-665
792
-406
55
225
-839
-369
-356
-129
998
659
544
429
363
-790
-865
582
-676
-957
-719
-529
-938
-192
636
-640
-703
783
486
991
145
-603
-329
-853
828
-426
893
387
534
-173
474
161
264
0
760
598
31
337
-435
498
-192
592
-951
64
681
-706
-772
-756
35
308
85
402
244
-188
-763
-811
-608
817
721
920
640
567
390
156
-181
-615
-617
743
-176
-827
659
749
-618
-570
-142
-594
-614
486
-963
716
-792
-466
237
-426
-267
-165
619
-618
-743
671
-201
-956
-198
801
-60
-331
-557
273
465
-988
115
-163
-541
-566
130
425
861
77
15
558
-286
403
260
-334
-895
257
651
415
-786
116
618
611
786
75
601
596
25
-721
565
797
41
48
-771
602
434
-482
-503
-148
-751
865
714
857
-562
-683
396
-861
838
-347
632
659
-557
-222
199
770
902
209
-95
-556
391
271
707
785
451
-863
-769
673
-987
-116
-418
676
-737
237
-48
411
791
119
-685
-970
895
119
482
715
156
-811
-731
-992
-264
537
-858
469
227
-216
196
721
-700
-678
-336
343
782
536
757
-956
734
71
-604
-712
928
620
-179
-81
337
-885
811
-789
-209
-912
182
240
188
-583
-772
699
674
430
841
16
-640
-306
-734
-546
66
839
-590
785
-704
-302
-708
5
589
792
975
-815
911
517
183
247
174
408
912
311
-571
660
-378
-885
950
-266
536
-558
170
-510
-486
92
-186
-915
-582
879
-695
465
-886
-156
338
-911
-532
817
510
-759
-372
356
-754
656
-505
-824
632
-275
-663
-57
-300
611
52
765
583
-773
-900
260
-436
-660
448
577
-386
842
-909
171
226
488
248
-813
609
-293
-644
-636
788
-804
-819
-295
248
89
-407
-507
-511
26
465
771
778
235
812
746
-918
554
344
-611
-910
-913
171
-755
931
-141
-393
-197
-867
-866
-852
173
3
-991
808
124
58
317
906
-472
975
-482
900
-567
-792
535
766
-557
-638
-933
-122
-604
778
-699
374
-98
424
933
334
508
358
-376
352
-622
-834
-670
443
325
529
603
-65
-172
596
723
-401
242
-156
515
741
721
602
82
991
-3
-678
448
663
-78
-587
595
-784
474
-817
-693
492
-377
-37
-748
-213
649
130
24
61
-3
514
654
265
-973
355
-461
-186
874
-699
307
-842
-806
-731
52
851
909
-738
896
609
-245
-148
-547
899
-960
-484
-742
-262
-660
-640
-40
312
-952
79
434
67
704
344
715
981
593
-730
-909
432
-929
-657
-667
-402
563
439
-320
-938
-415
578
528
731
418
535
-872
238
130
-208
-833
836
343
253
388
-717
860
648
591
-699
458
835
485
15
898
-995
-745
220
873
-204
824
-590
288
-331
217
-10
-193
559
-797
-837
254
421
672
21
320
850
-825
604
108
-730
-526
-724
-759
-529
749
809
-667
-301
-802
352
-414
153
-805
57
766
-328
44
-583
509
615
350
899
613
676
-863
-658
-602
848
-961
306
84
967
106
-20
-94
45
544
-159
157
-220
525
127
66
-949
-418
543
877
-848
765
679
-801
741
14
-724
-598
848
-75
676
-515
-707
513
-791
-137
-641
-935
250
201
259
-254
-868
637
261
-150
-851
205
876
-716
-295
225
352
-448
245
-567
556
-922
409
371
718
527
395
-679
-500
769
550
970
801
-651
-486
-813
276
-586
-835
698
-583
-697
574
-409
-783
673
602
-976
-323
889
-904
-465
-112
-373
-225
193
-638
-427
-649
414
432
17
-580
-495
433
-544
671
691
-204
272
312
856
-155
-790
454
437
-594
10
742
763
-886
-164
-830
325
-731
127
976
587
799
-519
-485
-591
-369
135
288
511
932
351
-913
365
727
804
-79
602
-84
245
888
-871
711
803
-462
-791
828
-868
7
176
-465
-743
610
371
361
240
861
-844
828
-425
436
-183
-98
-602
-484
-811
-239
-841
-164
-923
-77
-371
921
233
945
846
0
124
-362
-625
477
498
-222
-726
712
142
-523
942
79
813
891
276
-978
-830
450
-887
443
223
-26
205
46
669
-563
470
-995
-56
-98
-783
-793
-663
781
-969
822
-975
-191
984
-105
79
-937
87
-106
287
975
-446
866
32
-428
-868
815
287
202
504
-533
-987
-49
420
264
-822
-77
-352
872
-700
-316
346
-217
464
386
-473
-62
-933
-190
-353
-267
174
-50
470
-254
772
665
-301
430
634
625
-145
981
-430
733
-277
622
-845
341
-498
-823
448
656
858
868
-701
888
714
-99
-698
-581
842
-878
-530
971
115
436
-171
85
833
362
-606
-465
275
-158
487
-38
-593
-974
279
-10
783
460
354
901
-836
288
-850
-889
421
44
212
-91
-916
-865
-892
-614
-803
347
-331
-997
-740
456
-995
72
-790
-27
506
490
500
-759
-373
-36
40
632
-547
-570
-76
-783
-794
52
-67
676
-840
-347
281
-607
-718
-561
-567
507
-695
-800
903
860
702
-784
648
-238
205
418
-483
-617
-159
73
-532
-242
-505
135
-986
-759
397
-975
-235
808
166
878
660
-756
-578
302
-357
393
-843
-553
309
-791
-823
971
95
222
772
-650
384
319
63
-445
336
-588
562
-947
-442
253
-759
-333
257
-724
-940
-923
195
-813
-997
315
-811
-392
-852
645
939
565
179
-195
310
155
468
-71
-433
279
-808
540
774
-323
-462
716
-952
721
589
-786
646
484
52
365
-104
715
781
-966
-595
-340
-829
-210
973
994
-658
-182
46
-992
-815
127
0
913
16
714
597
-499
188
951
-417
-792
285
-634
-392
-91
-69
267
-712
-536
-792
-993
-681
-823
-515
-12
-256
613
-48
-778
861
238
127
-19
677
-190
27
735
-449
-7
692
755
257
-424
-915
543
-887
-238
-916
-846
-937
-162
-15
-50
646
388
63
14
982
-431
60
-746
583
139
-415
839
-829
-482
510
497
584
-924
318
-445
-288
963
129
910
928
288
-804
55
378
353
-854
300
-674
576
-115
958
932
76
181
-308
-465
362
-996
128
-770
536
907
963
788
-686
-803
-213
-558
-322
-322
-507
-642
-543
-929
-50
147
100
-135
923
-380
450
347
-280
-851
-392
-238
-835
-679
-817
-621
861
346
-810
520
264
776
279
-523
977
-743
700
103
-871
297
-405
424
-582
-538
877
801
-960
859
-52
972
-511
999
-422
564
62
233
942
891
545
763
282
776
550
424
200
-660
-42
906
-205
-209
799
516
753
-196
-449
-935
-162
389
767
-408
-92
-172
925
-459
-474
-112
817
293
572
-424
833
-363
745
479
-560
230
744
628
481
-599
-411
-692
729
308
424
-113
514
991
763
332
-132
-802
-243
-695
-129
-534
64
-917
-373
78
-164
990
-960
-901
86
-959
714
-359
491
-782
835
-694
-89
114
-644
-324
835
-508
-57
812
794
791
428
545
476
-467
-581
780
651
215
-223
-694
-285
800
883
419
519
931
183
-318
134
665
867
625
205
-109
-355
465
806
-320
-175
867
-3
779
-623
358
883
-475
262
173
-356
986
981
860
147
-925
845
767
14
-137
-19
679
364
222
-285
-238
-22
-268
-850
-442
-923
567
165
90
-519
733
944
976
-104
-636
340
739
-825
-73
-835
-151
-670
794
-237
789
-960
-845
31
876
-751
-923
-825
561
147
-310
-331
-561
-620
812
534
-109
-846
272
718
996
-481
-1
776
-160
544
-990
251
-236
-684
-182
-903
-745
689
762
993
-924
185
-911
-684
-414
765
-872
868
-655
616
644
521
979
268
264
-483
-923
-774
-502
55
265
-390
-400
-779
-207
219
23
898
-902
964
-704
39
-157
393
679
190
536
233
-319
-607
-225
900
-558
-511
830
426
-743
-413
743
255
552
356
-462
-229
291
-115
405
861
484
690
-990
-17
-679
101
941
-364
747
-440
-23
318
540
-289
-514
-579
156
-541
-840
-734
-377
242
-1
-959
-18
-796
751
213
561
-439
-156
-355
-58
638
883
868
217
-401
-889
894
96
374
-985
-769
-486
-751
-159
870
-557
594
741
838
-170
-48
640
-955
176
90
-572
-116
-51
364
320
351
-335
106
-591
264
85
-359
-971
-852
-757
845
759
159
-160
941
-244
979
-162
883
-7
-757
907
-945
975
-163
-511
763
-908
-794
347
-23
-769
-184
-872
-807
816
303
511
759
-358
113
-32
145
558
-13
-285
982
-348
-664
-721
-887
-24
-908
-855
917
591
463
342
-677
-539
438
-417
-954
-171
747
-495
-320
-364
-980
733
-643
890
849
-878
837
-338
-545
-683
-1
-468
-103
-869
985
214
-665
51
-412
-59
526
-557
-740
618
735
941
-74
-603
796
-979
-942
272
932
-638
-193
-566
672
310
334
-564
-714
460
-82
537
539
-426
886
-490
502
671
978
-732
-449
539
-971
534
678
-263
877
403
176
-333
-509
234
-773
-606
497
-643
-877
176
383
-68
686
75
-954
622
305
-749
437
-402
-570
-975
-654
240
-747
355
-632
686
670
296
-610
340
105
229
-231
-652
-699
-159
-472
-473
-3
787
-659
-879
-903
-154
507
304
-64
-425
-6
-816
-118
267
-697
93
196
351
809
-281
-483
461
943
651
-419
-377
629
52
150
52
-234
-67
82
644
-581
-671
812
50
-159
177
442
-587
808
-222
-888
690
-969
-575
-640
722
589
739
277
-196
-749
941
-432
-849
-194
604
737
-403
-800
-974
423
7
-338
-625
-342
-703
412
968
725
546
-93
-442
-862
-277
517
381
-850
225
-264
887
-757
-407
62
-435
676
-145
198
321
235
386
-758
747
654
-561
9
-322
-407
-231
111
-410
533
-734
-479
81
-131
-935
-155
727
-207
-816
621
663
195
344
-732
-273
975
-949
-831
-393
760
918
-263
91
-498
321
625
964
907
605
688
-255
348
56
-317
-377
-963
-992
859
-270
941
674
225
-825
-223
317
569
328
-828
-40
404
130
332
653
863
471
-472
577
-519
-669
693
656
-334
-771
-208
458
-609
172
806
708
43
-909
-169
-52
-25
75
744
-179
385
427
-184
-438
514
854
458
-645
-495
322
-302
482
390
-832
331
-247
-407
365
484
-103
-823
-812
731
233
-856
989
-287
625
355
-570
558
458
-736
-19
797
741
688
-729
520
-412
-540
-256
-642
521
940
543
177
617
-823
-731
-820
892
-828
771
-975
915
-648
117
-687
-521
-485
510
-731
554
-870
561
-535
876
498
489
312
205
-710
-666
-893
377
-195
-268
-726
949
-713
474
669
85
821
-644
892
-521
990
-114
907
-961
-432
741
865
208
435
-485
-832
-684
-661
-1
95
-311
713
919
-702
88
-368
115
971
754
469
-209
586
953
-385
-939
-720
472
414
268
-687
-960
793
-767
264
416
95
-240
980
-223
-209
287
448
-693
643
-681
-319
-489
695
432
-88
-541
-184
776
-713
827
-985
-208
-240
-822
652
-188
-967
-564
-488
-476
-4
-641
34
-989
811
198
-445
-757
929
713
126
715
-973
-627
119
-113
-587
-757
-764
842
-247
-896
320
-765
418
-575
668
-711
774
856
-831
195
658
-433
-783
-407
280
-936
603
-983
996
-298
556
39
476
-436
131
-684
-859
624
-355
25
546
828
-385
-272
-840
-479
834
223
477
-312
-791
115
-354
150
-530
-203
-672
234
-278
-405
-722
903
451
381
-303
777
335
610
-578
-586
-249
471
-711
-414
552
-516
855
958
-381
-709
305
-113
675
374
708
-938
318
-293
-699
594
-891
-458
-189
958
214
-684
-651
343
-159
447
674
767
167
-725
-1
-809
317
-5
722
317
593
-991
-554
-575
84
385
24
-731
901
576
-819
-607
-593
-306
966
-287
376
-771
-100
-948
-118
973
-538
-96
703
-202
713
431
-203
17
-689
48
897
643
400
-188
-96
-745
157
-346
-616
-873
412
638
204
247
-995
-350
-385
-258
-326
873
64
-494
45
-322
996
702
748
-451
914
-734
-976
-483
-329
-344
-812
602
-694
-82
648
-66
969
949
-316
699
162
-955
-630
39
590
618
-268
613
-553
832
61
-484
-869
-426
348
390
-296
-830
-358
-841
-297
-175
-235
280
-954
297
-99
-257
109
573
683
509
-237
428
850
163
-440
-538
-371
-126
786
-884
-56
-546
70
739
-613
382
-612
501
-15
-46
934
148
231
-575
985
635
-417
-289
-791
-524
372
23
-61
575
-872
-757
-61
-683
-471
949
438
522
-813
-456
-854
840
591
-872
-126
894
808
-685
342
661
-754
714
311
-358
-28
-816
-241
636
-460
574
263
596
-926
49
210
348
-323
-735
-937
-674
690
-242
60
602
731
137
-723
419
-523
-308
172
310
-577
743
643
-744
286
-872
901
-36
-947
-42
-878
573
898
490
-679
366
572
-837
-472
-436
-760
-491
286
252
467
-731
-382
-138
234
-861
893
-818
93
444
-511
-5
-510
-582
-755
869
853
467
-887
176
701
539
-628
-800
-326
231
77
-297
91
479
294
418
-68
559
-988
829
-340
-358
11
174
940
860
-713
-603
435
618
-931
-291
767
488
63
-817
295
311
959
852
587
616
699
149
-339
258
406
913
-103
764
280
-38
190
231
-837
-964
-287
331
790
-133
359
-435
343
488
-640
-22
-487
799
467
-750
406
-495
-412
547
-651
-359
-605
225
996
172
-258
-961
865
-190
358
-19
946
204
-849
335
-299
-495
368
245
-847
-983
603
220
-357
-652
119
112
469
8
-776
-468
-272
-682
336
-480
-733
-120
-641
878
116
281
742
145
-110
641
-6
-326
-363
-965
-253
968
-530
-716
-364
979
-696
-174
-571
-539
224
463
-981
-586
-736
-319
618
-253
-858
-696
-255
-469
-124
627
-189
997
-575
431
854
-320
-3
-163
-508
-711
-927
798
-817
-61
-668
-403
418
502
-277
458
-862
-538
-1000
271
-205
943
-861
-480
-361
-790
790
132
-399
991
273
-758
56
-233
623
-150
-985
-884
256
-790
337
-689
-459
-295
17
182
-870
572
800
-688
397
594
-272
-90
61
-59
149
-448
509
-320
692
-319
952
-89
-381
-959
783
808
79
37
-162
-563
13
716
524
-486
-1000
984
33
-807
585
183
866
-929
85
-290
-617
-566
720
-735
-274
858
191
369
537
-582
635
866
834
874
257
-936
206
57
-297
414
687
-220
361
-174
-60
117
-255
416
-21
-774
-555
-246
167
804
-213
-607
-243
-1000
327
-654
-601
982
-508
-752
-165
259
-735
-103
-218
101
435
344
770
234
-791
-137
135
-58
-259
575
-66
487
86
110
416
-602
890
-941
-164
333
384
24
-952
-801
307
-659
687
712
467
-227
745
-781
-378
-609
904
-286
220
-708
-114
-707
-32
167
348
-246
250
-178
150
133
193
-708
82
28
-866
856
639
890
-725
-451
-206
-130
315
-985
-757
-217
-253
455
-10
-850
22
707
-98
-736
62
637
-452
-538
-378
382
-131
403
981
751
401
586
-556
-108
351
42
161
454
-329
183
-100
-533
752
-107
254
227
-289
-413
778
514
-215
866
-548
917
-177
-991
-642
-893
-936
-345
-327
-943
238
-532
-281
546
-674
579
-409
617
658
-344
-853
-147
732
-510
92
536
-760
933
237
779
-796
504
76
306
364
-866
-107
-705
381
130
241
374
-196
244
-468
821
-833
-406
83
-771
-296
-731
60
-559
434
-974
272
-438
212
681
-189
-636
947
-235
357
969
-555
608
-448
-744
-897
-310
-95
482
735
759
548
448
6
-909
-311
-140
-339
-494
723
395
-568
407
-546
636
280
-991
-544
624
395
413
-616
590
-402
236
819
337
178
-189
638
104
700
-487
-586
906
839
672
-389
227
-588
-541
595
192
-719
-664
-934
-509
-120
801
951
387
878
-75
-341
756
-676
-249
-14
-770
218
-352
539
-868
-809
349
-892
-668
422
631
799
14
290
-149
801
850
-559
966
505
739
631
-193
-850
674
50
817
-896
208
370
131
593
-941
-501
-475
-627
-892
-365
553
612
627
-729
-740
-200
232
250
880
-303
103
573
23
-594
223
953
302
-377
223
9
403
574
-299
501
117
243
149
361
247
-378
-110
917
-416
808
-308
797
690
-998
166
225
-268
-553
-30
199
479
-706
348
-685
-638
407
416
920
818
518
552
537
-207
-563
38
889
-759
652
235
-80
-411
580
-638
142
13
138
-261
-934
461
-713
807
-252
384
-533
589
697
-530
-815
760
980
47
430
573
177
955
-797
-932
173
-400
-686
562
201
-386
-386
-920
974
-718
59
877
-406
941
260
987
904
-319
859
744
-18
87
-469
-933
-496
640
-71
-792
209
-634
-199
-198
506
-770
-675
444
-573
749
920
804
-385
-268
241
525
-412
-759
-173
-64
391
691
-927
878
-378
-926
-249
493
143
24
267
-532
-961
-904
339
-108
-140
-854
848
-643
259
408
775
-838
-490
-1000
-496
-622
845
965
760
-244
-987
300
-255
390
230
849
906
-382
871
-100
-167
734
-996
628
292
-738
-705
-955
-225
968
-595
-239
-209
-212
887
-959
-595
366
216
710
39
657
-169
224
144
-366
978
-423
152
446
-742
-865
534
689
318
-835
753
140
-288
-682
-178
-494
-604
781
340
-433
-650
-29
-693
278
-694
-803
147
165
943
962
-207
-393
-147
-82
-172
-314
-290
438
662
-694
-503
9
878
115
-935
-946
546
975
92
208
-295
-360
615
-317
15
-275
391
-767
-815
-693
-350
-970
-184
552
444
-380
467
-995
694
404
-899
-387
352
474
-50
630
687
3
174
-622
186
-418
-653
-518
-306
-508
-213
472
-654
-187
805
456
981
-15
122
-437
-958
271
-806
-25
981
-995
-688
-674
888
533
-537
856
-873
184
950
-912
546
-837
950
233
-704
-326
-379
651
799
-723
-333
-898
650
134
362
-191
388
243
634
120
481
918
-398
336
-300
702
-597
63
-429
978
-946
-131
-185
602
822
-679
543
458
448
-678
755
156
-465
803
518
873
860
769
805
-444
-902
116
781
162
583
-361
985
-519
207
-402
-40
340
-133
-660
893
-847
-681
-594
-144
-872
-175
-712
274
712
-868
889
-706
-881
484
-867
-150
-347
93
-145
989
-698
564
-935
-6
-326
-617
-518
331
-157
-320
690
-87
291
140
-563
-553
471
-630
905
31
979
287
-538
436
123
487
-102
-409
732
-890
846
-475
661
-580
-24
748
389
-426
-443
382
-974
-63
-541
335
-29
-646
840
-375
987
-63
-109
527
-958
-516
-963
-802
514
472
251
511
219
-486
-525
264
-381
-541
-407
771
510
818
-859
743
37
-669
290
594
374
-43
-267
824
-503
-134
264
-11
-886
519
882
-82
295
-853
-603
582
103
989
-332
-660
-891
-883
-417
-958
-520
-115
-195
-488
881
-279
52
167
-367
849
711
-662
212
631
925
518
-643
340
-934
698
846
853
-452
257
-587
738
-188
180
-866
831
863
-803
-775
-996
784
983
601
967
-148
-943
-842
-415
434
177
-256
-898
-283
165
944
806
-329
-748
348
-184
-812
851
839
-513
615
20
-637
908
-515
-999
308
834
580
-9
482
-175
-336
661
842
378
90
931
690
-926
-747
-985
375
338
-49
162
-443
-166
-368
977
-670
-490
882
-160
-73
-184
268
842
-292
117
589
-629
-689
-836
-734
390
-31
801
-476
994
-851
-120
449
255
-970
316
-523
119
187
-913
-492
127
-230
188
679
-116
590
-120
465
19
950
167
461
-935
644
891
-218
857
831
-489
-334
-572
-938
514
652
194
-832
535
989
-970
-475
729
758
896
-542
-652
76
956
589
687
-608
-296
-154
-195
-38
788
262
-798
129
465
279
-845
-550
795
-816
-218
-757
-253
571
953
539
-267
116
510
-376
-231
144
836
452
725
-920
-559
-372
-65
480
75
-154
815
-135
-458
183
323
-593
-425
671
205
991
-521
178
-89
-263
-108
275
359
510
-430
334
-755
23
814
194
137
-687
-398
778
-375
-24
692
775
352
-465
474
-804
803
682
-152
-667
-260
760
74
244
130
560
-51
-311
736
614
615
-690
65
954
55
-675
29
718
359
-386
-564
338
398
416
-710
-962
-862
-701
-172
859
-310
-816
110
-130
-110
262
-410
258
488
690
35
-143
819
522
-520
-129
-557
630
-267
355
979
-389
140
242
-373
-123
849
362
-254
369
-950
-520
-783
-156
-330
-490
-973
-836
-6
-747
-408
433
-26
-734
313
678
-969
-952
37
-990
-603
35
-246
390
188
-324
-208
-373
-855
22
367
89
-486
-173
305
-522
-856
323
-511
-151
-32
-869
-221
-150
796
-594
589
-200
721
458
-109
-890
898
706
769
-509
657
-893
417
-204
341
-202
-900
-144
-440
-511
781
-408
-521
-726
49
-78
-467
-39
939
769
569
-936
-204
434
-821
-550
959
-732
-242
-795
666
885
-593
797
-543
454
-453
-66
-291
-358
103
-858
218
144
-951
-434
22
-38
-252
51
-955
730
-143
-332
-655
-200
440
746
46
-238
14
31
892
-303
840
652
-395
-461
126
-876
-985
347
155
102
-388
-879
929
851
-924
327
57
-3
308
-903
760
103
120
-368
-803
-817
-972
547
-858
-732
-184
954
643
-618
129
657
402
-807
204
-186
-759
-827
-874
-977
-717
606
896
779
225
234
526
979
-430
676
-707
348
-163
61
52
-372
875
809
804
-506
18
-147
-727
68
-645
-253
723
336
533
375
-498
527
-637
258
636
890
-32
-768
-363
570
-93
768
277
-240
189
-473
-924
-465
431
-798
-894
-457
57
-490
-607
350
77
-11
-499
-292
-766
-272
-474
-253
725
371
-114
905
121
370
878
-284
-177
-130
-845
-479
-703
931
486
305
936
801
-599
513
333
-299
-900
916
-964
20
-416
-465
-907
-844
451
-719
-883
-234
362
-964
-495
627
685
-588
-838
-398
-101
563
476
964
190
327
8
364
-902
-823
674
-50
-321
843
-899
-205
-961
141
161
-314
841
-453
415
974
866
391
379
-391
-699
-866
168
-175
194
-886
-414
-339
-94
-652
-571
-281
651
-61
923
-987
990
-155
18
-681
-738
617
923
-708
-229
615
-769
224
524
333
892
262
-676
855
237
318
859
57
120
548
21
-548
-671
453
-609
195
364
-642
-483
280
-640
-686
-671
536
-218
-328
-369
-728
145
-817
-261
771
119
-657
116
-991
-546
-626
-6
-427
-862
987
-678
563
626
810
842
956
-646
429
-800
-361
811
443
-483
446
-841
-897
-953
930
-967
-80
-924
284
801
984
-542
338
-99
-508
851
178
499
-265
342
269
698
715
-319
-125
745
-555
58
-281
-969
-76
853
382
946
-491
471
-278
-277
-602
698
605
-386
133
-695
124
-577
-604
779
-365
-816
940
396
-305
-465
-645
-777
-133
-372
636
192
-774
-135
-591
-739
109
-614
-753
5
946
-789
-459
657
682
-511
-678
191
-843
680
-605
709
-435
892
638
834
-533
-636
431
-144
729
-424
-700
390
-475
307
742
682
-161
147
-817
820
-512
-259
-702
-723
-297
-178
-805
-618
368
-883
-828
309
35
748
-431
-502
551
44
778
480
-927
736
898
-352
-291
394
728
-177
-137
-830
-231
359
-9
741
400
-429
-73
26
-692
35
194
832
220
-80
442
-605
617
825
-474
-883
-752
876
758
-167
-917
1
101
-669
491
-208
-630
-181
947
-285
763
552
996
86
-577
729
209
-598
685
406
-354
-679
374
310
-22
83
860
-614
-682
-89
-98
-570
161
30
257
592
785
-766
988
401
800
204
976
24
-783
858
-446
206
-787
734
87
-540
383
468
523
280
8
-516
-499
-729
-753
213
-566
636
-775
859
933
-730
-800
-249
-416
-472
228
-715
-294
-326
-85
147
837
461
-666
245
530
-132
305
-235
-644
-674
278
919
-483
-249
-32
315
113
-578
-9
236
-43
-662
124
965
315
181
-574
-669
-194
579
983
742
28
-645
846
-943
-156
-636
923
417
765
-325
-54
-502
17
672
-308
-964
613
145
-161
405
-746
670
136
672
-367
-372
-800
219
430
-107
360
-10
-550
860
-806
215
704
-562
-786
-149
-284
420
-602
-57
268
-363
967
-900
-981
-375
916
-775
-710
-232
-536
986
613
-896
560
398
-64
-475
-541
-9
740
67
463
91
-214
-608
337
-425
755
157
-81
-910
113
-86
-378
-769
-602
665
-852
-547
-377
-358
33
425
-772
-74
215
-669
-809
-216
923
222
-114
901
-689
144
-905
-484
-171
-135
-657
25
858
-751
-762
339
-436
-54
-5
709
841
-507
-896
-134
-890
432
474
-31
-7
877
551
992
212
430
683
-811
239
267
-727
-1000
448
70
283
-100
121
-234
-289
-476
542
-880
-418
658
-575
-987
-55
-790
-452
-396
626
-730
-438
-673
196
-253
227
795
-512
-40
963
113
-778
38
-907
-143
-916
-661
-543
295
334
-287
-961
437
834
340
262
48
502
-32
-266
-217
-71
120
382
638
594
67
699
825
977
-383
62
-573
289
188
361
-273
-394
506
358
-331
-552
942
-685
190
-372
734
-402
363
396
511
968
671
2
-308
601
542
-730
-106
161
-947
-927
357
854
-568
-898
-835
-865
-590
988
-36
-420
-105
594
-801
-65
846
192
-796
747
-870
461
-933
-281
656
-430
805
479
-974
-765
-802
664
282
309
-424
-578
-334
-415
588
268
-944
-557
213
-250
336
863
-408
-858
153
-303
-517
-46
401
799
311
839
-900
669
168
516
-880
893
17
149
-476
465
-20
-663
