1869
26
-707
301
-167
-454
342
358
418
-364
-231
120
472
270
-298
270
908
-347
-496
-155
648
217
868
-676
396
68
295
-904
326
-677
572
-716
365
-131
-913
-858
-822
-215
0
-259
308
637
975
806
182
969
288
-258
-785
-527
-869
882
-890
113
804
-222
-760
-453
-766
36
-512
540
-387
340
529
620
-183
-823
-157
-908
138
-765
807
-710
-974
688
585
936
-850
-369
-15
-421
234
60
838
-473
780
-503
800
-584
-940
-323
888
83
942
838
-946
315
720
-981
-889
607
-634
-372
-511
144
264
-53
-764
593
229
259
-202
-425
719
822
-53
448
-254
85
-744
256
-30
-439
354
406
-672
607
-760
-883
-664
-657
-598
190
-133
397
804
-253
452
488
-853
902
-312
-511
642
-72
-193
-618
-471
750
202
91
-989
-666
640
330
707
615
-759
-15
66
838
-442
26
-208
-875
-470
713
101
310
-695
-530
50
973
-404
730
-984
-509
-514
558
-572
-345
391
-450
774
287
-718
-427
-483
732
748
643
882
27
940
17
269
-344
-407
740
-137
749
397
-512
-899
889
260
724
653
907
-448
323
737
-147
-403
-973
-779
734
492
526
-202
664
-786
934
-455
-720
-66
-458
-139
347
412
707
207
-131
834
321
960
173
-604
-302
309
-955
-759
537
-702
-554
496
285
-621
-920
449
-391
-895
910
626
96
-850
-232
610
125
-963
-430
134
-679
-175
-838
893
294
960
303
-287
472
-365
-571
445
-189
989
-156
-794
384
-939
-640
391
-823
402
580
717
-653
-621
920
-5
-20
-744
-943
-949
-38
848
-953
610
3
-945
-78
-673
-758
-580
-899
224
551
949
-163
848
-352
367
795
-287
-429
-674
781
-638
886
204
-317
333
-427
810
860
256
810
33
-215
565
843
163
921
240
477
963
-380
-155
-697
590
676
708
945
-636
-595
882
747
631
732
309
-342
223
941
891
-723
-73
-905
-968
270
-377
419
-150
724
927
634
-342
-620
413
-708
770
824
-36
-84
-747
-232
953
552
223
-107
99
-857
763
805
974
796
219
472
-669
-793
-265
105
-744
506
117
464
519
-632
-991
-236
-818
249
-23
382
-205
-69
-552
584
370
851
269
-892
436
417
423
-358
493
769
543
633
-509
366
226
-609
-938
-831
106
676
928
871
-552
896
-454
896
-577
-452
632
-364
992
-378
706
880
-258
606
-640
-226
-451
605
18
179
-804
102
137
-607
380
-988
-779
829
12
499
-20
27
835
459
804
117
489
-249
605
315
977
-428
366
-268
887
-987
602
-910
18
-205
159
595
903
1
715
756
-198
-211
-565
-223
577
3
-255
888
-218
-676
-431
987
777
-205
-392
995
992
-440
762
-334
652
-786
278
465
346
831
-232
712
258
-145
860
92
-33
-611
474
258
11
-154
18
642
-473
644
836
-697
-780
900
300
994
-303
-507
-279
-114
-543
-356
185
-897
984
437
-93
4
482
116
-896
-85
-320
-775
838
-141
815
-799
243
-195
519
-743
18
-868
-834
526
-99
363
214
272
-752
781
-646
997
-27
-80
304
-679
514
331
378
611
907
390
735
243
436
649
210
-600
872
701
492
-242
463
-914
-933
-620
223
674
629
140
290
339
-6
859
272
-536
262
560
-887
210
-448
-783
561
-654
419
721
888
-24
-490
319
101
630
57
744
286
419
-370
-213
359
-165
834
-163
917
-733
935
819
-35
-85
511
-19
-243
-388
-521
-973
-761
993
-850
-602
-666
771
992
713
-306
-436
-445
457
340
-740
-259
535
439
762
-464
839
-614
994
-365
-495
304
45
783
-892
-110
622
-797
90
95
-343
-92
279
-319
-354
68
123
536
771
-99
119
197
336
-213
-564
-411
-381
211
-193
744
-573
148
440
-579
-686
-983
-950
-916
844
-777
381
-129
684
921
183
-162
126
-586
25
-970
-273
684
-395
-491
-720
107
606
228
970
-784
-824
-47
187
-980
542
600
-834
-239
354
-178
201
-103
14
-694
-112
-334
-982
608
-665
522
-521
-533
772
610
-952
-153
-29
-446
160
-840
-557
954
790
794
541
960
-91
-330
-187
-165
-304
749
842
267
227
884
-649
594
804
460
396
627
392
-867
422
390
659
511
-837
709
391
789
-990
-906
493
-586
-258
-411
-814
265
-20
748
648
-164
-510
818
-610
-383
-121
62
-582
-506
-415
-713
98
656
-54
-518
-342
-589
956
614
-809
48
891
247
354
235
-270
189
-952
679
-923
264
-481
609
789
-638
467
-10
163
393
271
-30
380
-376
839
278
-702
578
-223
-923
-357
986
-876
747
-446
993
-152
266
108
-803
-739
595
581
-590
680
526
857
-449
-952
-59
-578
440
935
-61
-818
300
-372
-492
99
434
-483
697
-101
661
-15
124
395
-743
787
26
-160
-904
-381
-255
656
-290
-441
887
879
-403
-353
772
-770
-370
-58
718
-34
597
660
-865
-46
-289
736
821
-991
-21
307
-618
219
-46
632
509
995
-412
-945
-11
923
-143
-63
785
-946
-752
109
-618
-490
511
-879
518
-131
-456
-11
-70
881
701
-703
891
-735
224
814
-387
452
177
826
520
-455
740
37
-204
360
-578
-967
336
-617
-84
-666
79
-391
-272
-133
880
898
-439
513
425
-203
302
-783
751
382
-281
-938
-635
699
-519
-3
-290
229
779
-39
-112
-67
-807
307
-393
-127
-459
878
371
605
660
-696
64
-722
956
285
-752
979
-1000
-538
-73
460
502
-321
-894
-620
-898
-411
-732
-5
-609
-642
-97
-820
-41
-189
-228
414
478
-8
87
677
864
269
905
920
-219
429
-989
349
143
483
37
-575
352
844
408
-476
885
7
-386
208
354
393
676
122
619
-98
-48
882
-227
650
13
69
-841
-355
-607
-526
-56
-92
759
-247
406
572
-995
654
120
370
252
-579
-287
486
799
504
-534
-882
707
300
634
-665
-886
466
-124
-458
923
417
-947
-292
873
-336
-375
-920
-274
569
321
198
-555
-903
-893
613
881
-987
599
-762
-324
-954
-919
-687
976
773
-441
-814
-580
-335
-856
-992
-124
957
647
638
-648
-649
-292
-965
14
-797
-715
388
-98
-666
-730
-199
-757
910
-134
268
249
-385
-284
197
159
-152
215
915
747
-236
798
-946
444
-83
264
-664
-768
-325
-540
-270
-950
-551
981
42
639
-456
-397
673
-722
909
-546
-597
-150
-906
383
-976
85
715
588
31
778
-673
-232
-302
567
-731
-475
-707
-683
-881
231
-800
-810
17
342
700
490
-700
47
2
-322
-393
152
-537
258
-448
-18
484
180
-32
-515
121
-322
-427
-229
-511
-263
-519
-799
-767
-723
-825
-313
-85
646
-243
107
-113
-316
-35
-66
-928
15
574
-181
180
293
256
373
758
738
-307
-613
614
923
-742
-309
-17
759
-131
497
457
-822
-536
-519
-731
255
-413
-263
-90
-255
-600
-172
-369
-474
104
668
-41
889
-661
-89
-87
706
-139
-819
-984
132
-285
763
512
131
-347
423
-104
-48
-842
-895
867
-77
102
514
-411
-780
-967
-204
915
374
-376
-2
-445
336
-251
554
-589
-872
619
-860
645
286
116
-687
568
-173
965
954
-126
709
-492
-476
185
-488
362
-995
385
-318
642
20
383
-542
865
341
908
238
256
241
-394
-663
-27
-330
608
-819
-288
992
-246
-534
-847
-101
-661
27
679
180
426
-847
610
-245
-547
494
-950
759
232
816
-647
598
583
361
531
31
-457
791
518
662
94
212
60
-949
667
108
-851
-64
-312
566
498
-699
172
594
36
594
-435
-275
867
320
322
100
-190
-364
839
-413
784
281
26
-792
162
9
914
808
-117
-600
511
-371
-627
-179
-532
-100
-471
877
993
-257
-589
-362
437
307
321
261
177
-240
-686
-652
608
-464
187
276
-654
-610
493
-318
-352
189
-686
-775
697
66
406
693
619
-49
642
-481
846
124
-749
-630
-614
-604
569
584
936
-631
-708
-999
-26
181
-7
82
-892
703
410
262
-660
774
548
996
-225
301
-806
572
649
659
-753
703
150
238
136
-46
-257
627
895
-290
365
68
100
696
686
934
590
-24
-236
-754
-689
88
203
456
-122
491
-365
964
-674
-889
-357
717
-428
896
-945
-409
-266
915
376
-315
-250
-389
530
20
94
-12
-421
-841
557
-262
-218
-385
223
268
-481
-553
-693
451
458
666
950
313
-444
417
662
120
203
-883
-15
528
602
301
867
-749
-756
-355
445
97
-911
731
-693
220
286
-873
734
-265
-145
710
-440
960
-472
-141
-409
-842
345
-781
-296
633
463
483
637
861
-265
-80
377
-806
-306
803
935
340
-492
-89
-277
-623
271
568
464
-212
812
842
769
-442
-752
-669
-925
-525
-676
486
495
56
975
269
-2
-289
-667
498
540
388
-34
-246
-753
-560
905
207
33
-129
-353
-584
329
-832
156
-521
-135
456
919
558
-992
-508
-877
591
-770
-919
-193
-609
-552
-519
-280
23
594
-571
750
71
-55
-119
-733
-282
-909
649
-800
170
-483
-442
-926
688
708
412
657
569
592
-69
162
594
266
-144
-478
-386
-705
-336
962
2
-500
-719
819
-916
137
916
663
-991
178
930
390
674
-320
898
-254
-886
-857
757
-702
-265
168
-690
667
418
839
145
413
268
503
23
-807
839
-287
827
-127
879
339
-571
87
755
117
528
-985
-556
711
-855
577
936
566
-250
462
-997
-771
609
980
-172
472
496
-300
399
-828
323
-847
-932
354
249
-261
3
619
-194
809
-911
765
325
-603
276
-380
-290
-30
-64
772
725
-712
-757
18
903
336
491
754
-335
-773
298
-870
-761
-164
579
950
-787
-234
60
-523
-795
-784
-801
65
982
-490
215
300
-762
-343
-460
-571
-508
758
378
794
724
-61
-212
968
232
-651
-943
221
-553
-112
-752
-17
780
-490
-258
-475
-66
753
-559
307
-441
267
207
963
116
-614
696
-930
-920
330
-67
683
-83
514
59
-482
-952
504
-264
-478
840
-128
969
593
363
-33
797
-97
524
767
298
631
604
235
418
717
-676
810
-47
-237
-395
40
-522
-649
37
848
300
-327
-825
854
-29
-453
