2957
-161
920
870
-852
-911
-936
-27
-491
524
-385
-639
26
-430
-258
637
-672
-563
127
-399
220
956
-151
-767
-189
-310
511
-920
90
316
-126
-542
-820
-809
-41
531
714
-516
-845
-217
428
770
419
903
-714
110
41
-139
-42
-192
880
980
841
-819
-576
182
861
-427
829
35
-943
-431
922
452
-935
-85
939
665
366
-567
536
-307
-862
-585
-163
-828
625
880
478
189
-461
809
616
-294
-530
26
211
-727
-216
89
451
-81
41
421
382
32
-17
221
-536
317
-932
443
-118
506
122
-544
513
267
895
-100
-542
-934
-597
-774
-725
-232
942
-394
-59
862
471
-4
-618
-322
-825
95
290
-517
387
-526
866
673
-24
-234
-483
-189
-55
-847
994
-641
-75
391
920
784
-732
600
-4
-464
207
70
970
952
559
704
-921
-539
157
-112
91
-439
-279
206
-436
-821
102
639
-27
-117
-253
958
69
935
181
164
20
547
-129
-841
-831
-984
-460
-899
-106
-452
403
491
509
-839
560
-114
860
301
628
-395
-853
366
-869
-135
935
-9
-197
378
-145
-156
-588
-600
-53
-474
-749
491
108
-701
-992
-433
334
-499
-152
-241
794
797
-107
-324
-535
-580
-664
-997
403
-898
153
329
501
-341
661
-821
65
-165
647
-778
-304
-450
-239
535
306
-283
-359
-991
-683
160
17
-79
-396
-363
414
-753
231
-134
-998
243
-408
447
-91
274
-570
923
694
-908
98
-751
-720
82
855
-162
256
-799
-282
-446
306
678
-113
697
899
-539
509
341
-879
-934
-872
-38
302
643
78
277
-588
-968
-773
122
-590
456
-428
-56
4
353
180
907
-398
-996
-802
-785
719
-158
961
-709
433
-865
57
-991
-928
706
418
-479
-201
238
-24
37
-392
-240
-902
-244
-708
76
348
-362
104
599
-708
281
-997
555
-724
670
628
-133
942
-5
-496
707
766
382
592
282
-423
322
970
-377
219
977
134
-83
-666
935
697
597
414
-530
14
422
-542
-629
-576
388
-91
-59
-764
962
106
509
307
-347
654
-594
-778
566
559
83
-166
323
-789
47
163
-76
-205
-595
-724
37
-882
-668
-340
868
330
-185
404
441
-259
-793
933
29
-311
-123
639
216
-482
-633
373
27
874
-970
652
567
-84
-142
-479
392
6
659
-838
721
-544
-515
404
-11
808
-674
924
-241
-712
488
-38
-849
-368
-906
968
-974
338
860
848
-868
-179
-625
579
69
945
-50
726
-115
465
-84
-26
-451
-761
523
780
908
-127
903
124
458
-23
252
919
477
-862
-252
241
-235
478
385
829
286
893
-717
740
98
-49
-697
-716
312
-901
-243
-763
13
-808
932
183
-131
-104
356
663
-466
-651
-889
-384
234
-461
165
-930
759
373
-102
734
-268
44
-154
850
-622
-502
-782
97
604
-139
650
970
261
-777
155
584
317
146
-455
-63
-113
352
333
937
650
328
523
836
794
-99
-132
-759
-318
-816
-852
610
-23
-522
257
-1
-546
-923
406
-902
793
-137
788
677
15
545
-276
991
17
206
739
-698
658
-860
-758
743
787
-360
345
65
-883
125
40
759
-150
-713
970
-764
449
-306
-282
-136
780
-946
883
-79
-505
-613
-497
469
920
658
172
123
-315
-853
-8
-966
-538
-421
839
25
456
-955
655
326
91
320
800
722
-215
564
-82
585
740
-834
540
431
954
-701
-233
838
615
-79
-404
-963
696
-431
-393
642
279
-215
-151
-489
664
126
276
-126
463
-714
-409
815
747
-709
689
-351
643
-404
611
69
12
814
263
727
-844
831
-825
846
430
779
-773
978
-918
-905
611
-594
0
507
61
960
-231
-995
-365
-706
875
456
724
-205
-561
-404
877
-634
-912
-513
196
-949
209
-496
977
707
203
-660
218
-305
291
-230
-551
-286
-811
-159
299
52
863
633
552
-94
363
462
907
403
-214
-847
685
6
-118
-566
-318
-393
308
-248
959
896
948
-120
133
-228
758
644
-961
-889
-695
930
-763
-879
-349
765
11
-815
-15
-350
-375
-938
-167
929
935
-855
62
547
372
-530
895
-950
515
425
941
436
67
94
982
-343
-774
81
787
-924
-515
-933
-182
207
798
766
945
-266
-685
-208
-720
590
655
-717
-479
-466
-817
661
519
-917
-573
-829
-232
610
-330
-296
-119
-305
156
-316
324
282
-952
-201
-232
-607
-377
-963
606
272
-404
788
595
797
921
920
839
512
135
-17
-64
-145
18
-448
155
-663
-781
975
-143
-664
-789
-445
66
393
-983
-727
577
408
505
-767
-788
692
10
934
-74
529
185
-532
-798
381
815
129
-754
954
4
-555
-198
-310
-66
790
-700
809
954
596
1
-668
-491
836
649
247
712
-784
-928
644
270
187
-3
-416
132
-589
-759
-25
492
-225
165
32
205
983
840
-117
-422
-286
804
-922
989
538
-892
-785
160
-595
308
-28
232
397
29
-314
127
375
219
-404
-948
497
-579
-588
737
476
-599
324
-351
712
-583
846
204
935
342
370
24
89
-657
-82
-194
423
-74
401
142
-708
215
-723
-785
-3
566
938
695
586
548
39
628
316
574
-853
-811
350
-270
-710
807
-456
-898
-509
544
-522
983
38
722
711
-365
-189
-548
577
275
-595
275
-222
177
-562
-424
642
-414
228
-361
596
55
377
-437
-405
886
48
497
-759
-192
219
-313
403
-257
-326
160
800
94
-178
616
768
-427
-933
479
-599
-625
-565
227
-83
521
-352
-530
-968
-166
-335
921
-219
682
-330
332
-625
-656
-801
-909
-91
-869
-578
446
695
381
117
-955
-595
-17
-998
-346
535
-987
-153
797
335
912
909
158
-117
761
-823
-974
-546
336
479
-212
350
-830
-381
343
-208
464
-698
-562
991
818
-419
-953
268
151
414
-787
-144
871
-732
-712
-580
168
-766
875
-239
714
-237
-502
572
959
-369
726
185
969
970
935
984
706
23
-107
957
802
-86
834
-719
145
-757
199
-586
-854
-153
-86
-984
-825
-880
777
-449
-161
-524
-75
-671
617
-53
94
-75
683
-342
-169
641
435
-60
-570
-732
-191
32
-517
208
816
-762
-423
544
-304
83
566
-744
241
461
315
361
125
944
-456
-877
-622
-618
136
-635
-342
-75
-709
-16
-470
706
-826
-535
-252
-957
964
-962
968
114
-361
-544
-194
750
-193
78
841
716
358
290
-296
250
69
-779
-578
-316
871
813
764
448
312
951
376
-93
633
64
493
726
-349
-195
174
980
245
378
983
-854
508
831
-413
641
-467
-417
660
328
-718
-214
66
985
895
-717
691
-866
209
-741
-493
-195
-158
-20
-288
591
667
162
453
734
406
499
-543
716
654
-112
339
912
-27
-349
741
92
354
152
98
874
-842
712
-316
293
633
977
302
-109
-826
609
-717
-288
-529
-783
194
-266
-466
-369
415
-296
682
579
-641
62
-126
-445
223
-853
393
34
192
-950
478
-189
163
-697
566
-965
814
362
153
-316
585
349
-298
-658
936
543
275
-559
-412
578
101
-739
-328
366
-136
-718
-139
344
-917
-724
-173
333
268
149
-636
-935
556
782
-170
821
-402
25
-90
444
721
-562
-437
-162
279
701
582
-323
289
-413
-348
581
-54
133
925
-551
669
-983
-564
920
-61
357
875
-49
877
63
-517
264
890
-749
765
367
-347
163
784
-955
-657
-952
-697
-962
-476
-41
-842
981
-563
-209
89
544
-687
223
-95
-786
-248
325
-756
-692
238
-128
560
-425
321
-921
-780
-501
-41
146
-518
10
542
630
269
-855
529
-801
131
-284
-524
853
63
-174
285
-31
6
-333
575
-135
-277
-843
-892
359
361
-106
-954
-760
-563
580
250
-176
-290
113
489
-662
586
-142
732
333
510
-650
-300
-901
-351
323
-540
275
574
-789
155
918
-100
623
-414
454
203
442
942
155
-915
-690
-462
239
847
-420
-636
393
643
508
106
-585
843
-227
-31
-780
372
294
634
-711
-771
571
65
80
354
-965
603
-317
-775
-138
412
931
-136
-52
835
661
49
609
994
566
828
-67
-771
-705
223
143
254
884
-868
-31
-589
-521
295
278
917
458
147
352
-90
-399
88
-161
582
-107
978
52
-111
-844
-135
-845
248
-410
361
-89
-933
779
-274
463
160
368
-115
-154
-173
-287
-959
640
842
-984
145
-463
788
-365
971
472
253
-636
895
856
-896
-958
-806
-185
-934
-628
-194
-642
615
-802
362
-975
-325
-292
-645
-438
-97
-837
-769
526
-459
-753
129
849
154
-961
518
757
-392
517
-653
205
709
177
-583
-497
27
749
286
-184
-923
-101
889
-854
962
587
714
97
-295
985
-892
-845
-646
-893
-24
-251
909
-168
-210
-134
-391
-469
-30
-282
-893
711
-247
929
-16
413
-913
280
857
568
127
-835
443
-14
-354
302
215
-881
580
355
140
-89
136
-479
383
433
-954
251
149
59
-576
617
829
982
-801
864
989
-290
-636
-95
-217
104
-401
334
151
-492
-326
422
700
737
-220
418
480
384
-618
-8
214
768
595
141
848
56
-144
616
-439
-140
-546
321
-955
567
-816
-168
-77
223
-483
434
205
933
-364
-67
-628
-413
583
-523
-742
-799
86
-912
421
760
-584
-397
-595
-729
-280
-408
171
420
906
7
-899
-950
920
-64
-734
192
-562
-245
-977
395
654
-921
427
746
801
127
-307
-145
-549
827
928
61
-982
-446
497
-548
890
-628
-427
-999
71
150
345
-661
433
463
935
417
373
-369
769
-281
318
728
958
968
743
628
-2
-339
-997
46
924
3
251
204
575
154
364
778
-212
-167
443
-398
-980
879
-691
-585
-10
565
-889
626
-743
160
6
163
839
690
684
297
113
624
265
28
843
-402
658
455
508
-731
368
660
-171
455
-377
848
491
-534
-623
701
-845
-160
-489
566
953
232
715
-451
-452
684
949
64
-215
-389
328
747
547
705
528
727
-356
-141
-229
-977
-701
471
97
515
250
-849
737
-779
-94
854
-919
945
-843
-413
-911
202
768
-229
885
-896
-453
627
-146
-227
-825
-750
907
734
434
-651
-575
607
-102
-195
412
-785
508
915
417
355
487
-357
994
454
338
406
-996
958
647
17
-479
-902
91
-661
733
39
-918
548
791
-462
596
-959
102
-504
510
-419
-835
57
-842
-663
437
858
695
-829
549
-54
-364
-588
192
700
661
755
-884
-12
-36
-72
-886
733
979
795
23
518
-301
-21
-690
781
-861
858
343
-925
779
373
-336
752
532
498
-905
175
-289
466
-527
-902
590
-506
506
-640
-109
558
-615
-125
211
667
-257
398
966
-170
813
-285
-35
-710
655
691
17
205
-88
-89
692
-84
267
-789
-74
-572
547
-150
-233
-580
992
-331
707
687
-946
492
-817
-87
180
-449
-641
375
-730
-786
177
-720
-504
141
-871
-110
175
-941
202
-139
981
-558
-770
-163
-535
-319
67
-213
961
-668
514
-286
701
125
460
167
697
700
179
-591
-769
-206
-302
528
-970
467
250
-85
-661
-886
-102
145
394
-106
795
33
425
-158
117
309
-591
-573
-207
281
122
-182
-115
170
-334
-39
-747
313
58
210
-604
670
-386
251
886
-630
334
814
-935
-796
-387
989
336
741
-651
-765
-861
448
-395
965
-489
-967
-807
-41
21
502
228
635
682
514
-659
644
299
-866
739
600
242
435
989
580
-807
19
-621
-934
674
221
-317
870
704
-834
833
942
710
389
-370
-857
-262
-801
-941
-188
774
-863
-950
10
-469
724
-439
767
434
443
-259
-752
-272
-544
-801
-190
916
-596
-139
-512
593
869
743
-909
147
353
524
-464
704
-183
913
-389
348
490
-522
-903
904
-747
949
-269
-887
-299
-544
-138
-592
-768
-955
-185
108
247
624
501
344
-888
-562
-953
-223
-301
-743
-284
-807
265
645
-543
657
271
517
-44
-9
547
-773
168
859
790
235
810
655
295
618
223
-725
769
-216
920
-869
138
743
574
982
-116
999
-88
-838
321
400
651
-455
903
235
881
-614
563
381
626
-946
-734
-511
-817
16
-470
1
606
-296
-210
129
911
860
897
-424
444
179
354
300
-337
-888
-202
-872
446
-777
292
572
338
-729
873
-494
-266
-668
540
-984
554
-216
-821
703
342
-283
-476
-641
-324
545
-416
964
486
943
569
442
447
678
925
320
526
-288
186
444
972
-543
-743
571
967
-126
-424
867
-321
489
-113
791
717
407
-491
934
-268
-819
-390
-960
-65
796
948
998
858
-984
-40
-883
173
584
318
671
787
508
264
382
-87
-485
-645
-379
-863
809
-133
190
854
-847
-299
-343
-246
149
101
-417
843
-673
424
804
53
562
204
594
433
146
372
200
-662
-611
-664
-305
928
804
-551
644
326
-246
-319
-762
-330
-376
-391
638
-188
-245
-188
758
607
59
-855
-280
564
936
238
-588
-691
-125
559
621
295
310
-498
736
-767
769
69
386
848
274
455
118
15
160
468
-889
228
4
-773
-360
-802
-251
378
-426
666
111
272
54
-747
159
-796
912
-532
349
223
488
31
-314
931
-155
724
-972
47
-577
487
-83
283
-838
831
821
-50
-118
-4
961
383
945
-227
889
-520
-36
-898
825
-362
23
-322
836
-739
-696
494
-794
-759
-753
661
388
191
-41
17
706
-95
601
425
-463
-415
-722
253
-622
-627
207
-385
-756
-200
-965
651
-314
458
612
48
593
-579
-698
-989
-459
488
597
73
503
-71
-910
354
116
-837
-775
645
-868
-920
-693
342
-915
791
35
-379
203
-218
342
160
-839
-797
748
824
-841
-620
902
689
249
967
-789
450
287
979
899
-547
-266
381
-786
-791
-246
-569
434
634
950
738
-288
674
-886
-283
-878
961
-376
822
-173
856
-837
660
-741
-916
-172
151
-59
725
242
912
-738
-298
781
170
332
-329
-81
162
585
925
496
-990
-853
364
701
936
-190
-189
821
-922
-499
741
-833
-701
969
-56
-134
-737
855
806
675
-685
-920
-959
13
742
-377
340
-192
685
436
-28
528
522
553
613
-263
517
-790
-231
612
392
14
963
121
835
-988
-358
-351
-879
548
-71
-490
850
-284
-365
681
-505
371
51
144
140
566
850
-518
223
-980
-142
672
143
-273
119
-342
159
826
-538
747
218
209
805
715
993
562
593
911
320
711
-561
-698
-834
148
42
802
-349
979
-149
-655
-76
-887
663
776
377
-220
802
139
-976
-44
561
667
-485
436
397
476
-908
-108
19
-270
-288
-173
-455
296
-671
126
331
60
-826
591
-93
730
-435
-236
711
580
985
-658
365
-53
223
-158
377
812
-647
720
294
138
893
-563
835
-877
904
191
789
674
340
420
-981
641
409
144
719
793
-784
-575
648
888
-766
-864
-740
205
414
967
-766
-910
410
-679
-747
-569
385
-750
-123
-9
-853
461
-232
361
618
-244
-370
870
896
-441
-814
-511
334
-124
-356
-312
-328
-577
-765
-90
-892
-218
-384
770
273
-252
-163
839
-140
-872
333
-767
221
689
245
-847
-88
-728
312
-563
880
-806
-640
-969
-354
48
-424
-616
591
-851
-633
953
-781
-780
-42
926
113
-172
275
992
-903
1
-706
-763
-798
-897
-384
-451
-687
77
-100
-948
763
588
-2
623
-895
-901
-592
413
778
577
-165
395
-592
-506
-151
-740
976
941
681
355
500
914
-755
775
654
92
46
-494
-982
463
783
53
-74
882
-722
156
830
440
-761
457
-97
28
227
-896
-338
-866
958
-81
-367
-748
-379
-9
-246
799
366
-165
900
172
-734
484
950
867
277
78
-219
-337
-873
243
-121
-630
674
-526
369
4
995
828
-991
-143
-394
-198
-1000
397
107
254
303
-996
-875
-843
202
817
976
118
906
267
98
-422
-755
-41
698
-664
-464
-106
741
-981
-732
-115
-96
818
-226
3
-936
-588
-935
170
861
-147
-762
397
277
-294
307
-734
204
-51
-566
-981
105
-611
448
-929
877
-706
318
-847
836
-744
-788
-710
-835
758
313
-889
438
174
136
673
-383
-920
-988
741
563
956
835
-528
