1477
165
233
-671
-67
520
-248
356
-218
-674
-349
519
-804
-502
321
864
136
193
-846
-238
-608
-186
-620
455
-66
260
-731
-215
463
-344
451
-227
-361
393
928
-84
529
-283
-463
207
4
-775
293
439
-990
364
-862
-185
58
-23
698
30
189
-745
814
-203
-659
-938
-535
-703
-62
-312
-883
-203
358
-422
-181
-425
720
-850
-37
397
-34
982
-740
-28
-5
-513
-347
877
-976
792
138
724
55
973
-678
-34
330
-108
-27
-449
-342
19
-917
150
540
940
-672
-139
-19
-633
-676
688
-474
906
-402
465
923
663
-608
662
-562
626
-907
-520
-47
254
591
-919
-440
579
878
-711
-500
-595
-877
68
-773
404
-526
-149
941
580
102
-50
-958
-695
-722
-381
663
-536
341
-122
-760
-164
911
765
-161
-388
208
567
458
950
-425
-112
475
-6
-121
163
-39
-683
-538
653
-349
-343
-947
-198
-411
437
-432
-466
-909
-698
-535
882
274
-358
285
984
38
140
896
797
-234
609
-748
235
396
862
-852
888
-632
-828
-642
-914
-476
393
-489
440
-142
84
-807
-795
274
-299
672
204
-496
815
562
-451
-6
-845
-172
496
-353
-55
-535
252
-782
653
-603
-410
-498
-924
864
611
836
-182
103
684
15
-246
-852
606
-935
-583
525
954
982
-897
-814
815
942
451
-160
242
392
-383
-758
920
-734
-485
536
112
-739
-774
-305
960
-699
-801
-544
682
-17
26
237
-662
891
-587
933
895
-872
-449
609
-125
775
625
-441
937
455
-706
-660
611
415
43
-137
-180
507
-407
240
184
814
-917
135
710
806
-760
-367
160
492
-961
-420
-545
-166
18
20
493
232
-111
-449
232
127
851
434
-800
-178
-141
-617
-962
907
-91
-410
240
-751
691
575
869
-841
-903
-86
146
562
297
758
766
-783
-36
-738
-864
-938
6
-982
755
-380
245
-943
-796
-109
-923
891
392
-64
994
437
156
-862
-196
830
-182
808
-528
-754
836
-322
-679
-425
-479
559
66
387
689
-620
726
-771
63
-630
550
763
-718
673
951
777
95
-496
774
401
975
822
-408
-746
-423
-676
738
865
140
-313
-895
802
266
73
983
696
724
-169
-780
-965
30
389
-99
-138
287
-196
683
-701
-984
670
946
575
-418
-111
540
300
438
-697
354
-779
636
943
982
988
575
-797
-96
351
748
-478
243
-70
326
-920
251
-442
511
-70
486
414
630
-546
-244
386
413
22
-228
-396
-427
701
-204
-784
808
-870
652
-679
483
930
-704
-401
366
538
489
844
266
-599
-730
-51
773
956
924
-642
285
740
343
-210
-417
730
-292
178
234
-318
-19
549
325
-995
711
-947
-326
728
732
441
62
-478
952
262
-195
651
706
-623
-825
504
-799
-745
-175
-844
152
136
-983
368
-816
-343
298
-710
560
-727
-105
763
683
379
-584
-470
-617
275
-753
-881
901
-180
-490
850
818
-955
742
-110
329
428
-714
-543
-558
242
286
748
139
79
567
505
-638
-818
818
-423
-804
-823
705
637
-635
447
-474
-91
564
-766
-234
690
-118
989
169
189
536
610
-752
-463
-86
-494
804
-732
643
582
-745
83
166
-310
-535
811
-818
-807
810
979
331
-44
982
-746
-343
-341
978
128
-369
-210
610
-866
721
685
20
-361
323
332
-740
-663
906
-654
221
-180
752
-687
-543
-188
-764
-608
-90
-14
684
-285
37
-295
-312
716
-273
958
948
-373
-426
72
394
737
661
87
-143
530
-707
-14
-602
-359
557
-920
-491
-251
-882
-840
-476
-783
-696
-852
-788
434
-140
544
-955
777
0
-79
-147
264
168
-928
-811
929
-105
389
25
938
-71
97
-295
749
-180
-309
-504
44
-781
-580
656
898
902
-105
-416
356
-230
-992
324
-10
520
733
95
490
493
201
392
-957
30
741
78
-537
613
-518
-616
883
-804
-374
-578
297
117
532
-626
-683
387
757
-36
-451
937
540
-727
-986
-723
-778
30
131
873
360
-667
841
78
555
708
-946
421
706
-792
-897
-861
583
186
497
119
707
592
335
-684
492
-158
66
-442
824
-969
-81
-461
-128
-244
-118
159
529
-911
-552
-485
-500
688
930
332
92
-789
-667
467
7
-832
-858
191
-978
-565
324
427
607
585
-650
452
-902
-844
-621
844
64
-48
640
-588
326
704
-445
298
394
614
199
270
541
-378
-967
754
766
789
-882
-354
456
931
855
-594
-863
594
-131
-119
-765
-46
263
429
648
843
74
-52
-770
-586
880
-931
842
760
385
33
361
348
-146
-989
561
684
-771
779
389
396
-562
799
72
195
347
-490
937
535
-2
-501
-355
-413
-355
-534
507
-953
-143
-870
144
-419
-11
-313
-925
-893
-471
-933
290
874
389
936
-565
74
571
-780
-809
431
-299
882
-592
-891
-210
761
388
-453
141
-397
49
775
-949
-924
464
-874
550
917
-513
238
110
-292
502
658
556
-342
428
-607
-93
-368
977
-533
206
911
-533
545
857
107
-513
104
140
507
981
42
-126
383
-129
-55
-88
782
370
624
-576
236
802
-439
-875
84
460
-156
-551
-136
172
-406
90
-814
-769
991
468
133
83
-355
528
-219
-725
195
-871
-112
223
-390
-769
-633
-720
303
-395
653
-904
241
773
715
-224
-167
195
-370
-901
449
526
-994
928
691
-781
635
-507
863
-660
-730
-730
-168
-666
-903
-843
-117
128
-988
604
-179
591
-731
-658
273
-642
147
-517
-926
883
7
-350
-349
-899
920
801
577
937
834
-89
-63
660
450
-389
363
43
48
-362
947
-658
265
-518
-416
-125
-825
70
-694
-26
752
-238
741
654
824
-27
117
-293
356
278
-4
-516
92
-721
727
-851
-452
-99
242
253
-249
180
-221
477
-471
736
-998
884
839
342
-78
352
277
72
452
-184
628
520
569
-404
229
932
-134
-418
15
959
262
-790
553
-207
943
271
132
772
-863
-46
728
-689
576
-56
-422
960
-371
-879
23
450
-412
404
-721
-721
486
-203
-832
-834
366
196
-962
-643
-527
367
76
-166
775
311
-150
-421
97
992
556
-146
-458
705
194
-998
-626
-228
249
-28
873
-920
-771
-578
-947
-583
-935
-471
-293
-63
525
220
-531
-592
347
-883
-610
87
318
-197
246
267
311
-562
688
100
-907
887
617
69
624
897
-665
534
370
953
-716
588
-925
105
-554
-37
640
879
-723
-318
392
-851
-936
308
-46
-998
-76
-569
-547
374
386
933
502
-998
211
-832
-336
221
706
-893
867
900
-689
3
-589
-895
-892
420
-36
956
-987
88
423
287
89
706
636
-518
-721
361
-140
-536
-97
472
393
649
-513
-654
156
-274
974
-494
259
-733
-815
753
285
502
519
753
-525
166
58
998
413
54
933
69
-322
97
-36
-620
-674
856
-771
-96
-414
-889
-974
-82
-535
-923
783
-615
197
586
-546
-198
772
-213
644
-922
635
704
-65
-719
-18
119
751
-240
14
-174
-593
-660
591
779
767
274
69
103
-354
472
283
616
393
778
-193
413
650
242
-947
-636
-465
-826
-409
864
-23
252
-930
934
781
-520
-689
288
-741
197
909
-620
-104
930
390
-577
602
-60
-443
11
431
-710
324
240
-261
-226
460
-985
-164
679
-517
-775
-901
731
-320
-731
674
-319
821
753
420
740
-278
-600
-131
-380
970
-862
-952
503
572
241
855
493
713
295
50
-47
900
805
-465
-997
-53
-753
362
674
-55
587
769
463
-715
-408
-593
-4
-998
891
403
-660
596
36
-804
-540
-556
-545
995
-873
912
407
-395
-433
202
261
491
-953
459
678
-712
966
316
-998
959
533
-735
-696
-225
-686
-173
-528
-340
-819
-792
393
-790
879
-176
40
632
-133
655
402
-969
413
258
-24
454
751
896
305
380
26
-514
215
-623
184
-33
-841
-648
712
886
-309
-307
172
554
-779
-569
493
-571
-319
-662
782
-328
-371
925
845
367
309
851
326
44
-362
-729
-14
-29
-203
-103
-963
818
696
-881
260
-870
-783
458
