4806
731
-781
-40
-705
428
913
79
444
-1000
435
358
990
-103
-829
619
-630
-395
500
-286
907
568
779
-591
-772
-492
958
712
287
721
244
-325
80
-830
-548
-499
164
294
378
-501
-805
-249
-788
-830
804
-653
683
30
432
133
-724
800
254
-752
-266
858
790
-905
-466
-150
33
155
-242
-318
277
-383
-588
304
111
-145
-698
-817
777
-316
900
24
-181
513
-490
-362
637
712
-108
549
10
223
948
-426
-399
-639
-434
-462
597
-847
236
-440
261
-484
-99
-971
597
522
-88
-369
795
880
94
958
-378
-954
-136
-361
567
592
-976
-41
532
-853
651
280
130
-442
995
579
-48
-86
-909
-110
963
-329
-548
128
779
-132
341
720
-396
946
-625
791
728
-330
454
-649
-718
-350
-317
473
-866
567
158
277
364
25
-799
-351
-668
-617
-600
-268
243
-763
741
870
723
584
192
-986
185
269
107
423
599
-538
531
296
258
-942
226
191
-706
856
-430
81
-571
-352
-340
704
-378
558
526
209
-710
876
107
-935
754
-286
-643
-652
-707
-811
-186
930
438
-135
-45
-433
-759
84
81
157
422
-31
-598
-401
-978
-338
904
-716
-342
963
826
-609
316
-578
132
383
-995
927
384
768
773
-979
-173
-531
457
-748
363
-497
-50
492
-428
-617
-69
679
-390
388
525
-826
312
-702
389
-248
751
-65
-868
481
386
-117
-442
-829
206
-325
20
-773
439
-134
35
330
-242
941
387
-914
-721
545
226
173
-746
868
758
910
673
812
-103
820
-799
280
-866
-409
522
-143
339
720
362
508
-321
81
-138
-865
938
-481
336
-627
-756
190
85
-656
-371
183
-334
674
700
-152
759
216
508
536
980
-948
168
501
-224
357
-762
-148
-472
-955
361
549
-364
671
-927
-488
-395
82
-962
-897
411
199
242
186
-317
-621
-428
-151
670
-967
-768
-982
-724
-33
91
-817
-249
491
213
-37
-291
411
487
-695
-747
670
716
520
-318
193
860
791
837
-166
-156
-279
-804
-5
689
-827
841
275
186
-210
-770
551
-66
841
324
184
-718
608
-85
65
797
-686
-68
-416
223
468
122
46
-373
-343
967
-99
502
137
-174
381
-248
-127
989
-422
-609
150
893
-202
-718
-985
476
111
131
399
808
-980
-498
852
-498
89
-850
335
-719
-628
351
-856
-780
-492
-898
157
40
254
428
-754
-690
339
-95
537
-850
609
-274
733
352
563
795
-643
696
160
127
-269
-401
94
-563
-834
-564
-384
683
185
273
-765
574
-775
-30
801
370
-589
688
-720
-298
-840
-380
-597
292
351
-905
618
-755
989
-675
432
323
-269
-253
721
-688
-845
94
590
-700
-752
130
719
476
562
-140
-677
-643
227
-745
-681
-15
-471
-238
25
8
-912
-701
343
-417
-45
685
385
-850
823
925
520
-165
997
235
681
317
865
-565
-870
-805
107
-142
-240
-606
-958
-618
-789
-107
432
895
719
-17
422
298
-577
-748
-540
60
391
-667
661
370
294
867
485
-793
806
266
-112
-880
986
95
121
-447
724
-475
-93
-30
-560
-456
-976
-228
336
-452
-349
670
836
272
-492
684
101
204
-960
-362
975
746
-39
-377
985
385
-15
-60
-910
235
-977
148
-470
249
92
-961
762
-83
973
-97
-271
-428
381
-77
236
550
197
-989
592
342
-149
589
7
325
197
-978
293
995
-248
-596
-730
437
242
-432
-25
418
415
449
61
375
300
-517
-331
-53
230
703
25
508
110
-188
556
-280
-453
299
-877
-696
412
944
623
503
-119
476
-325
-192
948
-169
-834
-139
-542
-725
270
-372
32
245
306
-572
-653
276
-383
21
-384
707
252
597
-315
355
-315
807
-798
-639
-533
942
-761
136
-621
784
748
79
452
6
-393
723
415
783
-147
335
-614
355
-328
-857
263
-155
-959
-171
437
-654
555
-454
-333
727
892
-186
972
-321
-808
-45
-92
-535
11
-372
-355
936
-557
747
918
-268
-488
-481
-223
77
777
-484
896
-48
-363
445
587
659
-30
708
192
-342
-611
18
-553
-932
-594
-61
657
575
-185
-864
157
-721
-870
936
662
-962
388
-408
-244
70
-726
-265
654
586
-482
-113
689
-486
-402
725
880
789
169
-230
768
857
-673
618
526
-282
-940
881
967
-416
160
733
-573
-605
-698
-769
591
481
447
443
-170
343
771
383
556
830
803
449
-761
141
821
-736
714
-981
-995
412
511
-558
821
-638
-144
527
569
-192
-959
342
-463
-297
782
131
988
814
221
-677
-123
786
480
737
277
603
-87
516
-43
-470
154
613
781
-881
264
471
-98
663
-181
-225
25
-941
245
-389
922
-748
60
511
884
-286
-826
-694
826
-981
-480
263
-361
-280
-965
-64
795
811
83
-436
787
85
-611
-663
676
629
-83
53
163
-469
513
806
-508
-134
398
-502
541
331
-475
424
-554
-98
-511
165
15
412
-385
-461
653
-232
235
340
835
868
227
716
698
-689
-438
-972
445
796
59
635
435
-802
-744
-249
-711
-497
750
-455
875
160
806
511
687
-437
971
-509
-785
388
-349
-752
833
-258
-627
388
740
233
981
513
425
-887
-266
478
-676
-429
61
-693
173
-672
-459
689
-208
-492
-539
600
29
-440
-94
-686
-348
-157
594
-588
49
231
815
437
487
56
307
-145
141
-697
758
-717
-894
957
114
857
-914
547
-513
-11
-922
110
192
452
-549
-88
392
-842
176
281
890
886
327
-747
381
-684
-73
335
376
-77
-149
43
-593
-738
202
928
-518
-666
990
316
510
-393
-413
226
667
-775
-850
-913
66
193
-152
-901
784
87
-570
-598
747
-573
294
-782
727
817
952
518
118
-621
598
-591
-86
421
258
-721
-568
-964
123
-123
-357
-216
651
385
-894
73
111
796
-585
-83
708
-917
237
647
603
421
-203
-180
248
-785
605
-234
701
387
742
75
-482
-961
400
-296
273
-358
-828
439
-860
497
-658
-367
-822
-224
613
12
-541
428
168
420
-521
125
70
840
-609
-536
346
988
401
666
-735
-84
-106
690
-502
368
-775
533
-22
-694
-114
-955
680
652
604
-85
-741
-89
920
945
-946
959
352
220
13
682
977
663
-816
-9
-378
-997
-447
-613
-819
330
-534
406
-553
411
-64
-524
-132
95
-234
-672
953
482
-192
131
-568
253
-635
442
-871
185
383
806
866
-690
835
-260
-800
617
295
28
585
348
709
959
96
-753
427
-358
788
-988
427
112
358
-120
406
-909
-907
69
768
-918
167
-475
16
975
454
65
-73
-241
-764
216
378
980
685
-661
-755
-32
8
805
494
-593
105
343
-821
-753
518
929
482
-868
900
573
531
4
-931
-778
-237
-663
464
-778
-768
133
-810
-900
-724
-921
-500
-916
120
235
-526
465
766
760
-545
222
-773
675
-514
-270
-297
-926
313
-199
-302
410
384
-849
-803
-903
-138
303
-158
176
633
-406
-958
648
364
-76
345
918
-638
-648
239
-823
-663
-325
925
-945
-239
174
-86
-473
248
-3
306
34
595
20
994
915
-998
-975
-574
-971
-143
-779
527
236
959
485
-108
739
205
-227
116
-651
476
339
-665
-969
-349
761
-833
-782
724
636
-683
222
234
-230
-971
-102
-462
384
-221
-711
434
545
968
934
394
-301
797
408
-554
-204
979
-864
269
-326
348
-145
-999
935
249
-539
-637
891
-527
900
250
-108
971
435
-16
48
329
190
225
995
-79
-949
625
692
-968
871
897
-399
189
31
-802
-253
384
11
534
-867
957
836
-57
638
-423
-778
422
102
-584
97
505
-715
952
314
-382
-466
909
-578
616
-102
-806
-170
-941
-87
633
-987
228
-588
71
-561
271
718
-897
-220
-426
-151
273
-246
979
100
-17
201
417
-750
500
895
-232
838
17
-92
963
890
-763
-264
592
559
-439
-136
867
47
309
463
151
206
322
-631
162
63
-851
691
500
275
197
-322
332
-356
-431
771
759
559
-991
-656
-26
-344
-897
640
762
56
433
-839
-273
-247
207
-385
-974
434
27
-682
-447
-235
978
196
189
790
-563
-635
654
839
-652
-1000
-940
798
576
327
901
824
-725
-60
935
22
151
206
828
758
583
-429
85
381
46
-529
501
-513
-14
547
211
-623
269
-159
843
-570
704
-652
-622
-394
-237
44
403
989
973
-89
-965
735
925
699
158
217
867
-721
-637
867
702
26
131
241
-29
-317
-679
697
-922
-665
-265
-961
873
-615
981
107
686
292
166
396
-54
140
217
582
-680
-381
-616
343
614
-857
449
-504
-192
312
-769
-337
-616
920
-956
865
671
-245
-555
-188
-669
749
306
946
612
-701
-144
905
596
217
293
-64
155
699
-880
-188
-748
511
738
769
872
191
621
-628
-443
-635
-857
845
-54
96
-949
362
-494
-573
-804
-354
394
-324
775
-168
177
145
-524
464
-181
150
-424
-796
97
108
123
-799
569
-461
657
-771
14
-208
103
417
-116
-502
427
996
-326
-914
-440
-941
260
67
13
-739
611
-280
-775
394
796
-311
-762
-277
818
176
-529
444
-696
-601
862
326
-841
380
790
786
-104
734
810
-40
-785
788
-231
965
-395
93
-217
-661
624
-958
-935
498
-991
-649
-484
-996
-647
272
946
582
-247
992
-486
875
-187
397
-165
-365
36
-416
-947
-664
182
904
-172
-183
850
-66
-279
-9
555
579
743
-787
159
773
-577
204
-532
896
585
372
-337
162
-281
719
-694
-841
535
472
-447
995
-474
-519
-718
-98
-773
578
591
857
7
501
-760
126
823
-931
-903
-202
-13
-49
-258
-299
-809
953
-305
-97
619
-312
892
-370
-272
-987
-330
-277
-966
175
231
42
-427
468
-833
-670
-651
-856
-996
505
-674
25
-507
607
-836
-87
675
-575
-160
-438
-707
-482
840
904
-290
-458
-646
-737
709
-723
61
782
169
991
595
803
119
-754
-697
-938
-7
-441
223
-142
773
-477
-338
-994
-769
649
-183
9
764
193
-797
196
-396
-29
-488
-183
835
877
803
889
-612
947
-708
-188
-422
561
641
289
869
-644
559
894
-883
-9
557
273
199
146
-603
812
449
380
-559
-17
-686
265
-130
-264
931
-338
591
-987
-171
-919
-959
938
29
-898
-890
-562
-685
-883
17
-336
-381
-177
-883
-185
637
-882
825
-858
-721
324
-76
-977
-835
-868
-623
878
730
437
455
966
-410
-507
552
250
-940
794
540
-927
183
156
57
-516
-696
-274
769
-428
-505
-381
968
428
427
957
593
166
663
-752
100
-895
-452
-859
-930
160
101
-917
-268
278
-461
-248
-203
141
645
-738
204
-377
-77
-248
927
619
311
499
983
-927
457
186
540
-375
358
-903
299
645
860
-733
903
406
469
-721
-38
-572
-627
-147
-74
-248
977
919
957
-157
534
674
361
562
-557
260
361
-935
-435
-913
-632
955
717
555
811
268
-865
-942
823
302
730
-555
605
55
-601
-755
-156
356
352
-165
-495
-89
-730
816
-732
-101
-385
-936
-238
984
858
-879
635
-990
-16
891
200
-196
-791
-105
-61
682
520
977
-910
-124
852
554
-383
-74
20
-850
539
804
551
-907
-891
-677
397
-347
455
-733
-219
324
-936
384
339
-437
852
-360
269
-778
381
-321
-893
599
-308
637
970
395
306
-462
803
-699
-145
80
172
-362
-978
102
-926
-802
-869
333
-255
635
418
298
-725
496
678
-492
976
-158
266
16
-448
-708
-689
-231
-534
-142
923
-757
-608
434
834
-114
90
-74
-92
-609
323
-186
627
730
-77
-149
-834
324
-246
-962
687
-571
246
223
654
-333
706
898
-528
345
203
-509
416
166
-593
202
407
-414
132
-934
955
-772
627
835
370
-434
-529
-697
-271
82
278
154
645
526
-830
-126
-611
522
860
-354
850
738
-273
-621
-876
-985
-364
513
-685
-480
111
-395
-633
-145
325
-376
-564
478
617
388
-947
599
-254
-810
-805
3
249
-385
-709
186
884
180
730
121
-405
-778
-963
-126
-28
-468
441
653
159
780
651
-323
768
40
-314
237
660
-107
-985
936
-255
-601
-298
232
815
217
763
-105
429
-87
-549
113
274
831
206
283
-895
61
141
780
408
818
589
249
-923
-87
691
-161
244
-65
-221
-583
938
866
329
-126
951
-540
-781
740
316
479
265
527
937
498
-374
-331
-543
-822
244
978
653
924
224
249
153
-786
-792
-935
655
453
53
-226
398
185
425
644
-874
37
-138
727
819
-133
-759
310
-684
836
503
421
103
117
914
-223
659
-163
-57
127
401
-869
200
-146
-377
-148
-991
11
930
-926
793
354
208
688
-9
242
968
818
-18
586
854
-679
567
-465
807
-348
905
767
-259
-278
-936
-368
-721
-860
-873
-126
-655
312
-197
-525
-421
-849
-323
529
-456
-632
-741
490
78
-90
989
-513
-668
-636
671
679
-59
553
-497
624
-896
-889
613
-816
233
141
10
73
-656
428
-426
891
348
470
-422
-636
-221
-590
-553
98
-168
796
-167
-455
-974
906
659
-112
-955
-582
-744
214
992
695
-29
114
610
426
-892
664
-327
988
712
359
-359
-135
-221
-625
677
-527
-291
-144
381
-471
-970
-883
692
-338
695
144
908
-423
-425
247
240
-882
-698
300
382
527
-550
-910
144
-867
227
315
-202
-354
61
-202
849
-790
-174
-954
254
159
-327
-690
-211
245
575
649
764
-148
896
118
-779
209
194
304
-270
-976
-689
891
-712
-925
285
-246
-409
568
827
-434
-436
-352
-486
617
-48
548
-891
817
177
-542
-561
272
-389
966
-56
823
259
-268
-501
-861
960
-543
375
-376
310
369
136
-934
96
-614
-287
330
-375
-472
-39
413
-168
-502
383
25
-650
-998
-773
168
-548
282
-686
-929
141
-646
-27
-632
350
-506
-617
956
990
155
617
-115
-106
-358
852
878
-610
709
722
182
824
231
74
793
-162
-111
182
-377
659
558
-429
-767
216
951
116
773
-978
-429
-910
59
-829
-810
996
-905
-245
-165
-569
191
-964
828
-677
535
406
-242
-454
920
509
841
-954
479
-139
-171
381
-927
584
-223
811
-180
-714
-708
-803
361
-854
678
141
-386
181
129
911
832
-22
321
327
853
-603
-814
-108
-553
281
-295
941
-731
884
851
-553
-92
705
-151
224
-654
473
261
827
763
87
526
-184
372
-969
-17
719
-907
394
-841
873
84
9
409
396
-516
-413
259
-879
-547
-602
-677
3
-868
-730
677
-859
-309
-116
-622
960
-732
-387
995
281
-786
693
427
364
-638
-319
-398
983
24
-681
-650
228
698
-654
379
-764
-54
845
-925
469
351
-213
-743
816
-421
529
-265
785
-792
113
-456
-556
-192
884
-392
-568
652
-269
-857
-253
-284
209
76
-926
486
136
678
763
113
79
974
-623
353
21
824
-285
-267
926
-135
354
-709
-265
2
-276
878
870
282
-454
998
-61
986
-670
-834
-835
-175
-70
-942
282
952
826
-9
-769
912
-964
36
904
55
67
-690
-203
-118
-267
2
-590
-476
-473
-68
-799
581
-749
20
-475
366
-72
-424
238
-760
-705
-92
988
-892
357
29
-607
701
-118
414
-104
-278
-92
-470
828
95
592
-528
679
819
-41
365
-904
-691
521
-997
751
-649
297
198
792
581
-923
783
-463
495
-640
-278
890
745
861
-718
-424
-668
-22
-579
918
749
279
890
137
163
626
-122
287
982
896
-162
-77
187
297
62
975
-612
-815
504
734
-532
-545
801
780
-616
508
-219
925
393
825
762
-569
230
93
194
-738
439
-390
395
-422
452
-421
785
-586
-997
-164
658
-697
817
-650
178
519
543
-363
501
-707
254
-312
-374
539
-562
405
903
468
-417
998
958
-312
-733
884
-1
205
-709
718
744
-69
653
646
-488
676
487
-232
-95
-289
14
-88
571
-736
-977
-489
117
-523
838
482
550
15
-499
-473
145
219
-308
-796
952
268
-257
-898
456
-185
-315
107
946
875
-108
-804
105
-549
330
-565
935
857
-561
-19
986
-432
-266
227
-340
-226
546
-877
464
-948
181
78
680
-500
-28
-258
-252
814
-506
494
-508
655
75
934
351
894
-454
641
44
460
-542
732
557
768
-414
734
188
212
-492
-913
-754
-497
20
-666
372
864
-770
354
-880
-413
325
-667
260
436
112
-920
-10
-339
-608
831
-945
-771
-612
411
451
88
-291
-443
348
645
517
-802
-433
584
362
704
-992
955
-271
-161
672
523
150
-126
308
-226
87
441
274
-292
-48
682
821
-911
706
-581
-49
-307
-84
-66
-34
-395
-293
884
-809
266
205
-401
767
-45
210
-935
665
-662
283
218
-327
-575
533
474
-665
-977
-321
-732
816
-678
182
-926
-730
-718
658
27
-649
360
633
-58
571
-166
-319
-391
230
-452
787
-462
942
452
939
-270
471
897
-116
417
-150
-791
-704
-926
-412
-898
-499
-332
714
924
51
-207
-869
2
-414
983
-146
91
137
592
825
-552
-615
737
-237
-372
216
-372
706
-349
865
929
606
-401
344
-248
-969
-816
-869
804
513
415
-75
932
909
520
-676
-917
596
898
10
-150
-452
733
856
-329
557
150
-26
877
973
377
-392
-161
-185
-396
-165
-838
283
724
517
774
543
-81
-903
-248
-174
381
-726
-729
-703
563
903
665
227
589
517
-182
191
968
202
-935
701
521
517
542
-22
-627
620
683
-651
-738
-195
-737
598
767
-891
529
-305
-731
623
751
586
-31
165
146
-367
110
-462
-179
-595
-92
152
115
-10
806
924
147
-214
-386
-721
-63
457
995
24
850
-612
724
-243
371
293
-76
-463
726
114
802
-569
90
860
211
-540
-571
60
-322
83
641
988
724
-974
849
-69
666
-871
239
-278
341
-149
83
660
593
725
-831
635
670
83
368
509
-441
-686
323
-938
-704
-368
981
-994
-117
127
182
-669
-857
313
716
-399
-73
990
760
910
-550
936
-649
51
571
207
929
-780
327
-135
-895
-496
967
761
945
-589
-711
344
2
-391
63
-943
-267
190
932
-250
-71
-415
-314
241
369
551
629
-155
-623
363
774
338
-635
611
292
551
-370
542
580
337
-470
-695
467
-158
879
-943
-434
-51
-76
258
-706
926
427
-882
270
358
639
-358
-918
996
-186
978
214
-528
-765
61
888
752
635
-565
675
-195
273
410
304
-624
944
-88
-261
550
309
691
-584
-349
-393
-884
881
611
-284
-373
-723
-117
457
43
-50
349
-659
694
518
266
283
-613
391
818
-134
283
-58
24
-838
996
139
-495
77
821
296
-293
-576
80
99
585
-875
-803
786
348
558
331
-718
-770
456
-911
868
-152
-718
-637
565
-444
-88
-656
328
-100
48
136
-366
689
224
587
465
808
842
-83
-502
-289
726
-491
942
605
-182
341
696
-745
440
484
661
814
100
-10
705
-474
-287
-819
-38
-286
903
-327
355
-485
-269
795
839
480
-790
791
792
-874
11
-505
-333
496
657
-339
-494
427
-895
-927
62
64
966
-952
654
-740
-409
229
560
733
626
185
547
-414
-681
-25
-417
-443
756
834
-478
85
744
535
775
667
37
279
485
414
391
413
-959
690
-692
30
-191
-68
-353
526
-145
-800
-747
-914
374
27
-893
-813
-373
-515
826
-301
-437
-594
753
761
845
753
-595
-200
-812
437
-418
795
388
600
-151
507
670
455
-2
-854
185
929
853
-916
-433
-599
890
-683
-271
650
-862
861
-184
165
-343
-224
-839
-59
-774
611
-908
-380
186
257
-726
-570
-319
163
-408
163
-154
-115
468
227
421
-11
-77
769
320
-289
308
50
176
4
-515
31
-602
66
-64
317
-238
-340
953
910
799
321
-777
881
585
-886
-124
-332
-68
333
195
409
618
31
-491
-313
664
-330
936
-489
7
141
-931
943
106
-128
532
-244
-488
775
566
-904
-368
320
527
411
788
581
998
701
868
-932
-726
185
-441
989
-742
174
568
462
17
543
-325
-933
-883
330
427
-159
91
-394
113
-999
752
-187
-157
338
230
-599
-378
215
993
-669
-95
608
605
-154
449
-220
-138
330
-14
-885
-461
-131
-415
-110
-480
20
715
408
-665
-673
560
69
-21
-646
650
715
336
-609
-732
-812
874
857
185
938
-672
-892
-437
-970
685
-800
-580
161
-109
-779
-948
-570
220
800
207
-808
-754
-789
-230
703
-918
986
-278
542
-190
-159
337
752
-860
548
-881
-719
216
167
185
-951
642
-812
728
563
452
-406
-208
-420
-269
802
715
-970
915
-883
-126
-516
-542
202
295
128
335
788
-750
-16
-155
-57
-154
-152
-505
515
79
-976
-438
-55
-757
358
377
466
578
-537
-903
-593
-285
230
394
235
204
-289
-889
829
261
-843
810
442
858
-185
-65
-409
292
994
355
508
675
80
568
627
-295
366
-24
-656
-59
331
132
-85
651
-404
712
-552
957
-708
764
-520
-360
-127
185
504
-194
-694
-202
871
-821
-668
-769
694
134
508
241
936
902
-386
-76
648
286
-388
-571
921
407
379
-49
-104
-808
888
-522
-81
-332
199
-256
179
673
-613
-97
492
-944
-430
591
-699
30
392
745
153
-106
540
18
-258
48
863
675
334
-358
-184
-683
383
978
117
553
948
-83
477
897
973
-569
-800
174
314
-777
-97
983
77
366
40
-861
156
717
10
-828
294
672
407
960
333
-534
-281
-499
977
-242
617
-104
574
199
-587
-975
-276
-75
364
-537
660
-332
321
-68
50
795
-415
308
-875
-866
253
-800
788
-831
-823
801
-677
153
-532
795
-541
160
696
-280
143
-75
-332
229
-894
-802
-268
221
606
667
-22
-144
584
-520
742
16
279
-721
-39
-1000
364
-745
295
282
-581
-739
59
-253
-393
493
948
-580
651
-339
-179
-928
853
-394
779
805
-3
576
-977
-807
-109
-678
91
-661
-201
-126
-127
-990
-894
775
-729
318
338
-568
-969
617
450
920
-285
-103
88
945
326
182
919
242
-523
274
-507
-601
-748
426
-825
-397
-427
-888
-247
701
-741
65
10
-60
-180
514
579
303
677
-622
536
-618
-632
-125
-121
-505
81
-341
414
-378
-602
346
697
900
-548
23
248
170
-202
571
927
994
985
745
-952
562
651
841
-861
103
-983
-896
573
-214
-840
622
382
-975
51
-125
956
740
467
78
-386
-326
-659
-364
-869
-735
228
-454
672
-506
544
-737
672
102
231
-440
277
-414
407
-215
-555
296
-635
-995
-415
452
-848
-861
967
451
-225
549
535
-769
-519
-91
-894
956
867
-105
-82
-979
-93
-171
950
-940
-428
-797
-130
133
-30
240
133
357
-139
245
35
772
235
-195
-318
388
-898
-463
-391
-267
36
143
722
223
-587
-906
285
-5
40
385
-98
-817
-410
558
-238
67
-800
569
639
-60
843
777
745
-91
937
-265
336
797
-444
439
-569
290
436
213
-640
575
-656
-115
722
836
241
-362
-884
-741
721
12
-300
-398
-509
232
136
346
780
335
-330
-293
-434
-284
839
386
566
-678
486
-744
828
218
910
32
-201
654
-15
-228
-557
-776
453
892
746
657
920
837
495
-622
933
170
-661
-808
-1
666
-626
232
314
373
-121
895
681
492
431
-892
801
932
-657
-579
-643
-937
-846
-821
603
-953
-412
-413
371
495
-998
-791
120
121
-916
-533
-409
-363
813
-25
317
445
-677
-662
-395
-958
-782
-857
-754
929
475
-512
746
872
129
883
163
336
-620
4
-119
70
-202
771
-473
-183
723
-70
115
-270
-50
-666
35
-277
391
159
-419
-514
841
741
887
-421
-817
457
670
-811
-842
853
674
665
-35
697
-35
940
-807
-749
52
-783
-155
-310
-778
836
151
-841
-78
357
654
561
-778
644
183
467
802
581
-865
332
186
-240
275
819
522
-311
851
-603
-364
663
629
-243
661
834
-459
-722
885
-706
-86
-304
973
479
468
484
-109
-457
-191
-10
417
323
-496
46
-556
895
925
659
-592
-687
954
-35
385
825
14
261
-132
-701
-409
-453
-172
-523
-356
-636
184
-229
-83
622
185
333
908
-767
138
-390
948
3
-64
980
-873
-616
-215
-153
-394
-75
633
-873
-22
-929
15
-411
240
-507
358
-899
-32
295
23
64
526
177
988
569
201
856
719
749
-878
703
-175
996
423
-682
39
79
-868
-160
591
-379
-997
-528
-800
958
-62
367
239
811
171
-35
-402
-417
378
530
63
-258
-881
-481
758
641
-21
-267
-532
-973
-881
-479
416
-772
911
-29
-296
-361
-618
-166
-107
-463
-316
127
-332
-511
-286
-310
-975
-578
-699
-876
-666
-926
-15
-6
-606
-55
-331
-102
-588
-459
-924
174
-970
-222
788
66
-201
769
399
-157
-95
-557
615
-186
-247
659
791
754
900
-463
292
76
70
-585
706
77
-42
-583
-477
-46
-354
430
-150
-401
-81
-59
-514
-32
-703
-186
442
414
-905
695
-847
-661
689
983
-242
-726
379
-453
634
-50
-669
-398
-345
-723
488
790
329
-464
510
226
260
26
-467
-997
961
530
-295
972
234
799
-611
-366
212
-112
625
768
-995
-827
842
-448
443
733
-736
-729
-236
652
699
-220
-645
-951
726
-795
-680
-366
-490
-171
705
876
-828
-474
-412
555
870
-921
439
-839
-964
466
38
247
37
-619
-965
-978
-94
-470
92
208
658
-379
-50
336
-67
-870
344
-197
701
-567
450
321
806
-537
92
-12
133
650
-613
-532
-154
-816
-274
212
288
-963
111
-172
-708
-17
149
-100
-317
-913
949
74
-619
999
-39
185
773
-6
361
758
-543
-92
-682
-288
-224
-944
-90
987
949
592
-951
-496
-352
-772
890
-459
371
74
273
-396
-479
-954
-395
187
194
-450
767
736
964
-531
-615
-417
-260
178
-91
897
-806
188
491
-918
-886
372
186
992
-185
-905
-752
323
170
-385
293
-115
-592
-867
785
-313
633
484
-179
165
509
-875
391
-561
281
355
783
-643
-297
18
542
895
716
-463
-601
-970
74
-927
-859
-686
-938
-495
132
-519
-364
616
172
593
-866
206
88
394
-828
310
757
859
-211
-916
614
199
-213
823
948
