419
-936
-925
-317
-674
656
475
-265
-993
437
212
-380
-261
-517
-229
958
436
518
994
-911
-39
-134
-953
855
303
826
-605
-919
541
770
829
722
-124
-512
104
-112
-103
221
-320
499
-895
394
-516
-904
664
-11
112
751
-355
-645
-893
743
414
-729
-57
988
91
617
-790
711
-791
-766
152
372
358
779
-309
-303
356
965
-688
-654
565
-549
-649
-383
-271
883
327
130
806
116
891
405
-596
210
845
-827
979
68
94
317
-372
999
63
442
-542
-501
447
540
-365
-69
-335
310
-466
522
280
949
-981
-327
-606
173
833
-555
-465
526
-120
-723
525
-171
140
-607
210
736
906
-491
580
-118
730
-699
-664
-636
-487
772
-779
852
-46
973
900
775
409
-742
103
-894
-572
-830
451
-218
-346
-852
-741
210
56
-414
-358
-62
374
882
-723
277
-508
-866
155
125
363
755
481
912
-939
-986
462
-741
-272
922
-456
-731
306
207
458
449
-727
-844
59
-98
-819
-275
91
-423
-603
-337
-644
-414
483
-648
235
172
189
-932
249
669
-231
187
699
-379
-620
78
634
-340
815
-833
-712
916
-730
-760
-480
-290
30
196
-184
-248
203
-221
-570
-12
491
-183
-212
323
-973
-347
193
944
579
558
302
-742
184
-247
-575
553
-689
-488
-303
-878
-543
413
208
-619
-993
509
934
532
-453
607
-353
-898
-960
371
419
-151
-192
-561
573
61
600
-347
-149
877
273
833
162
769
678
-243
10
-49
-51
935
173
-583
372
203
-632
-193
-6
-102
475
981
503
124
-781
-753
-936
881
241
-648
-965
227
-633
-877
-445
743
-354
-392
73
-365
-137
272
575
537
956
316
-62
705
-126
495
971
-75
766
-131
162
-298
497
-293
-255
-339
-191
-635
-688
699
-43
158
-767
545
-884
370
586
956
-677
264
-85
-104
961
963
443
517
-759
-872
-444
-569
-580
-23
407
775
976
944
-851
-489
737
-825
-197
-733
-263
964
897
-589
-561
-989
543
-275
618
-421
948
839
-927
-494
421
394
-32
-324
679
-958
216
31
-423
-735
-668
-510
640
916
996
-60
-944
318
552
-632
-988
-736
-901
-322
-469
-102
649
-675
335
59
110
-739
851
931
956
529
8
-118
712
-63
-116
762
258
-59
