6247
782
-177
595
-36
639
923
650
-45
819
-243
-35
291
244
663
439
-876
485
-807
714
857
583
-71
-597
26
-392
98
-790
895
-8
-472
-275
281
-967
-535
872
-965
467
607
411
229
402
-669
631
-255
-659
-357
574
-810
787
500
790
-710
387
-821
-726
-363
-664
4
798
-208
15
174
-932
524
-25
-130
-672
64
-188
-233
556
698
-896
716
9
-890
-577
-932
603
-436
45
-100
-145
-940
390
-766
531
452
513
-515
-382
26
874
-14
-933
86
59
-318
-34
751
-170
-937
-446
133
833
-899
597
550
-833
-947
-31
426
55
-332
104
937
883
51
-612
397
-824
-480
-244
-590
316
-167
943
-407
-695
-839
726
92
748
-110
-254
-836
586
234
898
22
-752
-877
6
-940
-234
-590
437
623
-433
290
-297
-942
335
-239
-464
74
-726
-809
-678
-406
-539
934
-323
652
-933
813
-882
49
-674
-905
-447
440
-104
-655
-68
925
-116
-519
-342
-871
-546
50
457
696
-340
3
-463
-1000
-696
-641
-719
-931
-365
-465
487
513
631
988
-581
969
-495
921
-407
83
-519
732
697
827
335
-963
317
92
-796
-505
230
-621
450
-836
-621
-368
73
-202
-568
694
263
-217
-665
242
-493
-319
-307
-888
-857
-62
443
168
-745
136
351
-496
-318
-270
559
-869
-988
-569
-78
775
-363
527
139
-652
274
-17
-654
696
-266
66
-191
-384
628
-45
744
625
68
-120
29
733
183
-1000
-253
-864
-487
156
-890
-454
99
835
-367
423
137
144
348
730
-586
-914
-971
-888
178
-236
-167
-719
-2
-380
-384
-279
-212
781
306
628
-83
-224
234
-303
-24
527
725
-995
-252
465
-793
312
99
915
-246
917
-613
601
-812
506
-687
-431
340
-312
-748
-824
-424
180
-956
-554
287
516
-243
-619
966
-267
-76
335
65
-727
-756
-939
-473
750
-539
-180
-406
-183
675
-287
498
-430
-186
-50
566
9
843
212
-922
230
-770
200
23
-370
-486
74
-596
-590
79
-112
-307
-15
63
-30
-649
317
-603
-225
512
-181
690
-483
853
244
741
-83
146
233
-778
540
204
307
208
357
-145
600
-935
-379
-240
-950
239
-457
142
649
848
-323
73
-775
598
288
-178
238
637
558
-177
67
371
-173
76
282
651
147
688
894
-723
-477
-326
981
45
-73
-59
-543
311
-250
567
-843
-540
-198
-557
-427
-852
147
-293
566
504
-549
645
644
498
484
584
-29
652
14
596
413
297
420
-84
-567
-356
374
-975
-259
-613
210
300
874
-305
-53
151
-970
891
908
-72
-377
343
-458
123
155
376
740
459
-731
797
784
109
146
-136
846
-950
-215
71
806
759
-496
-513
783
402
-933
-812
-681
-630
576
327
-641
779
102
-323
515
757
924
951
-713
697
-122
435
669
208
-335
335
452
551
328
709
-678
-758
543
263
-847
460
-915
232
0
576
487
117
80
-632
902
383
-649
327
810
149
946
-859
-647
450
-438
-849
960
-688
-407
-569
-998
-648
-25
863
318
-88
-579
-962
-830
719
538
-35
398
-296
147
609
380
624
-955
517
699
101
-153
-93
-286
910
843
815
225
-831
-877
-561
995
-107
-976
779
225
-123
-187
669
-32
220
954
-603
-758
-45
765
28
570
277
-974
-765
881
-580
171
-200
-347
154
339
-477
-695
-507
-699
-669
568
-193
394
112
235
-255
606
-451
-982
916
-764
44
-609
-596
-608
317
-618
-718
994
-267
-703
-820
963
343
-761
-933
983
-207
92
512
-573
294
12
-981
-312
-541
209
770
701
480
293
587
-629
454
-975
-921
-31
-521
467
890
920
-690
318
315
-95
324
571
-268
-437
108
-610
150
704
-148
-461
333
-241
648
-57
523
52
-995
484
228
-77
-922
-716
-826
708
846
358
914
-711
-828
-611
811
939
-396
806
90
-367
423
514
-644
642
681
66
-983
722
803
-831
993
169
997
-245
548
385
626
603
-146
-146
551
577
-962
-488
-375
-733
-606
371
618
314
401
-992
888
-770
4
-596
-558
924
-62
342
776
771
998
702
-306
766
-561
-631
300
411
-588
305
533
74
482
-839
-622
946
899
-113
-389
-787
-660
-486
401
-44
-108
626
-421
709
924
-434
-581
64
160
-727
427
-79
-248
334
-966
-344
203
-253
-179
629
-271
-974
-876
62
818
-303
266
-973
737
499
392
424
895
664
487
-943
-915
-849
-369
589
129
-484
-991
553
36
-843
254
-362
423
806
-894
228
735
-428
273
925
-444
239
-100
-226
-527
-432
-33
-560
-599
-638
538
21
167
-931
954
558
431
125
-397
665
759
-175
-947
968
-468
15
425
-579
-814
534
-258
-447
315
-229
-77
-156
-333
-363
-901
-98
-106
-636
-711
612
303
891
-178
-665
-195
814
-346
-906
436
327
75
-701
110
339
-108
227
-292
361
-689
111
-595
763
294
584
-807
-75
480
935
586
370
-457
594
552
-451
-575
-5
864
933
61
931
-640
74
396
-229
-991
964
-102
-101
-271
-604
199
-837
413
-174
-841
30
376
-604
-942
815
-150
-784
728
-908
647
-56
629
-913
-342
-763
-755
-524
526
463
164
468
698
-632
588
-281
-777
904
684
-311
-497
547
-326
763
195
-585
485
170
-248
-270
-591
-35
-688
-704
47
471
801
417
-24
-67
404
-87
951
-238
731
178
576
301
512
-164
593
444
935
468
963
82
-49
-782
-532
-836
858
652
181
-575
-458
-728
-477
-345
551
799
-715
-606
-285
157
-600
-40
474
661
586
496
-624
-910
-583
-215
57
952
119
-633
800
120
-835
8
611
-686
-775
-172
222
805
-75
99
402
-270
533
-136
-286
-401
925
379
-182
535
-387
821
925
-738
954
20
761
850
473
575
-71
542
-821
515
983
104
240
523
123
-486
137
238
-667
142
814
-910
-349
274
233
127
-129
411
-323
-337
-887
-907
-202
-367
172
-232
318
-660
719
-345
-583
-79
874
-606
814
297
-477
396
467
-691
-732
455
-668
-491
203
-118
735
-520
-946
-508
847
-238
568
555
482
148
-203
-179
601
388
358
312
685
-251
961
69
-840
402
88
654
-393
-460
-556
112
42
995
445
828
-988
-311
329
-792
150
-398
528
179
595
640
-200
885
719
-453
865
836
-759
597
350
-653
706
827
-434
-907
600
71
-265
943
-828
66
671
812
-548
200
214
922
998
836
-573
-623
171
-646
553
804
-717
547
-779
800
98
-989
983
-31
814
326
-677
708
-228
553
-509
-329
167
902
514
893
428
647
-392
750
-684
971
-619
58
-97
-682
-452
-674
521
-990
182
255
636
-60
-401
-28
418
170
209
-752
-395
240
26
-564
-602
113
925
-781
-778
-789
771
103
-285
795
-693
-766
562
359
293
999
934
-197
679
822
139
923
-662
-418
258
344
-716
508
-711
-914
-318
818
-347
969
-318
596
-209
-249
-469
987
488
-103
409
812
-54
179
217
851
-995
419
797
360
819
-850
-740
-460
609
-634
-423
301
-438
-456
-274
685
-903
-863
-778
993
346
-351
452
-147
-762
-857
-45
-451
554
-404
-502
326
-477
652
555
794
-184
367
-39
-757
803
903
-12
567
765
-815
-717
-31
357
237
-452
-912
-243
779
-286
-751
978
91
476
72
-842
-457
78
356
235
-867
215
-496
349
-749
-762
181
237
111
345
-659
6
-705
403
-510
-674
-382
857
149
715
842
-230
-661
271
409
-743
-638
625
8
776
-607
-391
855
-77
477
536
222
-43
984
-830
322
379
387
233
-156
164
596
439
643
-991
-813
-153
529
191
-673
545
227
653
-882
-367
-686
236
-943
-622
-81
-653
-395
-996
-412
-612
102
-522
-555
-625
-130
-150
421
904
-148
485
852
-569
-129
-233
-474
-891
-79
877
-785
830
769
520
-69
-849
24
425
218
-52
-259
-516
616
-82
565
382
-821
-616
98
-835
-571
437
892
-981
-182
-848
109
-179
-21
608
69
-74
225
845
830
-149
149
787
714
883
-565
-766
377
893
639
639
-793
-226
-168
411
306
917
-758
510
681
365
-904
560
463
-497
-11
-924
959
-176
843
-543
-854
-402
-763
558
-244
851
887
-343
604
-316
493
324
-158
-663
-399
108
51
232
326
184
231
-608
-830
362
-420
-865
104
-971
-413
864
451
508
776
-747
-833
594
-768
-787
432
-860
347
867
-714
911
-968
-493
617
-449
216
-72
974
405
426
647
-676
-332
-490
-542
760
-344
-875
602
364
-205
877
-956
-74
901
779
374
412
-344
-887
-689
94
742
-81
576
532
823
-539
-21
598
-390
-393
-618
-85
-721
-191
844
504
-337
26
-351
-166
-423
877
-513
-705
330
-479
849
-177
616
-629
-68
744
-53
298
581
742
569
288
675
386
-644
-688
530
-911
578
946
353
686
848
-428
-711
82
-957
587
42
-850
374
263
-573
811
777
-796
286
585
292
748
-906
148
-776
-406
-187
-11
-450
-326
-321
37
-274
717
-171
-596
430
-1000
726
-57
-171
-37
456
-953
-869
-833
15
-698
959
-167
-296
117
-236
667
389
-319
-951
506
774
-172
900
-918
-353
568
778
565
187
38
349
234
-547
-99
-637
450
159
-370
95
-417
986
-893
-482
-531
0
128
-624
346
-775
946
-400
-14
264
-829
850
898
601
624
904
430
-71
450
626
-513
418
568
928
-268
-958
854
756
169
39
647
393
277
-103
45
10
-931
339
217
-704
-874
-689
310
956
824
574
832
-163
445
-639
-526
-801
121
-856
-579
129
-396
996
500
144
-941
970
324
-795
132
-858
-319
-281
328
-487
-260
-977
-421
-319
-431
343
238
-924
-772
-803
694
585
-165
906
381
3
575
-391
-633
378
-500
-634
79
904
-896
-779
431
-115
-160
-116
335
-241
-690
-658
-860
129
55
-811
-518
-81
-631
-213
-68
947
609
-251
32
-745
2
-771
576
392
-94
-566
307
-924
94
-274
-710
544
782
-180
-811
951
228
932
998
-973
429
-996
62
417
618
-276
-220
853
680
422
-380
313
715
-95
20
-653
-551
913
-79
194
-429
20
312
484
-97
379
-304
360
704
275
-571
938
455
687
800
305
995
-876
705
-959
99
-160
-161
-595
925
-616
518
365
-329
973
559
295
-174
58
-179
589
694
221
-221
259
344
-257
100
156
-471
562
-46
-416
552
-618
-168
924
-728
744
-381
-410
60
503
315
-566
-658
740
-145
118
-545
-331
-466
-65
88
-330
-398
798
559
-226
231
891
102
-39
826
340
-562
-985
764
-550
505
128
-730
824
-724
674
870
320
-877
745
839
628
894
873
47
-226
-455
187
49
-755
522
-222
307
-980
899
73
-789
785
-232
-374
-398
911
-374
461
-246
248
-174
-500
-404
994
-855
-848
-134
276
-972
-279
835
-498
-403
830
-315
723
-4
-737
-4
4
213
-956
216
313
-278
-283
-211
574
-863
548
309
-999
-655
-22
768
228
-874
-739
-597
427
580
-757
110
-653
-697
-11
240
964
-183
283
565
133
637
0
119
451
985
-70
-142
-515
-448
-472
89
-385
333
176
-745
-775
-708
132
656
-548
-478
-448
854
-960
461
99
-9
565
789
680
-381
-636
-110
960
-437
448
984
365
245
271
45
-531
268
399
-373
385
68
7
544
969
444
523
-622
-929
572
-549
257
-132
30
-39
581
-166
-375
-411
934
-328
-72
-170
-693
35
-295
-345
330
-201
625
876
-883
626
268
-928
486
-559
163
-627
841
314
887
-986
664
-636
297
244
92
743
-644
27
318
-948
338
-519
678
-784
-142
555
91
571
-693
683
-663
103
-253
521
-959
815
57
213
-774
677
616
71
645
-560
-324
-101
174
241
527
412
766
-464
300
-916
-946
-648
-779
-883
710
-213
848
-129
-45
-285
-468
918
-874
-137
-79
-137
-55
854
438
592
-194
370
108
-47
64
-212
-297
347
-150
281
-68
-429
870
910
-634
642
765
285
-429
556
-291
-309
44
-148
-630
637
65
-904
875
943
706
166
-331
-816
395
-485
165
413
583
-245
-842
-263
-187
643
690
-970
792
-498
-635
787
-728
327
-499
-62
630
-932
-466
421
-948
780
-317
-508
-445
-163
991
-387
30
684
-991
-616
-220
450
485
-330
779
463
-330
534
0
-171
82
35
403
-540
-729
-146
926
-355
697
851
-538
646
997
-470
-677
-263
-1
-675
138
-759
808
449
-191
306
-420
-749
-766
-517
535
-928
-671
-629
712
752
-361
-571
-915
737
105
-142
606
-196
563
-902
998
-123
798
926
667
724
-287
-571
479
283
275
336
-385
836
270
-20
888
-231
111
356
-486
-385
842
-415
-91
495
-773
383
368
-734
167
-836
88
153
849
80
965
-505
-776
980
-631
-677
734
-224
-847
-67
-157
421
814
340
832
820
941
242
399
169
-718
237
535
-985
212
459
-602
-735
993
-231
455
627
98
600
-956
235
-6
-251
117
183
-856
-797
-651
251
459
774
597
703
-171
-401
666
803
440
927
578
848
814
-246
-764
-467
-363
858
837
490
-170
141
-889
797
-410
-500
-180
-922
518
-168
-520
801
133
-157
-27
-648
-90
472
-561
-94
-116
-551
-913
-52
-79
-861
-26
115
502
832
-961
-773
-731
-152
263
286
-382
-203
888
964
352
-590
960
380
864
398
177
-203
435
-509
-830
-901
-559
862
-797
513
322
427
798
-953
-390
638
-744
824
-142
607
550
-77
-271
99
749
-364
154
-588
210
-385
-178
221
240
-280
994
-557
-25
-271
-165
-173
-879
577
982
116
-303
-259
788
297
565
-810
-414
502
-70
-272
-553
-597
-82
-6
487
354
-592
846
677
-591
164
22
101
-979
-78
25
638
-261
254
481
943
-812
-269
874
153
-572
-311
-806
473
831
421
-729
201
385
847
89
-516
336
-977
-930
-120
145
49
563
913
515
-184
-106
-513
-357
-834
853
273
365
-24
946
587
-235
632
966
555
-769
-435
622
122
-951
-666
903
157
66
35
-590
219
767
-900
900
-935
698
-277
716
273
-809
-684
865
370
-859
485
184
-864
893
56
943
684
-165
-875
969
142
998
-284
134
-626
221
385
478
435
-961
-344
-981
-589
599
128
64
9
-29
340
-343
948
143
-676
-768
-421
-845
-118
-535
63
646
-800
955
729
-83
864
412
451
-365
411
279
-717
327
762
380
993
-595
939
-347
313
-990
915
737
-788
-496
578
-577
-559
-343
-363
872
-823
-397
-764
-8
-416
-623
75
347
-353
-758
518
-239
815
953
-906
-355
440
-976
-528
-480
-185
281
-27
-804
-978
-246
428
776
-987
36
-454
400
878
-727
-268
-939
-154
263
-580
-104
-904
-443
-521
-866
251
-359
31
241
-388
420
-412
372
-362
-437
557
736
-723
947
188
159
-21
503
-976
388
626
105
-684
-827
-272
467
-140
-857
464
8
16
453
-708
-195
313
508
480
-803
-199
629
-901
605
31
79
-161
-403
487
249
-761
-713
25
826
-1000
680
-648
-899
672
-616
186
-484
107
-168
-729
-121
-107
-458
-806
257
378
-928
-508
-360
-568
403
704
847
902
-962
290
-295
94
-808
-791
852
-507
283
-445
-880
108
-741
-992
891
15
807
302
-726
330
-917
-701
-74
-100
-465
-742
-176
787
-336
-28
946
375
409
111
260
275
-338
-331
-936
-611
340
75
370
135
-784
-198
-633
830
-565
-821
-158
-176
-882
-134
477
-949
-944
189
994
896
857
990
-819
-698
2
-748
669
-774
76
-880
664
-780
-39
355
-712
-10
-566
-387
-362
77
134
176
-575
-662
-844
275
-325
634
-234
706
-47
305
-910
51
548
694
-754
180
57
808
327
-817
-231
-98
221
703
597
203
719
-851
-565
352
-706
547
-354
-228
305
657
164
831
853
-738
-559
-948
-946
374
-69
-756
687
562
-949
671
-558
-874
319
910
660
-669
78
892
-736
301
-599
-821
-122
-10
-614
202
664
-951
620
-516
625
-941
-921
-460
82
-468
-330
316
379
804
-857
-475
-510
584
622
729
179
115
-570
572
-940
353
214
-575
995
-529
-117
105
558
670
599
-538
575
-521
470
46
98
-472
217
-886
501
652
-862
-930
-581
505
26
-365
28
-61
786
-320
189
-850
-988
-968
375
369
165
220
839
101
-615
673
-367
572
307
-404
273
-305
-616
906
624
128
47
-292
-768
718
-777
512
-331
-889
-444
-549
-529
-120
840
2
-536
-193
218
919
-138
290
-154
432
909
136
-367
-876
-844
-236
-617
-241
851
-717
-446
453
918
-277
697
947
720
-749
819
-143
896
-110
-714
-237
-696
-977
737
399
128
343
514
-791
374
110
-892
233
687
700
329
-241
655
-887
576
733
-159
403
307
-990
19
-821
960
310
258
-63
-110
-671
-147
-796
-117
-89
520
507
-624
718
-320
-463
321
0
-75
-645
-92
139
313
5
445
502
884
-629
-373
-289
769
644
529
-929
665
760
400
-418
-614
-222
174
563
-957
384
22
-380
-17
503
620
332
539
180
666
-38
-202
-899
-997
22
-124
822
-477
-610
911
160
-22
-689
474
683
36
368
515
-772
-450
471
101
586
-634
751
-569
-893
583
417
837
875
176
591
-455
372
48
416
357
729
609
-859
-769
804
-802
346
-23
416
-174
-56
285
376
94
536
-206
-482
-730
898
717
-360
552
-29
374
981
-582
-179
-715
-514
496
-104
330
487
-585
614
231
948
-271
821
-534
-999
669
-643
-406
-423
-590
-615
941
160
-504
578
755
636
-333
-665
643
758
268
-647
865
-833
-402
643
-808
69
602
55
137
5
744
-941
-672
-678
939
-478
0
-429
-225
-578
-821
467
97
-349
911
114
555
16
-368
-879
842
-569
766
-901
478
-412
867
406
78
10
379
521
886
664
-928
280
270
58
177
-214
168
-788
-273
476
661
-823
52
-722
420
674
448
-949
-744
955
-191
-858
-875
335
-642
95
-89
787
560
-827
-113
-712
718
-58
-277
-694
131
-542
673
-794
638
-866
520
-424
614
-924
-701
-334
-280
-537
762
-424
783
-892
886
-88
-194
276
-791
-872
188
-482
-664
-184
525
-871
375
-858
473
-497
-353
752
-580
-387
62
-381
-615
24
251
-734
-68
553
-940
915
-870
777
-410
548
-281
-520
328
971
740
-10
981
731
-302
788
-444
-543
-552
-203
-283
-738
620
927
987
-864
-462
654
-576
216
-705
551
-295
944
-184
-231
760
-426
188
-529
-600
-559
810
498
184
181
0
876
-937
961
-270
24
904
549
-45
-795
-670
672
-45
-887
407
-168
-906
-302
-321
-637
-532
-808
-896
-238
-734
-930
-756
926
-268
-809
-248
-886
813
197
-156
472
29
412
107
-920
-603
-10
-695
154
50
-609
-604
-508
564
945
-584
736
-470
-742
-141
-211
636
361
-694
-922
517
295
-874
-241
-421
-254
639
763
587
149
67
587
-250
179
-206
385
-350
339
409
754
-50
-491
874
858
343
323
884
74
672
-397
-140
908
545
136
200
-713
990
904
172
-386
306
744
915
354
777
-653
723
376
359
138
-83
-922
-904
-251
407
-298
341
-105
-808
989
-865
880
-992
693
-996
-611
385
598
971
-406
-242
932
821
-809
-785
-30
578
360
-866
804
229
390
-143
882
566
67
164
-520
186
-933
706
426
400
-971
528
-619
-518
-711
518
865
-842
588
-181
499
-264
-633
-180
830
983
310
328
825
737
12
-629
-132
891
-637
757
340
-808
-495
806
806
533
966
521
976
15
898
858
-565
-286
-685
933
141
-128
300
749
330
554
-78
469
-741
-3
864
-962
775
108
-822
-258
-819
-843
-18
-375
740
83
166
79
794
-64
-742
-78
792
-651
-669
434
-890
-689
779
-58
459
-865
95
601
-403
63
-938
-641
887
-932
75
-861
697
-460
-890
143
952
-211
-102
870
102
528
-329
577
524
608
-705
724
244
-533
-698
796
-796
-932
-366
488
-268
-726
498
-495
385
-128
75
-408
698
-182
-146
666
-793
-951
-859
402
-791
19
-196
-309
460
-102
684
-272
858
55
738
643
585
771
463
-954
-604
-366
-535
-39
-744
60
-786
-320
-204
-583
-584
592
84
-456
-980
423
359
-99
509
-971
107
549
637
826
75
215
900
-3
799
760
-919
-937
-975
187
-291
618
128
51
615
577
781
7
-22
661
-701
-15
866
536
724
-526
349
770
798
22
839
-378
-292
-289
-530
529
872
737
452
-786
-961
-119
-349
-904
-115
-118
-309
333
-489
-522
86
732
-552
-346
204
-453
371
-522
370
743
7
-672
958
440
160
163
-666
-800
-806
288
374
-95
-47
-384
-657
184
36
229
-611
-262
232
284
-863
-887
-408
236
-691
-574
569
782
-129
983
-436
-104
-12
708
829
472
-466
-512
905
537
496
162
-20
597
630
317
-24
-904
737
394
-431
-52
48
-591
390
230
-310
67
714
621
-872
-810
384
402
-80
-226
933
864
60
-987
-953
-351
-392
-697
388
459
938
-116
-643
-858
-787
258
601
-198
-523
215
-458
-359
791
-400
650
-698
881
921
-792
353
-332
-262
141
-271
962
465
-950
460
34
2
589
294
753
-600
-168
195
978
-842
-749
-805
-106
-257
300
-759
-921
-258
557
-817
302
435
-954
-486
-444
-5
-967
-2
230
971
-795
894
289
248
282
-790
701
85
828
885
247
-822
-542
161
598
-466
-755
-934
-514
929
230
796
435
873
-960
433
773
743
541
683
250
-684
-467
-310
-550
829
-912
491
-604
-856
-467
862
637
914
219
386
360
-201
60
895
-303
253
42
-33
-476
622
-567
937
443
912
989
428
-748
-382
-60
-731
480
757
771
-115
648
741
207
146
123
-110
914
753
898
207
574
892
-508
950
829
-147
-299
-762
-970
311
953
-597
220
917
855
-775
768
259
568
100
471
197
-97
-450
-777
-233
82
14
43
-943
-393
-999
-75
951
122
96
163
-629
970
-554
-246
-81
84
988
-305
-405
-202
-501
389
103
-762
-178
896
246
411
-567
616
703
185
-919
-695
201
-38
-902
871
898
856
-609
-801
780
791
-14
281
-28
-257
-248
362
-111
-825
863
-331
-554
653
86
209
-461
-798
-150
-986
350
562
-791
-207
186
-239
981
567
577
-95
-793
-330
724
832
-644
-505
395
558
257
-784
43
-275
-234
310
131
289
-910
-641
130
438
692
-106
-582
385
592
7
-935
207
-130
-86
570
-535
-277
396
-41
-903
186
57
-984
-681
603
-601
269
-772
390
43
739
-921
-571
-658
-745
-835
-901
746
101
-725
-620
559
-773
840
282
-45
-49
86
977
773
761
631
368
-670
-274
-917
-436
-559
-309
-281
-301
649
90
-302
162
-222
212
-262
211
-424
-845
164
-649
588
627
959
972
-922
-12
-743
-597
117
558
652
-943
-746
-846
273
-153
-173
-39
692
848
482
-180
-25
-290
-689
846
49
386
-284
-438
-769
750
-892
772
-646
217
567
175
-311
590
463
-869
861
33
-198
120
-758
-800
816
427
-10
-623
172
-964
-390
-611
376
858
549
-599
-32
-580
352
-355
985
5
-180
-172
-229
-158
280
-642
-888
611
286
-795
673
435
-163
938
-66
-730
817
-133
234
47
254
-108
626
955
-212
894
258
29
-212
200
224
711
-887
449
-956
465
650
-672
-204
-711
132
-272
463
-104
668
-981
-929
-275
441
81
-495
408
200
-59
-703
949
-87
372
-114
-910
-953
179
700
-641
-731
997
537
18
-332
54
-57
-589
929
-746
-872
27
-869
421
-856
-908
-766
-297
-380
508
427
5
472
-660
800
400
-346
-561
804
898
899
2
-348
-269
283
135
9
-220
-251
-59
-310
-260
-671
495
-609
-755
-579
239
-816
-158
-409
63
779
-521
-819
436
-779
-283
-928
72
520
633
343
-350
906
-49
-448
-556
-354
-608
-191
-687
772
-731
-691
505
-789
-345
866
962
-553
309
-978
-908
574
-831
850
722
508
696
-113
240
-762
843
141
421
-197
606
-853
-994
-153
-131
-496
-244
273
-154
-400
748
52
-169
-70
658
-517
965
606
977
741
406
300
760
-151
268
-937
-276
-973
782
-647
254
827
-348
256
617
-729
-225
-58
-405
151
850
-514
573
-450
-303
-582
961
-528
245
778
-585
871
-295
-481
940
-976
-331
-627
399
770
-140
398
-543
414
-972
-444
-71
2
-119
7
529
-728
-130
476
176
-868
969
374
181
-390
106
-458
45
373
-992
958
401
293
696
-684
575
-104
-61
418
-45
41
146
377
209
-99
656
262
-158
-406
381
-579
-583
-446
-93
706
49
94
-313
807
549
-858
621
94
971
444
552
-752
861
-952
-867
135
230
686
531
614
-746
540
-519
664
882
703
-381
-187
-565
629
979
593
729
-258
560
943
963
332
-122
804
766
-727
857
-347
224
-249
599
-382
976
18
378
684
-580
882
-458
833
933
-291
245
137
-997
-183
-884
153
737
383
-358
-492
941
155
13
-127
910
-944
64
216
618
664
373
-218
-733
9
971
465
-10
-60
-244
21
544
790
790
-532
28
-287
404
-580
413
101
-424
74
-795
984
-57
-596
512
101
513
-372
-656
-816
-53
-279
853
-952
-741
-56
-295
-219
367
-953
-699
928
363
-702
-797
514
893
-225
-46
133
-50
-317
-385
54
-680
215
167
460
-290
-986
-603
-365
-691
141
-215
593
637
-587
344
793
-541
989
474
-130
23
-337
-364
-609
-388
-91
-542
33
-479
421
369
-998
596
-616
-986
-503
494
680
591
-252
-209
503
996
441
950
-963
120
-810
316
-983
690
-892
174
-376
627
-467
-58
180
-813
494
677
-157
861
536
847
433
-381
897
-478
136
559
-153
-396
507
456
-635
-951
-510
349
414
-418
752
-927
-203
-427
272
-349
575
-819
446
-744
913
908
-718
39
291
364
118
-543
-458
896
729
-756
-143
482
925
971
-233
106
442
411
549
-323
469
587
-905
-1
-724
617
346
950
-648
-475
940
-531
-43
-635
288
-47
349
933
653
348
-928
-392
774
-293
896
159
68
-50
-599
693
-240
-340
766
-571
-675
-751
-994
-968
817
613
390
111
804
89
960
-391
642
160
808
-463
-389
-520
-785
536
905
-619
-839
650
-655
392
993
527
66
-463
-627
-783
-85
494
-148
149
553
350
699
-968
430
534
-953
615
-195
-657
716
-405
-542
715
-740
911
-17
-702
348
463
-192
989
24
-241
-832
286
487
-651
981
-742
-183
-684
70
-508
-531
358
732
-488
-290
-395
246
368
589
966
-793
-666
347
-830
987
-345
13
674
-809
-208
18
-697
-931
-536
304
740
-545
-54
602
-936
43
-899
-98
-149
-508
177
298
-27
-991
-327
543
757
767
239
446
-907
786
664
975
312
-792
774
-223
636
-898
-764
251
-862
-675
-735
-735
-58
-164
-564
-157
45
-23
-760
767
395
-527
732
-218
-241
428
-902
187
-229
-105
105
-888
659
41
354
27
385
-601
324
894
419
-877
-556
-460
-862
-994
276
-273
111
270
302
-465
-516
123
-114
-555
-11
276
-630
757
169
815
270
90
-615
-515
488
291
683
-885
-899
475
-549
5
822
150
847
-299
-934
24
934
169
-23
-80
-660
499
-845
-415
860
-199
803
321
-717
317
-693
506
540
-825
-323
-963
-562
286
-813
-217
350
711
-597
-756
-862
868
-93
816
260
-275
717
261
895
171
831
446
-599
737
969
49
-180
-746
-988
779
146
429
-636
654
13
-634
-759
-938
-751
-515
-808
-55
207
-289
849
-884
-114
653
-883
-798
968
-630
821
335
254
446
274
-997
889
301
-148
339
719
-494
-927
265
957
-428
917
779
455
283
-32
-911
-983
476
-791
672
-615
-497
109
795
524
386
-581
394
225
-650
239
-301
462
-409
553
212
-507
601
-823
-494
530
814
650
667
-876
869
-744
-344
-443
-212
479
207
-952
166
-655
405
-642
-889
-828
-159
117
332
86
171
238
-313
-739
259
57
-664
-304
846
239
-648
667
42
-324
159
-509
867
903
965
199
159
79
374
638
899
-844
174
531
697
-642
643
-934
713
-178
210
-482
980
-80
898
-456
-785
-7
-491
-626
-548
-573
621
918
437
66
171
-459
786
818
18
-296
938
735
-502
142
-891
-895
849
-800
-992
594
44
510
330
669
923
408
-757
20
-166
-475
69
-498
275
35
850
651
369
-612
-867
341
-432
-318
141
-202
704
183
-85
816
-199
475
516
-403
840
-462
-70
291
919
593
-906
531
-694
501
-296
-225
454
129
-81
-874
-996
-814
-989
-499
-749
128
-241
27
100
19
-195
-671
63
-961
-630
-876
218
-290
-200
-968
-646
-263
-558
-677
698
243
-598
-660
696
161
-65
774
303
634
-998
749
335
-809
583
-717
-951
70
-384
-841
662
-143
181
-389
856
-266
-552
-704
-696
-269
-11
768
333
-831
-881
-296
-834
121
646
448
-929
503
548
-600
-360
-966
-826
-607
580
452
152
-938
-300
5
-7
-363
-141
814
-290
-451
341
740
-766
277
-168
-236
-261
-841
-851
-691
-120
-185
-896
-402
886
404
514
-979
-670
-38
888
-143
-855
-286
876
893
331
183
-447
-822
941
-427
-75
847
494
623
831
-688
306
589
823
960
938
-463
741
-572
68
996
-271
629
-466
-798
506
-815
918
703
-126
671
-259
-12
-266
766
667
650
572
-743
236
434
869
664
-889
-258
-287
518
-721
752
690
-165
-590
525
265
821
798
-867
-467
-808
596
529
-278
-97
197
-479
-315
845
410
-894
750
-747
-400
321
-450
146
831
239
-992
596
795
552
636
936
-797
-431
366
322
855
-674
-171
-54
-153
845
952
128
-473
-302
-925
-211
334
-992
-673
-937
350
-591
687
913
-370
-846
-874
-531
914
894
-121
15
924
102
4
-577
28
-503
-840
-534
-125
774
144
998
53
-85
-797
-928
-947
824
563
-348
-214
-859
-692
-440
311
-419
-119
-458
937
310
998
372
929
-802
95
561
753
404
520
-402
60
175
454
54
789
-225
-518
603
793
-770
302
-401
-391
-621
-760
-163
32
819
-949
546
611
708
957
538
886
-817
-524
-37
779
177
249
-232
85
-193
-306
-93
-149
595
267
-189
-985
-537
-348
-35
446
-227
615
-46
171
-568
850
-491
-60
-325
529
983
-658
508
-315
-527
-819
-331
272
205
-637
311
44
882
297
618
683
-54
683
-346
-839
241
462
-105
766
-996
-51
-543
-495
-764
-527
352
-954
-706
495
953
807
-552
75
291
992
113
-294
460
-204
-698
309
457
574
21
873
990
-350
528
-853
886
-239
511
-982
-640
267
-798
637
-970
-657
-94
-485
491
-418
419
-519
864
910
-935
829
-829
602
-653
450
260
-681
-392
-795
341
-575
-36
-213
206
851
15
-315
747
-698
-925
444
562
-319
89
-345
836
-2
294
364
-560
-978
-889
274
-418
754
446
196
-897
426
807
-206
702
-901
-20
50
-93
-791
-784
-828
628
-539
-516
-110
-152
575
-363
-202
538
268
214
-234
358
-78
239
635
451
801
-822
496
-963
524
-571
85
-130
549
-319
-286
952
-186
262
553
33
-341
-719
484
-628
-2
-469
-562
400
858
887
-354
871
529
-169
973
549
953
-4
889
-621
593
168
258
823
769
-63
-879
-830
-849
949
569
533
-690
-411
-587
-367
-143
-513
-847
330
-946
-548
-315
-409
797
-878
348
-696
239
471
-285
-476
-164
867
-948
446
-12
-864
50
548
183
-751
231
756
-239
-596
-454
219
957
-715
-540
636
-982
-231
-895
-327
171
-700
-453
-128
983
527
770
-107
257
425
985
-40
-253
225
-566
-893
547
-675
409
-829
568
-134
-635
720
-651
881
-725
-310
-317
306
-731
-46
270
-560
-592
-846
-506
-503
-133
-134
357
160
923
520
-544
8
-613
115
375
415
-719
148
-58
900
-964
-910
238
-409
-423
745
-898
-212
-235
933
714
780
253
945
-34
-488
-623
-266
-4
794
-409
-654
929
554
-629
-361
742
-327
292
-643
385
174
-894
-10
-852
635
-844
-293
-931
-21
694
-584
837
234
535
-208
245
369
440
-706
-919
-980
656
74
-488
746
-755
741
932
-368
918
433
-324
-37
508
-849
289
176
142
182
-954
-479
-757
-355
-528
-209
-591
821
-387
-681
-843
-138
609
874
-68
117
827
-420
230
-466
326
-7
986
516
571
-257
-788
-158
788
428
684
-643
-820
-379
840
-72
290
559
977
-685
683
558
331
929
-361
-24
-787
357
-468
-619
409
121
975
-330
758
938
-14
446
-1000
771
455
-287
-239
-380
-446
776
225
686
716
334
233
382
964
11
606
596
-784
-838
232
-736
753
520
-342
920
-716
-948
92
663
-299
-962
-301
437
479
21
323
-145
430
-288
875
-477
-411
528
-146
859
170
737
562
-525
-961
-652
-511
-536
941
-406
-51
464
729
-305
-287
528
904
-656
962
-723
-449
202
436
-126
-350
-47
457
667
-658
-87
-364
-596
979
-827
444
-110
-87
362
364
-445
339
-674
839
468
385
-365
632
935
-561
-790
-728
495
427
-971
-55
50
804
-946
-305
-807
-18
77
-529
-457
-478
234
-209
196
-703
543
348
-571
-407
-887
-373
841
-207
-677
967
-702
-994
831
-103
446
56
602
-154
-958
-153
667
-958
322
407
640
162
-513
154
-764
575
637
-900
665
-554
-688
546
830
-355
435
444
-947
-512
-252
-230
-220
-983
-641
-102
429
926
-699
-225
-276
-315
-375
349
645
946
-504
-863
-360
609
-270
-594
26
622
-615
-110
-623
-911
325
-265
-53
344
721
805
-436
-963
198
-428
-606
-393
785
223
342
-804
884
613
546
851
246
-118
-519
791
775
906
648
-456
-667
61
39
-948
-924
-107
-725
627
-19
308
-197
536
326
123
157
563
458
-755
-451
-725
740
-205
473
-55
-435
-888
-964
759
656
-732
-619
-920
487
630
339
209
-188
891
-97
