6396
253
-61
682
-688
-515
-28
625
680
832
617
-542
-671
751
545
-161
-664
-389
-636
707
-127
-546
349
-965
375
-900
-95
-126
576
375
-224
773
-661
658
-9
965
-583
-867
-464
970
614
-288
-873
-444
-222
675
-535
573
256
298
-101
-805
-997
782
340
337
-144
-331
504
309
-644
-316
-94
-660
770
587
462
722
393
-290
-320
486
-160
-140
852
-623
-1
-823
755
-777
252
798
798
70
598
432
859
348
753
22
-279
-427
-434
-860
-367
-767
870
620
-613
-492
532
-172
666
-105
-468
-222
-891
365
92
68
-269
640
-483
765
754
-743
469
266
500
-834
285
-158
-89
-11
-806
-869
-208
-393
939
-790
147
-432
813
-430
-991
-285
430
110
-98
970
-996
-151
-371
923
-55
-22
283
199
910
254
-747
588
-279
-498
-569
-566
-332
-385
403
594
-893
295
-855
249
26
141
-375
189
-167
-6
-558
511
581
-292
-106
-802
-493
602
-452
404
-12
-799
-207
-502
776
-148
-771
759
848
-270
574
-731
-636
490
579
500
109
777
742
72
-479
-948
-330
-738
57
449
736
524
-784
-417
986
278
-950
-249
-707
-372
574
434
812
833
-270
-375
-747
-90
-750
724
562
-283
-436
234
940
938
-37
-377
-866
491
141
892
769
-695
227
416
-7
158
21
659
155
-858
-672
-909
137
667
814
56
-996
-584
480
651
701
-385
-439
-812
-80
-858
986
511
461
491
-107
848
-612
185
225
94
876
707
-742
-69
81
813
449
-108
296
-486
-41
547
-777
-513
242
-510
-986
694
473
858
-268
-689
-558
-999
-232
898
710
738
-379
-688
189
-674
520
-969
-805
641
817
851
-602
-136
700
161
131
46
491
-33
252
701
306
432
273
-47
-258
331
-200
-696
83
307
530
-554
96
-782
315
-539
849
30
-35
794
369
685
-574
147
10
677
164
364
491
828
-236
512
484
-178
291
-979
-287
13
559
224
-943
179
-387
-256
770
-286
336
551
986
557
580
-246
356
-848
170
681
-906
-423
960
818
-357
842
-949
-320
-863
-106
628
641
-335
265
-404
86
567
-555
893
307
-947
982
-433
374
472
-633
-636
356
830
222
-735
-465
899
626
441
596
783
-979
-217
-304
-755
-132
903
211
690
-109
-558
157
728
-819
133
-924
-169
98
-995
-232
-193
129
785
-531
-812
444
331
-584
950
-701
-508
453
-37
505
-709
229
908
-605
-862
-379
537
-225
790
-535
-791
913
-279
727
-125
456
685
560
290
463
830
-582
-408
-321
-483
-232
-302
273
-411
475
356
-78
-516
657
-847
-608
-616
-116
504
-79
-773
110
606
-78
620
-864
-795
-547
-93
642
134
-92
-991
-964
-560
-103
-886
291
-36
-576
0
-8
460
140
477
954
-832
950
76
652
757
765
197
-271
-181
-265
-749
547
497
-107
-684
-829
-961
-652
-387
-774
335
-592
-154
-434
472
-573
-23
-191
-711
-101
-765
195
207
842
196
216
707
-9
249
-843
435
-991
-765
787
843
708
-861
-155
464
884
421
966
921
422
-346
396
474
335
-668
218
926
371
-736
-879
912
-897
850
-667
646
-733
-550
430
523
-41
-994
837
743
462
-11
319
238
808
-978
-522
-350
529
-626
-206
117
119
-924
-426
991
9
-661
439
376
154
556
-344
914
-699
444
-608
22
587
-999
93
858
-185
877
-430
44
915
925
-692
222
-845
-848
498
-578
-641
431
-646
-336
-625
790
953
-86
-129
404
338
-980
945
-972
992
-806
-719
360
-257
-601
-44
383
580
767
-726
-588
-308
-687
-542
-589
-30
-280
604
-441
-693
965
-790
885
251
571
-736
463
-38
774
-565
-986
481
536
-418
255
-978
-830
-841
96
-680
-453
-800
-232
-932
-784
737
-1000
789
520
466
306
618
947
366
-148
-318
399
-476
529
-669
-506
919
-91
-937
135
-827
386
-657
303
-923
147
-238
340
-535
-163
-258
-178
-781
-667
-528
242
980
898
814
-212
-448
-384
-799
-295
-467
-354
-768
31
-470
645
631
937
-469
933
-345
-414
819
-979
-810
-291
-693
839
311
-129
782
-418
-827
-550
279
780
-967
918
482
-987
140
78
415
-966
966
-763
742
714
4
-77
388
-693
615
-753
35
161
-231
955
-649
745
-597
487
-555
-859
330
995
-50
-956
-495
-540
729
365
87
194
-865
600
-295
76
816
-999
18
-312
-813
842
-938
-373
394
-796
-50
881
-284
-311
-594
330
988
465
-109
-975
-882
878
808
-422
-150
-994
631
-472
769
878
396
280
748
486
709
973
-739
-780
-826
-103
61
952
-694
-860
-924
986
115
444
103
803
610
-742
971
558
866
-851
743
44
31
373
-984
-530
-332
-163
-625
-525
290
662
-667
719
748
77
-498
388
-209
88
315
-289
-464
-94
313
-975
813
336
136
456
85
159
-650
-630
-765
-4
-503
-482
982
-32
-437
-233
-724
614
-369
669
412
155
-285
953
675
640
-258
-739
-105
-369
-568
47
-841
-120
137
352
-733
310
-775
140
936
-653
-9
-32
147
100
-907
147
-185
786
865
787
298
39
-578
286
474
-894
-416
985
940
278
727
927
-235
85
771
762
737
-124
-250
-729
321
-580
407
569
82
-19
-78
-99
-296
-930
380
485
362
-683
693
36
-618
367
758
-795
-619
-739
442
-120
441
-340
-87
-951
19
-225
975
-946
-894
-533
636
-34
-778
-673
948
121
658
718
-329
231
-305
-742
122
-495
13
-658
452
-314
-156
311
-139
-245
937
-799
-880
835
589
-54
-6
-986
319
-299
-101
625
946
958
1
778
-375
5
-829
301
-642
-792
899
-760
-670
81
797
-528
574
985
76
94
297
-521
492
-742
-110
938
58
-638
717
-994
567
-649
891
-306
491
-156
353
311
-57
283
-613
997
-973
446
649
-851
5
999
-889
837
819
-571
571
-349
272
355
-152
401
-190
-953
303
-502
645
-556
213
-892
-232
412
943
90
164
-139
377
-140
77
-458
839
-891
-574
-65
947
-463
478
723
245
617
-415
-653
-543
-748
-376
-137
-279
572
-552
-613
-669
499
603
677
710
768
993
815
-162
-55
215
-891
-641
-882
229
348
166
240
-879
12
714
-420
-558
460
337
-72
639
-711
400
-679
-891
-462
-613
190
-569
-781
682
-275
288
-404
-420
-120
468
350
-331
444
-572
897
115
-986
-720
421
-465
945
-873
595
-562
64
427
542
791
84
-609
396
767
-933
-846
795
-944
-905
517
-990
472
566
-984
869
941
-430
243
-700
63
-937
-368
-159
-682
652
-570
-292
-838
272
895
316
-862
259
107
300
-188
766
318
368
747
-33
661
227
470
-507
-202
-849
-84
-251
-683
871
126
759
563
228
453
368
432
-854
411
-68
113
679
-955
-409
253
696
365
-119
-63
-233
623
204
52
372
585
-581
84
-593
-939
729
399
-544
-413
122
622
-381
-881
658
396
-813
-829
-808
132
-894
981
199
-904
354
672
593
206
227
704
240
-843
-487
-89
139
-475
-871
-899
577
884
561
196
757
-907
353
73
358
-933
-662
486
873
-324
-719
-475
-43
448
-593
175
-341
-199
-904
-493
-336
764
630
-718
-903
-179
-46
918
-318
457
-65
-205
587
637
723
726
335
-972
898
-22
-14
-115
-791
-391
966
-37
803
-209
58
965
891
-981
736
-354
-785
111
-903
-944
-306
-298
-800
-575
814
-123
47
-776
-708
218
50
297
-879
737
-490
811
77
390
93
74
514
-396
770
-600
864
636
675
975
216
449
16
866
-544
-352
-914
561
146
638
-329
-325
-287
505
498
846
681
368
27
842
913
222
-817
83
-128
162
151
69
-487
-102
-162
978
-219
-482
800
55
-436
-39
705
-419
-513
81
295
-341
436
792
-635
-328
863
459
-396
-50
826
216
48
-342
897
476
-563
-432
-148
-742
-875
-820
-358
520
527
803
934
227
892
-520
281
739
-863
826
812
202
92
954
535
-155
-586
331
-517
293
-172
994
-135
455
905
413
893
463
-837
-896
890
276
688
138
-877
-300
-459
-378
-540
200
618
61
-869
-77
-722
649
-347
-636
323
-315
729
-629
-514
288
-485
983
509
-816
-689
621
-683
-605
-437
-618
-761
-928
-521
48
-66
108
-925
-268
-249
681
5
55
685
57
909
42
-671
608
663
-900
563
-377
93
-160
-337
-3
390
473
-250
-360
799
-703
-8
-535
-907
489
251
174
140
-229
-901
-832
-306
411
414
413
979
-980
130
736
858
-161
-234
-644
674
678
-990
-280
551
-250
387
-348
220
203
-105
201
-511
997
177
943
-927
-736
-518
-504
-421
-110
101
-615
603
-386
-436
761
981
661
-772
82
-451
-980
-662
-75
693
152
-720
58
116
-810
-584
-795
591
-953
-860
-973
-457
121
-568
404
-640
753
437
963
-903
275
754
496
908
420
-103
398
-29
-217
27
584
-59
-108
449
-129
28
519
224
-753
132
212
-216
943
563
-840
969
23
-193
58
-205
-996
-416
769
360
343
484
31
240
-572
-936
411
-903
-795
794
-740
793
-634
24
-143
-494
-52
692
-418
128
-665
327
337
-798
871
-290
707
578
-294
886
410
195
-477
992
-326
-266
-281
-256
475
-967
544
-376
-826
349
532
252
-358
-654
-560
770
219
-223
-2
-984
602
597
-42
257
-1
199
-847
-691
-125
-955
-72
-540
762
-337
-21
159
765
-739
-370
692
-666
672
941
828
660
-316
352
-990
319
-354
601
42
21
712
-150
203
851
502
484
-197
-801
52
859
-731
354
814
757
-455
963
-293
897
-255
-882
-713
372
-932
516
-260
862
585
-372
92
555
-207
-233
846
-218
-352
65
-318
-680
66
980
-893
334
-297
678
376
-152
674
226
-298
46
-156
228
598
973
111
670
910
-625
-918
-936
-33
-711
288
-92
139
910
485
319
-751
-368
855
836
582
-602
-436
171
-975
186
-946
-706
322
9
880
-69
288
525
-997
246
-465
616
425
-906
667
854
-131
-112
-925
789
-547
-95
420
225
174
-812
-991
56
811
-733
-676
-564
145
-982
-380
119
41
648
651
-872
-654
-529
-158
-197
427
154
-781
455
-741
446
539
-719
925
537
34
-578
731
408
680
438
117
-60
-34
452
-562
908
94
-278
196
142
-952
49
-118
238
299
974
-925
-871
252
-800
605
708
517
869
-648
461
-579
956
450
355
384
550
816
818
-437
-810
203
-266
-586
-281
276
-303
142
461
229
-409
606
-749
454
198
297
-876
-103
708
-233
37
-782
-624
-390
63
-458
458
523
-294
-161
47
390
645
-966
621
-849
659
-290
-43
-65
351
-856
798
95
320
-841
5
143
-153
-351
610
-524
837
176
775
-372
-518
-771
-414
-625
200
71
-255
276
278
-816
-155
-660
-544
261
-306
895
956
-537
70
-750
-729
347
-693
-942
-962
378
-620
720
105
741
-828
648
961
186
940
-273
-750
427
299
-504
-676
-767
-943
948
212
-83
-463
-988
-633
854
-203
860
174
292
-133
-587
268
-712
-932
495
-203
-106
-83
-526
665
416
159
-401
830
400
-798
760
-644
353
-186
-792
-591
-645
145
-560
325
681
-931
-769
-281
89
553
589
-26
95
-497
373
509
-426
950
221
-858
964
-514
403
239
-855
-728
-507
-199
-956
-600
-883
269
-126
-877
-840
-423
-748
498
-719
-280
-836
329
462
160
771
-815
86
709
-790
-31
750
843
-133
-500
-225
-856
107
-125
-202
-120
686
139
152
-982
615
489
-369
-392
939
-742
-907
500
993
672
-308
909
-392
-10
-505
561
788
20
361
444
-633
702
-40
671
-536
935
13
-852
-253
3
-645
-274
-995
-167
570
117
-654
296
-705
191
748
-287
-870
178
482
-31
-629
165
-165
370
337
127
-275
-72
-543
-697
599
-874
527
-246
215
-829
-84
699
-104
135
-387
501
-484
367
-573
-596
-622
160
-676
-494
804
536
-378
-315
-704
624
363
709
513
509
-483
-700
25
518
-800
6
-723
16
446
-553
61
213
-549
-548
63
-940
-506
625
-970
705
-984
418
-508
-243
332
837
617
720
603
-956
279
-493
-926
-647
-428
-742
803
-349
987
206
341
-443
-625
-263
-439
-868
-3
-422
26
625
-611
41
-144
517
324
261
-463
-327
906
760
468
-848
-189
204
292
924
-548
-570
-643
-939
467
-175
-618
-216
995
-682
346
716
-757
-889
-907
-864
634
-117
-824
384
-438
-749
-70
726
582
-581
363
-628
712
-787
661
-128
-76
-113
-335
241
-357
316
579
118
588
464
580
974
-627
13
-166
-878
146
139
-314
982
-696
909
425
-610
993
-994
99
77
-68
489
-518
841
-272
-568
100
-965
-507
-555
450
882
559
28
-39
919
855
337
221
-918
424
142
-436
-356
-189
181
532
-922
-768
-764
-62
711
-46
-986
-984
923
-59
981
938
-954
-858
-386
54
336
-97
-659
509
-22
-531
-345
-302
14
976
23
-274
-731
-433
144
-178
851
-858
-943
-630
-628
589
-154
482
-150
246
-517
886
982
-302
-869
-61
964
-112
-393
245
459
755
-13
414
865
607
746
545
566
-752
-543
203
871
-233
9
751
-29
434
-434
-212
874
743
-595
-370
-864
-483
962
205
-911
-393
-257
645
367
-483
840
259
775
-88
-549
793
-606
490
334
-705
103
-712
241
-618
158
630
850
938
-417
61
-257
-605
808
-485
422
-360
-947
279
952
-431
-550
-49
-628
-89
276
-544
-65
874
-498
913
361
606
904
-787
-788
563
241
523
6
-368
-467
411
485
652
-191
-577
-582
-136
955
500
566
-164
-993
-4
529
-659
684
-70
-151
-793
-578
-167
-217
573
-868
184
-578
266
-63
-602
13
-157
40
-346
948
123
-256
111
-253
434
-449
-941
-787
-133
115
-390
-277
-151
-828
346
93
677
-651
-363
-772
526
697
511
123
430
-958
459
-420
-827
84
-511
31
-715
408
126
-588
-823
589
696
898
-382
-39
443
-736
735
-690
-27
-480
-824
183
-37
-532
-953
-735
662
984
-236
887
-642
519
364
-203
-879
-470
237
-18
-513
-349
-976
73
373
872
932
-474
613
-222
-381
239
-754
533
-749
-39
-339
-950
187
-534
-928
808
927
772
-94
-30
763
399
-7
73
184
-363
-536
962
318
727
848
-45
134
-611
-534
454
-711
-213
778
-352
459
-257
273
-37
78
198
625
-976
629
-466
-835
704
54
-746
-947
817
-486
274
891
-602
884
-501
-307
295
-501
-61
-561
160
182
-858
-68
245
931
-516
809
-957
-348
-453
94
818
583
89
418
279
-863
559
386
-587
22
745
717
-509
-985
-311
79
-311
504
-772
-680
-620
-483
-636
312
41
-831
-171
-774
246
-734
-69
250
100
444
56
-828
-791
-976
-276
-741
-614
-799
205
-446
-211
924
342
-38
284
657
-645
-215
437
66
986
355
399
-586
-115
744
424
-677
-212
-358
-951
-538
768
457
347
-1000
226
-884
130
-145
-286
750
807
853
500
323
-508
809
964
-490
185
41
618
480
603
777
345
-809
796
-958
-31
-15
-746
842
948
83
-16
-485
-90
-534
-973
131
909
-827
759
616
-680
45
-10
54
-436
35
626
-906
409
-780
322
636
-132
-85
-201
-195
-34
-669
621
587
425
-905
-194
687
698
-935
-640
-302
-670
-5
47
376
918
-867
277
41
-153
131
5
-451
172
-670
551
-668
-837
-872
-723
-289
374
-667
-364
798
386
-183
567
-105
-237
459
-722
-480
-588
468
723
377
850
694
-491
537
-648
-4
-171
-493
-715
991
526
788
-359
225
-174
236
479
394
799
-649
740
157
-432
-553
806
-393
-16
128
-569
-525
-119
-897
-559
204
-886
-440
-925
0
-696
955
-726
-658
-885
-415
811
-516
409
105
-148
679
-704
-918
-222
807
-387
-892
789
-578
970
-153
-720
894
-461
-321
-203
-236
-135
891
-691
-507
-784
569
397
995
755
911
132
-677
-985
-968
353
-513
-195
650
705
683
-239
-480
438
-762
112
921
-29
263
230
-133
-845
705
-267
-427
890
525
-990
-127
-492
755
585
-558
-151
-940
-768
-33
-670
-106
-663
-389
-699
-723
402
-799
779
195
470
-871
787
324
-922
201
784
-232
-334
187
-435
-259
-575
-377
497
-559
945
733
46
633
216
385
867
817
217
-125
-975
-639
338
537
618
55
65
-580
-427
327
407
-996
-546
-484
981
-287
-709
249
-621
15
842
-319
-576
261
-379
-513
339
-270
-248
339
-417
196
921
10
438
-754
-59
-263
116
-379
-612
-715
-932
-344
-525
209
433
458
423
-347
186
-642
977
808
-904
-803
-395
-182
708
-922
212
-703
897
227
-110
462
241
835
-446
666
740
170
-771
866
891
-895
-767
140
906
-661
246
309
11
-970
-948
-983
-753
426
-784
-194
128
-335
-51
-706
-493
307
-240
-785
-167
989
404
912
980
29
-645
114
790
-660
414
-688
372
520
859
-259
-566
93
-66
-311
-647
-576
27
751
395
216
-585
30
-25
233
-794
-606
80
30
-514
-913
536
-894
683
633
-351
-853
-980
-174
-716
-300
587
97
539
534
58
-437
360
770
633
-175
809
-515
-92
838
419
-7
-712
763
-917
-357
630
777
772
-674
432
-277
386
-684
721
-523
-227
468
-903
-700
401
629
422
-108
994
-347
846
744
-867
-378
457
-359
-454
774
-517
110
-770
-903
-33
181
-228
549
191
91
555
-934
-704
-754
931
652
394
892
113
-226
-475
-425
-981
-867
975
-72
125
726
458
-356
-479
181
275
527
-724
-277
636
-460
-859
-261
-356
223
850
-911
812
-705
715
383
930
379
-625
246
-598
328
-491
-563
160
932
-549
577
971
402
474
185
-701
946
-373
-875
-173
732
34
627
-454
-87
-696
301
555
735
-888
50
772
759
-81
671
-389
-996
678
-150
-204
850
-117
-421
-336
-800
379
120
-304
443
-659
363
-361
433
344
-910
829
-481
-12
722
272
367
638
889
356
-398
-795
431
-997
-874
-703
872
128
-204
-765
-199
301
-135
679
164
957
-258
-361
-671
988
6
57
-149
250
611
-471
-747
-658
-90
-495
-761
-409
-463
-108
825
-898
522
730
-566
407
15
-491
-67
-601
369
-957
-607
-497
79
780
508
-554
975
123
-989
869
810
698
985
43
901
-234
-207
-511
552
881
113
-840
-659
214
37
-610
-281
-553
-579
-336
-723
-942
-715
825
-735
498
-833
953
49
-46
606
-335
617
-516
705
602
-622
-688
619
-443
-677
-352
-325
-963
-653
-904
-707
697
-160
747
-564
605
32
344
-702
176
169
-197
-771
-775
-513
-496
768
-606
-286
-893
291
-465
352
-333
-232
-632
366
-427
-900
945
-641
916
-75
-902
574
-779
-34
627
-610
-519
732
-824
-548
588
284
682
-627
571
-100
173
330
578
-302
-818
-172
-13
365
829
693
83
630
-40
325
-34
-62
376
837
683
-825
-412
284
890
-264
-445
956
-231
31
-928
880
-154
230
-346
-876
559
675
874
145
-907
-835
-664
-892
31
895
-26
-983
-885
648
805
-839
-241
-85
-443
941
766
-598
584
654
54
107
671
-213
245
84
688
374
-948
-168
249
-436
764
766
95
-754
-467
-246
79
288
-722
826
565
798
390
-305
-85
790
-807
-394
-135
-346
-42
-62
11
-765
-243
936
-176
627
750
903
542
248
-340
-479
35
425
801
315
-329
-514
-549
541
669
-329
660
278
520
746
-561
399
-534
-536
910
-150
-1000
-453
337
-921
-359
174
921
370
733
121
-678
-531
427
359
383
422
-718
374
-665
-316
865
778
-691
963
418
862
-811
330
832
-88
82
-619
-374
-824
437
884
-784
-467
128
-81
-86
-396
-23
548
-456
750
394
367
-796
620
277
197
820
-103
-828
-148
603
597
-930
666
-865
-678
-874
-199
885
-931
398
212
-520
386
777
-447
-87
-20
781
-357
641
848
-841
426
529
-508
697
-655
-534
-358
62
916
329
-957
-865
660
426
50
-770
57
-355
862
-50
-933
-938
3
854
-100
-98
-411
683
165
312
834
-214
156
814
-989
295
687
-263
-481
-833
-720
-65
237
-678
-692
-490
627
-979
-951
199
496
588
620
-34
946
-388
-715
-18
-348
197
-600
-543
360
-329
920
749
-579
-668
-623
50
685
187
-510
-896
-394
5
-906
854
-845
-392
398
-603
598
-199
-500
787
724
318
-594
379
973
-783
-443
-879
422
-639
-766
627
-587
-365
588
-805
952
-842
-352
-110
-621
163
693
-833
116
-941
234
252
996
778
319
-695
-323
-798
381
458
-78
83
-573
795
752
-483
-66
293
559
-264
-796
72
-700
899
396
-968
-393
-487
-802
-524
-965
609
-157
-895
-1
436
168
-571
449
-902
613
47
-806
-371
-156
436
-983
527
-432
-539
720
200
860
364
-59
-553
-452
-715
-794
985
356
58
-147
72
860
86
-197
331
428
219
-188
-709
-86
926
-298
-683
-355
112
7
459
-852
8
139
854
-440
428
-929
-890
979
639
-683
-263
92
628
-804
26
137
-608
-630
833
-769
686
201
889
400
284
796
462
-447
-398
269
-107
887
867
-780
-378
398
924
-363
-28
214
-999
-729
-307
522
87
77
44
814
-572
-317
-276
660
-750
-170
503
-309
331
208
253
-747
-481
-562
752
644
-424
752
-980
384
382
-739
-684
519
-985
49
-681
-639
710
20
50
-113
-412
807
991
-96
156
989
171
-704
-464
884
-555
-179
-694
-32
1
358
109
50
141
851
-551
-166
-373
-548
-596
-234
-707
183
358
21
287
560
566
-548
862
423
-992
-252
-537
-815
480
-65
506
-84
-761
133
284
788
756
495
60
554
943
495
-563
503
446
762
802
-643
-518
755
201
-74
-596
934
-418
-916
-143
-867
-160
852
397
-270
256
983
12
962
-555
-833
515
-790
-675
-358
596
-655
990
-98
-496
-110
-133
-854
631
-716
866
132
-628
919
882
836
-348
189
-935
-276
220
-45
715
-958
-38
683
144
812
-804
264
-540
-857
-35
-636
642
164
918
769
762
-768
-671
634
207
990
824
-410
-322
-653
-948
857
-712
653
-286
758
-368
305
248
980
-336
15
-443
12
-170
853
958
477
-996
-147
-860
60
-75
291
987
123
947
-504
-650
-668
278
12
606
-557
-113
651
-527
-227
626
-969
-233
-655
282
-419
-496
74
-410
391
58
526
545
-371
574
406
-320
473
-215
89
-188
-634
201
-201
-833
-844
-115
-912
-845
-485
895
623
662
152
-194
-986
178
121
-733
455
649
-527
533
988
-955
969
-984
-957
-387
-908
-544
298
292
-276
244
-909
-164
-514
222
708
-424
991
767
445
78
490
-754
407
-501
-713
-415
886
289
-167
564
-54
620
-476
742
-680
130
56
-780
880
72
399
-979
-534
657
687
-316
-718
641
-867
900
-387
768
-913
206
263
379
-645
-323
555
-364
-831
651
-82
25
929
12
-712
242
395
920
-352
484
-814
855
371
339
379
724
384
676
488
-92
963
448
-805
-576
764
692
745
477
43
725
-307
237
-229
-190
-58
111
616
-110
511
-815
-402
747
552
-171
-17
532
-138
-526
641
435
292
961
370
-224
-732
-168
808
827
-346
580
954
233
-349
-385
196
-775
-314
-255
-949
-444
712
-142
654
-701
-169
-883
-396
971
-589
529
-264
-989
389
-655
846
870
-756
-117
-831
900
-380
278
-22
-893
-107
-956
-609
930
694
743
-331
302
892
-672
-380
366
739
466
694
457
-713
453
-597
440
95
103
460
69
-281
109
969
866
-311
-857
-399
-665
615
-143
526
-317
872
-891
379
-797
589
718
-813
113
974
-200
744
-908
773
-61
-292
-75
-41
-746
-1
-846
186
273
-75
-213
-920
506
-525
-695
-737
73
-218
-2
338
-977
-255
504
-385
-431
321
496
317
-781
974
-225
-126
-369
-944
-65
-1
-316
-597
-113
-87
-133
153
801
-603
-619
307
317
-113
1
172
-199
-362
-502
473
-880
7
-804
-640
-18
-955
-185
-547
-722
-30
-580
-533
-918
-803
132
181
-766
-104
608
313
-727
420
683
-155
152
27
-244
866
-603
-102
88
-71
-385
73
132
374
928
-455
184
280
133
553
126
-655
186
516
506
945
606
-198
52
-551
982
825
-400
-754
142
-359
-753
77
201
-111
-610
901
-823
937
-164
581
282
845
570
-749
569
-374
171
342
51
-232
58
689
-440
-364
490
-483
670
-327
40
721
-463
603
-995
849
904
-513
-239
-960
-749
-470
601
674
480
-603
-463
-653
-51
-646
36
-50
664
-579
-232
-453
99
986
-553
-519
867
951
503
979
903
-683
-389
-879
917
-759
579
-978
-256
913
79
-606
22
-171
-79
587
630
-852
-257
189
-834
-104
-296
3
611
-897
398
464
-102
-185
-431
-297
-477
140
-387
-477
565
-863
-598
-380
-572
210
129
167
351
193
478
64
-922
-235
-496
-922
185
-309
590
-324
60
-136
20
-8
167
-468
-246
-159
409
964
22
10
-276
429
-360
789
-493
-592
-77
6
-48
830
700
693
-829
601
-838
-145
237
172
-466
586
275
264
380
-717
-147
957
-201
326
-82
561
858
137
494
-752
-685
726
898
832
554
3
749
543
-321
495
-64
827
818
971
-338
126
-980
690
731
628
475
-474
194
811
506
729
260
438
-802
758
-258
94
-611
938
-844
-763
378
545
-406
872
-917
241
-62
-752
236
-627
47
-779
284
711
136
576
708
-330
-664
859
424
943
978
920
678
51
737
299
124
-955
-66
-940
550
-922
427
845
292
927
348
-580
250
906
-587
405
-734
-866
398
944
364
-923
-572
-110
133
667
249
811
-427
-539
59
-229
66
668
-974
753
-221
-475
339
-638
-705
-626
-638
-990
499
598
772
35
226
842
-30
407
-90
-536
-295
467
261
753
-609
210
208
544
-160
66
-939
562
-106
-80
916
-927
71
-885
-18
833
952
-873
-615
645
-256
-943
-528
511
647
762
167
643
-963
610
-595
822
-89
98
-118
-504
-605
389
-568
-693
-579
836
-883
863
-757
141
-794
540
-333
-929
592
875
12
517
992
-478
913
316
195
-102
-478
-461
-1
-434
-491
14
776
1
778
215
-242
556
-276
770
-156
-428
-573
906
-244
-428
-586
-595
-275
908
-979
-127
886
102
-667
178
-67
112
29
-598
-720
843
749
139
-627
-129
-41
844
-691
-535
-731
93
890
530
-398
-264
-782
589
645
-138
-860
-148
-969
587
903
639
134
-992
-807
-357
786
955
-619
3
212
77
-786
838
159
-664
-584
629
398
490
38
-482
509
954
-883
585
116
270
200
-65
190
407
-539
450
360
-630
124
-114
132
635
496
-598
-979
-88
-482
-102
-11
319
915
-668
971
-803
842
796
328
644
514
-465
-952
-152
541
25
726
551
261
-509
175
-861
-566
-468
-247
-419
23
739
205
-273
-270
-194
-17
-283
-879
282
654
393
-198
160
199
-261
835
32
436
937
-1000
845
-30
-736
491
-475
480
-673
-506
283
883
-300
-292
354
-922
-826
45
72
271
-369
280
-212
989
-205
155
-706
237
-239
694
834
428
37
-211
673
-425
-217
-84
812
750
-556
-203
189
-409
390
180
-68
814
-973
-956
154
-742
559
139
478
443
175
96
-614
928
-212
-899
-951
965
-609
-145
-329
-215
671
394
620
-755
324
-598
455
329
-169
-508
-540
681
-40
827
-487
-332
-517
-2
-301
-291
-272
798
-905
-990
-162
-610
215
2
-820
-973
-124
-212
-132
-677
427
-94
-684
-838
-483
76
-839
-609
174
761
-918
437
106
289
454
-299
687
5
-404
-663
-213
152
-531
939
-493
-633
-208
396
-404
-989
-302
-831
-710
-368
-585
-488
-253
-763
-991
-744
719
-540
748
790
783
164
228
-476
-810
313
-236
708
56
358
-20
-630
-466
776
-834
-865
-317
131
757
690
-545
347
-190
-311
509
-519
420
5
570
-275
899
355
493
818
650
879
-83
93
-929
979
580
-433
527
-163
206
314
-725
-449
-243
-144
649
-352
-115
-185
-919
640
-401
681
613
-824
564
408
-333
224
-616
-945
298
-902
-40
-829
287
-693
257
696
-965
-262
-569
-464
154
929
-402
254
195
161
25
185
751
290
557
332
312
471
96
698
927
288
3
-209
538
-503
-998
-895
-584
-448
-972
-651
290
-780
811
-722
-815
200
-342
-511
710
-105
-154
-380
-743
274
730
68
497
581
19
278
-932
-137
-892
-75
-451
-832
-809
74
-384
53
225
842
618
-193
657
89
625
-839
-427
988
-763
-216
360
972
155
197
-564
-521
724
-474
-848
672
-610
-341
158
-922
-906
179
-668
307
-679
655
-996
-805
86
-578
458
-172
993
-776
-798
-92
-90
167
-524
470
-552
-754
757
-505
518
-291
-581
-275
-968
-163
-876
774
-244
838
36
-498
-889
945
313
619
-838
-121
908
-573
-253
-104
23
141
909
-777
-627
277
917
738
-501
136
329
-240
-439
-129
-1
356
860
601
304
-914
139
-271
-385
576
-116
-209
-726
-179
571
762
60
-851
934
-677
252
894
-888
-931
341
373
368
-288
35
-78
749
-356
-233
-943
-616
-349
487
-531
-402
-497
-331
783
-775
619
986
836
-966
-146
-993
684
293
-319
-104
495
872
2
-994
-102
425
609
-521
-713
780
-792
-125
859
-690
-361
310
-216
944
861
-243
707
-829
-317
-865
448
589
-526
434
969
486
69
-154
765
-334
121
-366
-938
-646
-752
665
579
537
901
808
-253
240
10
127
-701
998
-738
-998
-737
32
634
763
853
633
970
294
-233
142
-647
-967
-386
680
325
-267
-788
-57
977
-819
778
-872
-311
618
-944
435
-224
424
163
-637
-922
497
-664
626
-490
-572
535
721
555
322
202
993
-302
-139
885
-735
426
173
-928
260
-392
-745
-112
-690
967
76
68
-677
-771
-780
170
828
-87
70
705
-769
-647
-995
458
-263
919
408
72
147
35
462
-602
319
652
715
391
757
232
764
9
286
164
-541
-973
460
37
-600
477
-860
508
-628
-353
825
455
458
-398
86
-555
-819
114
-168
-926
-568
-267
-266
-704
-986
597
-707
454
815
-503
316
642
547
2
745
731
22
-975
-961
-62
-984
-378
-235
-794
816
371
699
902
724
-354
899
-223
-649
-954
298
-375
912
-83
34
-154
-381
20
-467
327
-785
-908
-616
-940
611
-856
-334
-417
-451
633
295
904
-895
993
589
400
658
-976
-902
-251
-400
-611
-352
364
686
-156
503
-660
14
-482
213
-889
652
974
-900
-268
20
-248
576
-553
-815
-324
-925
-461
499
144
639
-698
715
427
992
146
-522
-642
-725
251
228
-627
271
-916
212
891
423
868
798
772
-440
894
-788
851
541
-513
-747
-140
957
473
-936
-380
406
-628
-846
-892
520
11
-67
781
640
-532
-875
349
-545
-471
-521
-945
-745
836
-632
-551
482
-216
-97
-433
-914
810
-768
-683
537
94
-218
769
805
614
-804
143
40
-379
-535
846
-718
-862
-330
807
-452
-664
-820
318
602
538
511
-286
-596
516
81
526
-25
477
324
322
138
-216
-944
731
512
153
237
-354
114
-44
286
325
742
50
-998
736
-56
-675
-312
-115
-189
555
326
722
-37
103
-42
-618
-566
-998
-330
319
-314
-807
954
-857
-804
104
728
312
-917
828
-48
-874
239
398
422
60
568
-980
526
-82
662
-583
-670
-579
-797
-203
803
-262
-130
-553
873
-382
-161
326
889
535
-596
-569
786
-465
-729
-47
-988
997
-303
-196
-754
-610
192
-408
-78
326
-328
-822
247
457
-151
-415
-22
-803
-172
519
99
-52
539
-253
-33
256
100
-741
-721
327
-454
806
-100
854
-879
704
-170
538
-204
-25
-56
329
28
-782
-87
7
-866
33
-799
-571
290
895
-331
-668
-484
404
-158
86
153
407
882
-587
296
-815
782
-738
-110
956
193
-795
327
-501
-956
988
855
19
171
542
969
551
-981
165
-84
-207
518
-789
935
780
-11
78
-49
975
-144
221
-539
-396
-419
-705
-55
774
995
723
207
296
-518
-303
332
-925
866
799
765
-152
732
-320
-924
-749
616
504
225
-832
908
-614
249
-680
13
-702
853
-653
-915
-850
-167
385
226
-969
-529
-844
623
814
-673
-75
657
801
-642
103
-520
44
-319
281
-96
604
-964
-956
683
-80
-725
-924
588
-376
-453
596
115
-273
54
-446
944
-939
-934
561
998
245
885
622
-771
918
191
-454
-397
-804
-812
-91
961
254
637
-900
294
-206
-823
649
-46
645
-563
665
113
423
565
428
-782
242
-267
-347
-462
411
-719
-80
-454
-622
-170
-765
98
148
419
109
880
896
487
-580
993
198
376
379
-61
362
909
-265
989
-104
-311
115
-661
-942
-555
370
-311
229
-824
-399
-132
-998
-395
-457
584
72
-798
548
-991
950
192
-489
193
-994
92
412
-606
-307
-591
-590
137
231
-329
475
176
8
-276
-244
-17
-891
445
868
-314
-671
-926
-342
552
-788
-189
991
119
-715
-901
-830
-103
-80
-185
146
612
530
-949
46
-341
537
-958
-824
229
-7
-529
-439
438
-959
757
526
-580
668
719
-865
296
-892
-691
576
743
304
107
145
813
942
-80
832
637
-884
768
95
870
288
94
895
-435
744
-222
-469
131
924
771
-62
868
-929
-239
-100
172
-780
609
285
-347
-580
534
408
305
-322
-680
459
-464
-272
340
-136
-49
354
352
-333
829
-630
-215
-825
699
-311
379
356
-720
-883
-196
515
966
512
101
282
-988
957
942
-790
969
-862
-555
-75
-894
-463
-229
462
-280
465
91
-727
537
-446
-712
-895
433
734
-670
440
-971
-502
-540
201
-229
-436
-947
-503
633
-970
808
172
697
-800
683
308
998
148
-151
-11
-521
723
84
179
500
-315
-205
141
-871
78
299
-909
-986
299
237
-286
368
924
156
-144
-504
860
-919
562
886
923
653
-820
-830
541
642
912
270
842
-130
-313
723
-250
-243
-834
-9
428
122
824
-344
372
570
-623
-408
468
326
514
116
-238
403
720
-797
-73
847
143
455
334
345
-491
-13
140
-691
57
-998
938
-228
521
655
-802
-764
-133
-833
-536
65
-21
-729
-296
-529
-92
546
572
235
154
371
279
37
-221
172
238
548
966
713
-388
310
187
-468
229
-46
962
790
551
93
-16
-130
796
-827
356
-799
-212
685
168
518
-656
-955
-813
700
385
980
27
-861
-497
-43
72
-572
45
-755
211
350
170
229
-787
-834
-949
-89
428
154
739
-567
-288
394
-220
289
-524
35
879
692
688
738
88
-336
-244
81
-363
-158
-546
-87
-475
132
948
-828
109
-857
-787
-99
269
521
-270
-345
482
-734
-189
-394
-683
257
-293
-594
-752
942
