2480
-305
-801
-473
68
879
154
-359
519
130
428
-761
-872
-678
-960
893
-624
280
921
-368
-137
8
544
839
559
-841
-180
-426
205
-349
975
-760
200
45
-548
-600
906
269
935
-516
579
643
-699
703
-579
-907
-397
-951
827
-662
434
-819
394
-175
-241
528
777
495
641
353
645
-749
-740
-311
-851
904
370
447
789
310
-247
-632
853
677
-920
-358
433
192
-838
-228
-188
162
901
-692
645
-657
-11
364
764
-335
514
234
670
494
928
-166
-925
914
996
594
73
-369
-12
-335
-767
397
919
-515
-41
447
460
969
-32
4
-153
-241
-852
935
774
-609
10
500
497
820
603
518
448
575
-98
-558
294
291
-309
-998
-629
-116
-644
239
-408
764
-380
-346
-260
-908
19
389
923
635
-638
-325
373
-306
-135
105
789
996
-255
673
128
909
963
777
477
278
430
-724
788
-484
296
125
-513
219
924
425
-179
225
-398
-184
-971
-700
588
-688
904
-452
428
-650
479
-818
435
977
-989
-442
-908
285
-740
-943
455
425
33
-636
-118
958
-658
-35
-862
140
-188
-828
-433
-894
-838
413
-323
-215
-655
797
-25
-290
725
213
854
-693
-785
448
726
-735
-185
-906
-38
356
-361
-230
758
-605
-101
423
-6
-654
-363
721
-209
822
-963
-885
202
844
933
-443
285
790
922
-977
-339
67
342
-738
-194
234
819
-311
-38
371
-710
-686
-528
-958
169
-452
89
97
-205
-163
279
984
-798
-207
-986
860
-57
-744
132
-959
-414
813
-851
-547
-899
324
-450
683
786
-608
667
-87
-627
526
781
-609
-563
-47
-477
-917
-764
-437
713
-787
-243
-924
-202
556
-659
186
-737
-28
-478
-74
585
925
648
326
172
905
-662
-451
947
553
886
-733
-897
-836
-231
314
939
230
-374
558
-213
-727
83
40
237
66
169
-144
-270
-798
-995
-212
646
-265
-278
-919
-486
-889
735
932
-29
921
-825
870
955
-224
259
906
102
100
-486
-708
959
-882
-937
-640
-880
416
976
-260
-303
-753
663
132
999
127
-839
64
686
-663
355
-261
-191
-901
629
650
294
-228
-705
-442
759
-774
56
569
-229
-78
-739
-447
-109
-708
758
-460
-96
-384
244
-223
849
-39
-873
334
266
-892
28
-748
-367
548
611
723
-334
102
575
-286
-493
-820
-313
471
993
-807
169
751
361
-888
46
891
835
-775
265
-728
-312
696
-263
-455
452
-597
-163
755
390
329
583
-699
741
722
-615
337
-355
-882
-324
475
-665
518
-224
510
406
905
222
-475
-163
124
-567
381
895
466
-542
84
-226
403
-517
237
37
-564
227
292
881
962
256
40
-22
-652
-933
-262
927
701
725
-735
-881
387
856
535
-460
-801
472
499
954
377
-520
195
926
351
120
-602
65
-334
-292
916
156
-643
185
699
141
722
280
199
127
227
-611
-292
-888
778
97
83
-20
934
779
31
-594
610
925
-709
231
307
-950
-734
-721
-930
342
-854
392
756
886
941
395
476
695
918
-902
-773
938
-75
164
642
268
335
-329
-317
-156
-955
-881
-831
390
590
-964
-908
997
-108
-413
-650
933
696
-37
-35
-451
-525
887
581
763
-885
-109
906
-78
334
968
-594
-81
-930
-70
-867
-262
424
464
651
-505
-398
163
-11
-933
65
687
-163
284
-156
24
-276
-446
-415
-266
915
-119
-150
-576
226
-216
156
-969
-204
-916
-541
-343
901
-946
877
998
-686
995
-422
-897
699
-526
-436
-998
-937
672
257
18
-908
647
-70
460
-8
-635
-888
708
-182
-831
978
-491
-537
296
645
-984
225
758
-840
932
-294
800
810
980
-935
413
971
326
327
-395
484
-545
-407
370
643
364
-662
19
-569
-541
-28
-576
-507
664
-934
-137
709
411
-395
-395
380
335
-295
-880
310
726
-316
-15
-97
-921
626
319
511
834
-240
-122
-160
250
-341
-953
317
369
-28
521
985
241
850
893
-728
470
468
-193
-946
10
-894
-696
162
552
286
640
-497
338
861
433
743
-98
-916
-505
132
379
896
244
-787
-191
-482
-528
97
727
-108
-819
963
382
-254
-184
594
810
169
860
131
288
78
80
653
347
-6
641
641
713
-335
-998
-796
-573
189
-801
-725
-503
-633
-6
-110
-485
-382
-804
-88
-171
-476
-187
-693
-430
-415
975
-821
-175
-635
901
-386
-315
974
-319
720
-938
676
370
628
21
-522
828
619
-820
-765
-759
-417
-876
353
-18
893
576
-995
-743
14
535
-768
-938
-512
-385
-39
-591
-955
341
477
741
-376
-439
169
643
503
693
95
495
-559
398
100
-76
238
452
245
215
-395
116
-319
201
286
-948
-248
741
549
686
542
-694
-617
606
-293
755
-499
-330
994
322
338
-408
-196
-277
-686
563
-463
-404
-879
-161
866
-694
181
851
341
903
-400
54
926
128
-706
2
-409
883
776
468
316
990
-733
192
69
-815
696
370
945
533
945
-945
-213
631
-692
234
-564
-227
671
642
-723
-439
168
217
166
283
416
-305
-232
32
-260
-115
324
889
-994
-675
454
327
-913
-762
801
609
-591
-250
648
-984
-267
633
70
466
104
54
-837
450
-486
200
-556
-279
957
345
694
534
358
138
-378
-199
-445
-496
72
453
-567
681
242
-189
-392
396
492
-765
349
559
118
-210
933
-799
198
-633
249
-489
-132
-449
-550
-572
564
744
682
-862
424
897
149
-531
-641
-672
-86
-850
470
671
-102
-650
105
-131
-485
-704
-593
-700
-711
-807
831
-405
-758
-85
-942
-959
-324
757
-282
858
-322
-554
-116
743
-376
-520
32
77
391
10
-189
840
-871
-474
-266
89
129
161
-476
586
744
-608
-276
-238
816
-296
42
851
-330
-210
-31
-367
-876
-99
-216
813
-448
677
-514
992
180
817
-101
-365
-374
529
692
-293
-828
934
826
178
-586
-244
-592
224
161
-895
952
713
-404
756
361
-209
-639
73
-322
792
-831
72
-754
-645
-683
-43
147
-60
-78
107
-519
-121
344
34
-986
449
-377
400
448
-198
-178
75
-577
534
-78
-229
-720
666
-8
-258
403
-772
-817
278
3
436
397
-947
-513
-497
724
856
825
-638
-944
41
842
75
-272
-705
-193
-478
542
-535
-331
-177
221
-233
-419
582
318
849
-949
-35
-49
33
225
-802
369
-469
-781
-761
-412
829
39
127
-303
-575
-837
707
515
383
-542
127
339
-129
28
-152
991
589
177
-955
247
229
58
750
547
-290
-883
-947
212
-925
195
-831
-714
-836
-393
66
766
555
-883
751
694
627
-564
-14
882
211
-583
-603
94
-513
418
-355
-122
239
356
-604
-623
-975
570
406
-501
-326
403
290
-530
554
-787
464
188
286
-716
881
-100
430
673
321
-242
678
-911
457
445
-622
-125
33
-544
163
-419
819
-564
-386
636
-356
-454
-348
294
-261
-672
-788
-257
-629
831
-485
-365
-50
-615
-58
390
-705
-212
-561
342
905
-848
-149
665
150
457
916
809
447
-760
-774
-952
-909
-76
820
-190
-461
-703
-684
-674
-583
555
-551
-720
169
929
478
-146
-352
720
-657
957
-183
27
44
135
239
-12
-282
939
44
762
-521
386
-113
270
-834
89
-196
356
-568
416
798
483
-470
-530
-136
136
-518
-130
265
-514
-675
58
-83
-942
-421
674
160
-378
-529
553
-691
-44
-278
109
181
268
-889
641
475
380
-6
-392
701
-212
-158
288
429
307
493
-887
813
-567
-69
-783
-424
-23
890
-707
269
706
-144
581
135
-276
88
237
8
114
-221
492
-604
431
-880
27
633
-359
726
827
45
229
-179
-157
544
117
717
-11
432
-155
671
92
635
-466
575
-363
990
996
-877
134
-628
915
-923
-257
-373
209
76
-372
521
159
489
116
-404
-47
461
689
-298
424
360
-532
-633
841
588
388
-516
748
-64
-549
-874
-942
-192
-594
-874
-541
-334
862
740
-780
244
-401
238
34
576
589
45
957
17
342
980
-812
48
137
-350
-279
-873
904
455
480
54
-100
-958
-103
836
726
345
680
-435
29
770
-67
570
329
-194
805
15
-757
726
61
-611
807
-83
206
-408
-849
84
-279
578
317
125
-961
710
508
424
-450
401
-44
745
836
-885
-832
-678
641
-428
638
188
-291
-919
-414
265
195
-523
-105
-747
41
804
-61
-461
829
803
-362
948
-451
979
239
-390
403
909
-517
-998
635
-945
379
864
547
884
816
284
-722
354
902
299
580
-419
458
209
-374
-503
-790
209
-791
-323
247
-945
142
706
-247
908
46
890
-672
225
131
-466
354
-473
679
-752
-586
-301
811
-177
907
655
-955
-183
757
659
-43
-325
-186
-573
642
-173
-123
978
341
-489
910
852
465
-514
758
-191
-450
-932
-936
677
321
-789
-783
180
953
788
-747
731
-839
-643
732
-926
-179
701
556
-851
171
891
-461
546
55
-363
-558
404
-318
-100
-447
798
960
-277
211
236
213
-903
647
243
732
164
-649
-255
-940
-738
-943
-81
-969
-508
-160
-605
-809
520
54
-239
55
224
856
706
-140
359
-330
-851
351
834
885
-991
-24
45
-245
-827
-537
532
823
-90
-6
910
-358
-688
-553
147
-314
200
-564
-146
577
549
475
477
-474
63
187
-411
-984
272
61
355
276
520
-292
429
210
-852
63
-713
967
222
-817
-862
315
-456
-16
495
-766
337
-770
337
-327
18
84
719
62
834
-340
-695
-372
-755
-370
-894
418
-620
295
-68
-561
862
-776
-110
269
477
743
-562
-937
-501
-713
299
-921
-398
527
-188
-672
123
-167
-117
-11
606
-663
-426
-747
408
-168
-876
-364
123
460
62
-201
-961
-891
808
-725
-570
791
934
-350
-291
511
-196
-901
591
692
557
685
20
-372
-523
944
566
968
274
-424
996
285
541
974
-625
-641
-841
845
-687
-309
670
-954
-818
866
-113
-511
-573
830
293
992
27
-590
239
-703
-943
-974
-848
-127
175
267
336
-280
-444
497
-944
-108
741
868
-293
53
314
478
-649
-670
-167
-948
27
183
-496
-26
507
-276
411
684
814
595
214
110
-655
765
-35
-728
36
-71
-289
-455
-782
-918
-976
687
-562
-668
-307
-879
568
531
699
249
-337
-856
-7
699
257
-319
-780
454
-946
852
-872
-75
-133
24
-893
-542
-334
176
-138
825
-874
196
214
-843
-780
349
-289
-583
-75
125
-425
253
-384
-583
-320
274
-692
677
-169
116
307
-454
-902
859
-190
22
-649
62
-402
352
719
-907
128
806
457
57
-687
117
531
-758
1
628
-141
524
-672
221
-485
239
639
-278
251
10
593
-536
-687
-716
220
58
315
-18
140
333
77
224
38
627
-962
766
649
799
957
471
784
-580
529
-421
517
-887
-35
22
143
-651
962
-836
636
307
-577
-781
-982
682
84
-408
80
-372
-604
319
-999
-783
-487
58
-928
-449
-63
-107
-633
360
230
-580
-287
512
155
234
704
-54
930
-513
-584
398
858
476
947
-119
-122
606
558
304
-471
-123
-864
818
733
-47
-582
218
-845
-600
-422
-626
325
-331
-966
199
344
176
949
989
973
-618
-582
-114
-571
-763
568
-70
-924
-266
554
94
-113
-792
-740
75
624
-907
-965
723
392
227
764
304
532
-695
674
417
-56
-629
35
49
-9
165
-844
-763
-731
176
-528
114
196
515
-168
777
-886
313
948
-847
772
-645
-393
-49
323
363
-671
-797
933
460
223
-238
303
-800
-195
-116
-378
-560
-117
-662
285
-750
-643
694
-712
-486
-500
-202
-97
719
-806
-762
846
-840
-173
209
-263
115
958
-644
-611
-286
275
863
546
675
503
-943
332
-261
35
-657
609
-82
-93
504
-187
-115
842
-600
-800
-580
162
-193
881
-577
497
717
541
-448
-537
-307
160
-320
884
-101
179
-632
-473
-301
-994
954
-144
-440
197
969
-153
861
414
-815
710
-893
-621
309
625
160
211
212
598
200
835
230
-961
635
-79
312
-763
-325
-999
-94
-754
-8
-32
610
-345
-151
-690
-345
-516
-775
393
-517
-332
668
-964
541
458
-115
-554
747
-570
149
-929
313
315
-790
-299
160
-295
66
-475
-506
-718
-462
-970
757
698
-489
31
-37
-857
-368
968
-754
-376
-714
397
729
-94
73
399
-712
-170
-567
-315
-372
862
-162
321
-293
182
-924
-691
-297
-377
166
499
-695
-18
118
892
794
28
646
-928
478
-841
-218
476
-387
13
-422
578
127
888
-777
-774
-700
333
506
-122
749
-273
-138
-556
122
416
-488
508
897
-952
-1000
425
-968
-674
-738
325
335
467
-17
-692
317
-178
371
803
933
-382
436
321
-108
171
-796
-85
826
-441
-117
-594
627
-206
-564
-811
945
-390
-669
-293
-72
450
-722
202
-251
-15
-123
-782
732
746
-169
101
621
-234
674
-225
609
-51
-145
-845
615
-988
856
672
325
833
-426
226
-563
-758
-437
53
-433
107
-167
-203
773
997
-371
-464
783
-652
252
77
-550
409
40
38
-993
-425
398
-671
-90
-231
480
573
70
-976
314
311
-918
922
-61
187
-303
861
306
-472
577
148
890
108
-775
-352
916
447
-222
624
-857
572
930
-229
727
-6
-131
234
487
441
823
-301
316
919
-70
-416
-465
-382
993
637
926
744
-769
-176
-191
474
-433
436
340
-673
-743
-290
-954
-236
29
-160
60
610
-289
-389
594
584
415
-977
47
343
-605
878
-924
-51
692
191
658
-136
130
95
965
-148
-715
561
384
-592
929
550
