1124
39
362
694
837
943
568
246
280
-529
-26
606
-175
192
254
328
897
-196
797
894
-768
0
-909
-727
249
-643
548
-143
862
25
-817
260
841
818
104
434
225
931
51
276
-699
639
63
-116
840
634
-67
136
-71
54
156
321
797
-693
227
928
-389
352
970
143
-444
358
-939
701
446
-875
-979
235
395
-931
-979
132
586
782
-762
-86
-246
-589
-497
779
487
-423
365
819
-814
158
-677
-438
-47
549
-202
-290
528
261
-792
603
-718
545
-241
359
-776
803
-551
794
-723
-639
-530
315
123
993
-375
566
654
-55
580
-120
-812
-593
672
-259
189
735
-50
-191
-652
-533
349
211
-662
844
208
920
-485
-297
-197
43
623
-469
-918
-574
-304
-841
-66
-580
-189
952
-251
-922
997
-512
-475
-563
3
-301
436
749
310
106
-201
-1000
793
202
-187
67
-856
-993
808
-598
967
-31
783
692
764
937
-686
945
154
-19
-476
703
603
535
174
-900
-551
-684
-338
-106
776
-984
811
318
-540
206
147
-868
723
237
547
-965
535
551
-142
-507
147
731
186
745
-90
-854
-220
792
-696
486
992
432
-144
-650
126
-32
-400
311
-324
474
-721
-211
-292
614
-559
-921
480
899
-604
-32
-43
-216
969
-735
522
793
636
531
331
-603
562
419
590
892
831
271
249
654
-687
-68
638
671
989
634
-763
-490
420
447
84
-747
529
608
349
-109
-158
-337
356
388
-160
45
-293
890
332
928
-483
741
-40
-928
-749
277
-192
-4
342
449
931
-838
-398
272
146
459
882
965
51
-980
302
-840
-510
-711
142
-818
645
412
-806
346
139
563
960
285
-688
-288
560
-54
15
-295
-393
-140
613
464
-154
424
-835
430
-897
471
318
232
796
-580
-51
243
300
908
656
-509
-774
187
465
831
987
602
539
-47
756
718
20
297
-202
445
-554
929
279
866
-677
587
782
400
-283
119
795
242
632
449
736
-719
-139
-377
688
-865
755
199
499
464
876
-473
-733
184
465
-977
886
815
859
112
904
-943
-769
-776
-508
35
-307
221
-225
768
598
-249
497
737
-969
-533
464
730
-378
-383
-933
145
696
951
785
874
396
574
-965
-130
-904
-814
892
-742
958
40
-76
388
-134
16
235
632
-181
-695
-384
-192
-485
-301
814
-190
-339
-976
-680
979
-46
356
-511
569
40
844
-470
-433
-848
155
-839
817
-454
686
-478
-777
-913
-239
-363
47
-757
-261
-413
387
-587
261
542
-647
-228
-504
-563
601
-161
627
345
-743
-455
-468
519
-811
-232
238
337
-486
585
-848
-157
-607
17
-970
319
745
-518
385
14
-947
-984
-430
-236
132
551
621
430
776
19
-40
-261
574
-268
625
580
356
-812
-385
665
-103
125
993
-630
-635
-732
-893
975
-279
-980
96
356
-78
169
129
916
487
-222
-142
832
82
-206
-682
124
252
-149
545
-201
592
807
99
470
-31
-756
-779
428
7
251
251
-969
549
-842
890
809
742
892
-861
-623
-746
-782
429
-778
-931
-561
961
721
694
884
-193
84
926
-650
-834
-150
391
953
-832
475
-324
539
-941
828
319
-469
-92
738
750
-780
927
337
-699
-614
-463
-187
-84
-897
-370
684
-735
674
-929
286
-655
-124
-845
474
511
-599
710
-258
967
392
815
946
732
-449
-878
946
-707
-170
615
86
199
-947
-62
-832
-268
-347
-607
-254
705
248
212
-151
-195
615
-58
474
205
126
-69
-409
-100
-907
994
29
-704
534
-407
333
808
709
303
502
929
-703
-732
-612
840
726
-499
-201
201
93
388
922
-74
385
429
29
-524
-690
-669
522
527
-249
-720
-367
-978
-604
-277
-552
209
-441
508
-749
-281
-887
475
-980
108
-90
615
767
-705
194
-878
516
129
-506
681
-759
585
-389
642
907
-27
850
-898
-766
-244
-259
286
-761
-66
-242
801
-110
-212
-70
475
-156
916
56
-430
365
789
748
-574
-869
497
-533
768
-735
-896
763
-36
-881
-991
-567
143
484
-580
54
-780
476
-846
302
-45
279
950
150
40
329
-427
-846
35
-793
144
-768
792
372
395
356
-810
920
445
513
677
986
-808
929
488
330
-46
-255
-93
-210
-766
-692
-362
998
-665
723
966
606
258
-507
301
-320
-124
241
-152
-973
625
-763
590
212
612
-255
321
879
588
-99
-19
458
340
-748
381
-114
769
-516
429
-269
628
-445
698
-473
-881
-360
-795
875
-268
50
-58
-454
-951
-287
-579
-921
536
-881
196
2
-61
-93
401
-186
-859
-14
-440
-542
-189
466
220
242
-95
-692
838
537
656
-659
590
461
-714
665
-650
880
-74
941
-409
-938
174
240
-366
200
-224
165
-567
867
-216
95
-650
333
-676
177
584
-682
-559
865
399
-729
-854
-648
-339
-325
-756
922
860
758
-115
844
-882
85
-758
582
640
-92
-857
983
744
966
-174
-497
-819
-524
-175
-242
-603
69
-759
-298
-711
-378
-704
-849
-939
-633
-118
375
-244
-254
-144
739
-39
-792
768
7
-96
-262
-371
814
-14
353
-106
-313
-529
10
-283
-244
854
-814
14
176
-392
-359
-185
-204
-805
582
-506
262
-230
279
341
-330
-342
-685
-829
-618
-217
-849
181
894
-867
-711
-438
-327
114
-92
-356
592
560
-960
-783
1
465
-203
449
796
-557
780
307
-663
603
522
-416
-663
981
-566
-23
679
57
54
755
-21
970
-46
304
667
-103
-299
890
286
710
676
-679
-177
-570
-579
68
-470
-16
237
772
454
1
-786
131
-449
-721
-671
532
350
299
-44
-308
-392
287
976
333
-752
583
97
964
-486
-579
-237
-520
45
332
805
307
-957
-554
797
-82
-464
-239
40
-44
877
-292
908
120
-992
-33
876
51
-646
-784
390
-427
-692
642
621
-291
759
488
-449
-684
-673
168
-638
-189
-566
810
95
181
587
-769
-69
-986
-666
47
-98
-453
847
-69
-78
716
820
561
170
156
-141
-259
-84
-695
665
828
93
-945
585
108
503
-681
-955
-736
601
-404
-309
-208
891
-802
159
332
717
479
-975
