9309
277
-887
379
701
-334
-552
-533
449
-42
405
256
980
858
-38
796
-959
-74
105
-993
459
718
-859
719
469
24
-262
775
721
654
-645
507
-430
-625
-714
-119
863
0
646
283
535
527
725
313
940
536
220
492
-850
400
-856
141
629
-737
299
492
-807
715
-324
29
769
143
-933
316
-377
-998
277
-943
581
-476
-831
95
830
267
-203
-170
-37
-100
-984
568
-688
-946
372
-871
234
648
-905
-385
56
-318
87
681
-221
568
-689
348
-868
-437
491
-104
-16
66
-308
-982
426
47
344
363
37
-724
449
901
-756
307
320
-75
369
-899
222
-453
246
642
31
-113
443
63
987
591
-172
758
-6
819
-10
-321
-900
-175
-145
-420
242
-629
-897
843
-244
310
310
-172
416
918
300
-622
-93
-922
-569
575
88
979
-564
-665
-973
-248
117
607
808
-476
-149
606
-316
359
816
889
-585
508
-852
893
749
-912
-525
117
-984
-623
-209
124
76
321
-578
-884
-314
330
-374
821
186
-837
65
937
-409
625
-14
324
585
-239
115
-903
-293
865
-431
631
-761
-746
-92
410
-548
-392
302
-306
-373
34
-335
559
94
422
570
571
900
-675
-738
457
221
-820
-449
-877
-385
82
683
-801
-909
270
193
-100
15
141
560
-681
49
977
-258
604
212
637
834
266
418
-100
-657
591
-505
-846
-866
995
-531
-37
-249
-751
-919
-177
-725
880
34
-697
32
160
-551
-999
138
127
-183
446
-733
923
205
-395
-793
-190
88
417
-210
-571
-603
701
950
27
219
-208
-931
802
476
-773
-152
-704
-981
-624
-877
167
360
108
182
7
-598
-411
-960
510
-24
351
322
-310
-125
103
-246
159
-349
-957
986
260
140
545
357
968
-724
-981
-154
146
820
-948
-275
886
865
429
311
-221
-409
104
761
793
-743
-306
584
-152
-489
-396
-344
-541
-396
583
798
-140
-350
768
-620
-215
253
-397
42
124
865
-751
147
-416
72
-930
-29
-185
-924
397
-622
576
-427
-233
-787
-834
-616
-326
714
-652
429
-178
-410
-755
-173
-861
382
-664
898
886
470
704
-476
450
-184
-839
113
-829
-468
614
-459
311
-784
-632
-192
509
853
-63
-357
-305
279
-553
466
-53
-74
-396
418
-180
-59
905
-641
-855
-81
851
978
451
849
310
431
-638
-585
-11
-577
217
583
-652
974
-459
164
-907
-382
341
80
-690
-138
-461
834
-612
35
-447
-977
145
842
527
-728
120
464
-711
992
-983
-298
700
-359
-488
980
-327
-966
-808
226
978
958
157
659
226
907
799
574
-551
14
395
218
-539
848
-269
165
60
295
-267
-959
934
940
553
-804
-585
-28
979
522
-982
989
-631
897
-615
-441
-33
-15
-488
-388
782
14
-318
-83
-157
267
828
955
979
-619
229
-321
-660
-551
287
-746
-25
-253
-969
-211
730
-764
-401
484
-358
-802
-146
818
-483
192
-131
-650
-739
169
-734
-139
617
650
297
260
117
-339
958
883
-702
-276
-696
-796
-55
895
975
440
-608
-714
-706
981
751
-353
388
709
60
356
916
749
82
260
12
136
-960
828
-606
320
814
-702
-966
-871
-437
-338
405
-566
706
693
-124
-680
-630
-780
538
-879
-756
-971
895
162
848
-495
-288
198
480
162
-28
859
814
244
-294
978
-159
-248
702
-301
-725
-605
-38
779
310
-215
761
-749
-484
-878
119
30
246
871
244
-866
364
396
871
228
-101
537
895
-14
-347
-42
853
943
515
978
877
-826
853
704
-452
811
-983
-897
-125
172
-102
485
73
319
560
551
-905
382
501
-121
-308
-37
-216
-741
801
433
-838
-74
359
-550
918
101
236
439
654
904
-867
-897
992
74
341
374
-361
47
-604
873
-770
-486
107
996
-257
56
-61
-800
282
556
781
588
-719
-136
-44
615
-96
-284
575
24
-214
655
-62
698
-418
559
-668
519
-327
-682
44
511
-379
-109
-204
-347
366
18
752
-522
-315
-846
456
279
910
-16
608
-533
-236
-459
152
302
909
-135
-64
-752
264
-350
-860
-575
450
285
325
-683
-345
-489
-121
85
-186
729
71
210
78
174
-939
262
-652
-909
799
425
-265
282
-802
701
826
346
-999
-362
-848
678
-489
-887
-137
-488
-237
144
986
-86
392
856
-614
-447
507
-89
424
887
136
-19
-919
-989
245
294
-661
-793
-957
488
-345
-730
-574
640
124
720
-572
-253
235
-741
-406
244
210
512
-646
545
-544
271
546
490
455
-625
903
-689
559
150
-666
869
-362
-894
-469
933
262
194
-32
-128
575
-621
-99
643
932
-549
958
-445
66
-244
562
870
345
277
63
990
-1
-597
883
-462
-966
-961
-234
650
780
364
-53
903
860
-48
661
444
-818
181
102
-707
404
906
259
995
-259
-254
-669
282
-724
329
-810
-425
-427
-721
755
-56
208
290
-855
762
159
-388
-377
673
700
-650
231
248
316
887
-316
-939
-864
238
-131
-712
-6
-856
-798
-976
732
878
-37
490
-405
-162
72
-9
-301
-396
899
552
773
-636
418
825
332
-41
856
231
-19
80
-389
-65
-789
-454
-240
-907
-758
928
-238
-147
300
-456
-926
-390
-424
-867
-407
529
-664
599
24
-583
993
-359
416
-543
-930
-345
126
269
-651
418
-114
-753
539
370
368
494
723
111
728
918
881
235
-465
-661
-323
959
-712
827
899
-239
45
176
312
-1
-41
-562
-953
842
-485
831
57
-302
498
872
50
-630
-910
-88
504
648
-728
765
-449
-709
23
-510
-560
-743
953
-775
-600
-220
980
-623
-212
249
-520
916
107
21
53
480
267
3
906
272
629
38
472
-810
-867
-864
-59
343
666
-611
-740
227
644
815
49
543
-181
678
274
577
243
284
-551
-25
-483
-326
-417
-827
738
-53
-197
9
408
-805
167
461
-777
-309
307
-168
-731
820
787
753
381
565
355
529
895
-454
283
179
561
-693
-946
-149
-878
-849
492
337
-705
411
248
-647
863
-132
339
719
-759
332
151
-124
-75
-285
288
-176
-896
-242
340
-941
-791
-635
4
-324
-152
987
170
-172
-818
-601
-14
616
-328
-726
-458
-350
333
-340
-111
-413
775
664
837
-705
-34
112
375
484
992
-786
456
-328
-627
-727
-49
559
-274
720
-286
-730
965
-250
4
175
512
-614
-472
361
-601
801
371
-165
-107
-237
-832
732
516
607
-307
386
1
-85
-670
214
862
-100
-478
-256
214
942
-599
-891
-933
-384
-90
665
-85
-816
-477
-62
-783
270
735
-661
904
192
-564
657
875
850
644
-610
119
-633
55
399
-686
-192
-977
36
-476
-984
244
-716
-685
-822
956
-613
158
-849
-326
769
-769
-632
-137
-905
-957
-844
-754
481
678
878
513
-309
711
743
-630
-343
-245
-421
-629
31
-307
-13
-489
233
995
-74
-375
776
-532
668
354
730
-971
65
881
532
267
258
346
735
-230
-552
969
525
420
718
367
-218
542
-400
-837
-701
-12
978
69
326
-531
-278
755
788
-135
-933
-130
336
630
687
95
-634
-382
-304
-989
-928
203
-317
-930
104
50
-31
427
811
398
-973
-590
662
-899
-838
-158
416
-986
-871
-819
-812
-55
255
83
617
-377
-923
-313
48
702
-720
-802
265
-403
899
197
-463
822
724
802
876
-191
-615
-237
204
653
655
-349
572
161
-217
-245
507
897
365
-235
824
268
502
107
-666
434
966
414
732
275
-20
-109
-836
-157
266
-569
-947
-599
-188
-524
-904
295
-764
220
380
435
-664
705
-34
-652
-87
679
-80
-87
-712
337
220
547
679
-216
-930
466
226
-854
-68
-99
200
-833
418
-965
-454
775
446
-225
-370
-544
629
769
672
-45
-880
-442
630
349
-441
-975
831
555
-649
371
103
943
755
574
-727
-800
-347
-952
-926
-530
-17
-5
30
514
899
-103
-95
-285
667
845
-892
-971
357
-260
217
252
831
538
157
-849
-741
24
-918
-632
-801
-837
-442
-809
428
169
539
-730
-808
477
-428
584
-262
-966
-144
522
434
123
918
-565
882
200
-346
696
-435
342
408
-928
-37
-778
675
406
630
477
-981
373
-236
563
-200
254
241
-876
-848
364
967
-299
-448
329
173
609
-612
-887
250
-399
192
660
-363
265
-846
994
811
847
359
926
-677
-793
-946
-931
753
218
77
-104
-339
677
-170
-636
-161
574
-715
-157
466
-927
-55
883
578
-136
-852
-747
123
-151
161
-760
-80
745
-935
-92
-636
446
834
546
56
-125
-883
-856
-750
148
-918
-829
246
921
-318
525
643
-48
-239
-210
61
-557
542
-802
339
840
408
-536
909
23
-353
-773
-653
294
-900
810
-820
-704
77
931
514
-75
-687
781
670
827
988
-182
-474
-878
-152
-500
224
53
-631
756
-95
-805
-165
485
294
-771
362
-137
-626
355
-386
600
978
-72
-15
845
-494
-596
830
-58
-642
423
151
143
781
106
915
-638
718
114
-926
26
344
502
-929
835
-288
-368
-319
-291
-425
-871
-483
15
-915
-132
-612
873
358
-324
-59
817
871
81
-682
-433
718
-722
-396
404
-501
254
61
-539
414
909
342
518
910
-221
-26
449
-365
-5
382
-411
465
-638
-877
955
-798
378
-614
-220
799
446
-338
-593
-597
560
369
-713
-980
-594
-595
-552
-330
68
134
66
-779
-838
174
982
198
-610
532
445
419
365
138
72
-502
426
17
-590
-22
481
739
-958
-599
405
-387
-339
628
-811
551
472
-941
-658
-143
107
392
-246
-900
-912
-492
-666
-765
-853
583
145
-492
-620
-366
208
926
975
858
-642
936
-339
188
513
-884
-517
151
-168
-849
-248
-598
-432
-323
-491
955
758
325
820
-655
742
-897
-13
-961
-670
-26
-526
158
719
-234
287
214
-935
-430
-77
-1000
-345
786
566
-774
-439
-888
-963
-400
-994
-354
996
659
-174
-643
-570
-751
-908
604
-391
-814
-603
-925
-185
706
-436
-485
758
-129
855
85
905
305
-180
931
896
160
-2
567
75
375
507
806
156
-268
82
840
-103
632
-78
62
-575
-351
477
289
982
-623
491
-93
-56
491
-53
-60
259
538
645
-28
142
-994
-630
751
277
804
397
682
-911
-848
539
889
66
-582
581
-566
-578
-446
-562
-15
276
-895
384
-223
105
318
889
788
4
633
-77
727
-667
999
322
-139
655
-789
-26
15
519
-131
-608
-555
308
442
625
739
-938
360
877
170
964
-588
255
-871
494
378
-122
-535
832
512
653
-190
-745
-736
-103
-771
190
720
859
-697
-990
911
5
111
-428
270
697
269
-196
-472
493
-498
763
336
635
-816
137
310
805
-746
-900
917
853
-312
794
-116
819
-341
-474
-234
-224
-584
294
201
-834
492
69
360
66
-196
133
165
434
-494
316
-841
969
-216
-129
-77
-806
560
-372
250
-319
333
-719
-1
-460
-270
-198
-141
472
5
759
-785
-768
592
-596
173
993
548
675
-796
913
841
316
126
-595
87
-316
455
217
330
-109
-540
99
-682
191
-898
-655
135
703
-294
-920
-477
-118
694
-882
-402
173
-190
-249
-631
-757
-792
492
873
270
-327
939
719
620
-202
-681
-647
22
775
-529
-59
746
-532
-132
109
456
238
-444
564
337
193
-115
731
-181
-359
491
224
785
-699
649
-589
-553
876
-394
646
-484
-125
-857
769
-968
808
-917
-176
852
142
-436
9
-359
-235
-32
-707
-943
341
-705
123
906
-873
799
475
553
-512
652
350
987
123
-973
-625
-298
594
-579
230
126
-823
-551
-711
-525
647
-958
-721
136
-207
-432
-285
-962
-11
250
113
-705
-80
585
992
887
-612
-585
-404
429
-406
-58
-721
783
887
-594
-373
-229
910
-498
806
-582
-453
-988
211
902
151
599
505
77
-395
913
-14
-914
-681
-757
-750
-192
14
384
-414
1
-868
-733
680
-676
791
-147
-603
100
941
158
-966
701
-801
37
-904
-822
187
891
99
144
-214
825
306
522
-558
-327
917
-74
-983
570
-829
-804
167
-674
112
-337
-794
-226
55
-468
-311
-723
170
703
-650
889
-717
134
-959
-706
-843
-771
135
228
-140
199
-444
-119
574
574
-79
730
196
530
909
250
-791
813
-361
-75
-874
24
-683
430
840
438
-587
485
-841
766
461
-796
-941
-314
-736
-952
-611
-950
-464
-115
-161
-212
-821
-893
153
-538
-524
-628
-391
795
94
359
-586
187
-681
-121
-183
645
-545
652
633
967
691
-829
130
-351
682
601
977
-185
-84
-949
766
213
858
793
597
-259
-530
968
-925
-373
-464
823
91
-966
769
650
706
-576
-600
482
173
228
311
45
116
480
-311
361
-365
-543
218
244
989
619
915
-880
446
-502
544
402
795
-125
-208
-183
648
649
-679
587
262
-773
357
923
-938
-934
221
-889
-881
809
400
-402
440
253
591
-49
370
-412
-423
908
581
-62
478
622
854
454
-558
610
-687
-629
49
688
745
906
505
-100
-375
-403
856
-539
294
-98
243
875
211
174
-385
-785
-240
-254
-112
914
-783
664
-932
351
518
-617
91
980
572
20
-738
-597
735
193
-759
-680
-870
-96
142
811
-51
805
230
69
-198
761
815
295
76
-901
493
965
-732
657
702
-310
-703
284
735
-91
-149
281
-60
753
-964
-188
-728
-333
732
135
209
636
-936
-608
-354
-97
926
417
-63
396
-504
-127
-717
298
370
-576
744
-349
682
759
640
-471
723
718
-809
886
-139
263
-422
482
324
631
-330
974
-148
-683
271
237
550
363
-7
-190
-678
-614
-249
691
-383
26
-914
-435
-859
46
-508
498
-137
358
-197
-850
-420
-226
788
663
774
-924
-399
-925
-853
-425
556
-605
164
-806
-579
-516
-508
424
-260
-842
339
402
-973
-34
-554
436
47
390
-180
149
-653
-979
-889
557
-359
73
-507
33
-218
191
-805
426
-903
837
973
-733
-352
656
636
481
-42
-89
-148
685
973
744
177
-739
-764
-248
6
-495
437
-106
-23
-344
830
361
-378
915
185
-248
-961
769
-885
56
565
522
-571
-448
-91
967
-870
-8
194
462
638
-512
-422
-996
951
-947
-264
-101
-524
-194
246
451
-554
285
-515
573
-706
-688
587
690
5
-961
-993
-814
-814
513
-173
576
780
-49
391
970
-52
986
758
439
221
360
-857
-199
563
-647
850
515
565
-344
957
676
393
-227
-125
992
827
-801
912
-913
-375
-170
-757
31
430
-993
-849
997
329
-39
536
369
-343
733
-457
287
-937
-870
482
-230
624
-930
-837
-885
-146
-208
539
-97
50
-486
-373
-138
608
-587
495
-888
198
-980
495
-990
346
35
-716
510
112
-592
-437
-943
101
-905
408
-403
987
35
267
87
449
640
-456
643
-67
86
805
-597
185
-592
821
350
856
955
507
885
435
154
-770
978
85
102
248
-159
-225
834
-22
352
-104
-884
-480
-741
437
-816
-68
-416
817
423
-14
625
-599
-644
639
71
-825
495
-617
-620
920
-45
474
-495
-196
-190
-894
326
474
-464
-309
72
-563
476
-465
316
-97
-445
669
682
753
-33
21
-4
-492
301
-605
918
-89
-660
486
848
653
593
-660
319
-886
-904
-276
-190
-726
-427
-337
-57
-178
200
811
829
-188
126
558
-443
689
-284
-892
-318
238
727
-892
431
141
823
-947
783
-586
-438
441
-896
-782
-84
907
457
419
-924
250
-686
-482
194
362
915
790
-603
547
-859
294
-167
-48
628
-101
-83
759
294
812
-93
128
933
-825
-80
963
568
-471
-589
562
-432
-983
242
657
174
-15
-608
606
274
618
-453
-832
-674
740
242
-688
-152
175
-380
622
95
536
-716
514
773
-893
-248
432
795
946
528
759
378
815
-429
630
-243
-916
661
939
492
868
198
362
420
717
-316
-746
770
-547
-48
271
590
598
-978
72
804
-64
854
-365
205
-575
727
-468
-932
363
-277
-433
629
-910
182
278
-504
-696
536
83
123
823
930
439
485
987
-507
396
-889
666
-986
789
309
272
-3
80
946
571
-483
-379
-534
672
-114
815
296
-968
182
643
424
250
358
-111
87
-234
-832
294
534
-437
-617
891
-802
86
-546
-674
589
521
-685
-436
894
627
901
-745
551
-511
-817
-967
-404
-847
617
998
-623
734
-636
-233
-836
-3
659
-664
825
-157
-743
751
-569
-479
-707
967
655
-755
554
617
789
142
-525
-842
712
19
356
292
963
-175
-861
-926
-298
584
181
-407
-466
112
557
-559
32
37
480
-115
950
-548
-940
-588
-304
-895
919
-227
924
383
843
-154
-16
379
-113
-95
-285
-467
-807
44
-37
187
-465
315
466
436
-972
-332
898
-650
-784
-553
-289
-835
-199
440
-940
537
781
298
-331
666
-542
426
211
-869
996
-731
623
-8
-307
231
-474
797
-268
-607
10
-740
-84
630
241
-630
92
82
-218
-937
-97
-232
-50
313
-430
-138
-91
-156
-405
-537
839
-200
377
309
906
950
-938
616
-664
-96
280
96
-373
-675
999
171
689
629
-774
579
431
-81
-326
423
-62
-747
472
-796
-800
704
106
-64
861
646
-800
564
58
-708
853
435
919
105
785
-597
-551
10
-581
774
-985
987
316
-995
254
-408
63
666
-587
-607
484
-615
-645
-61
-508
603
412
-119
-130
950
82
-770
-384
-724
919
205
-862
-827
473
7
-868
44
-873
-336
455
980
632
679
-767
965
-85
-976
458
-329
-360
448
-85
-887
965
852
231
-305
85
-17
698
-490
204
-66
-898
164
333
649
-580
913
-460
-904
63
652
447
-497
-124
-260
-889
-696
606
964
-708
731
-810
705
127
-387
799
-701
361
307
-537
277
-888
209
618
-229
363
291
-783
-728
226
902
183
-7
-440
-780
972
-302
-819
-565
595
-974
572
729
182
-763
-133
343
-423
-106
-367
-546
924
47
-622
42
-278
-193
341
-519
-594
-666
-778
-192
261
-496
8
-437
-434
-469
674
-337
-546
903
-38
-178
-527
858
272
437
138
237
849
741
-276
246
-868
189
609
-238
-992
832
-825
-401
-556
-104
219
-301
417
-249
-291
669
474
950
-285
550
156
-20
154
-925
624
524
-378
-918
621
-916
-405
-993
-822
381
-700
810
33
844
-703
70
911
708
78
-216
520
749
-579
-614
888
357
422
-461
164
361
453
-123
591
-207
721
-157
729
902
-3
925
-479
-352
520
121
-149
-384
-433
-976
700
614
929
-782
-302
336
-957
919
-447
-192
-326
275
584
-231
390
596
-190
-714
991
-597
-487
-713
807
101
-364
696
878
389
737
-432
-587
672
670
499
522
229
-975
820
-510
-121
-488
315
-315
-792
-661
-497
146
-461
29
416
-557
-970
273
595
76
731
-536
-741
-851
-575
-135
400
-633
-212
906
255
539
405
651
-786
-210
-865
-702
778
777
232
-848
-881
92
536
-221
-445
930
-439
725
543
-624
-670
497
91
504
386
293
-939
58
646
-589
-898
25
935
562
161
-69
-61
946
-703
-566
-762
925
-818
905
484
-40
-989
400
806
-999
783
88
-81
770
-530
-878
890
299
-509
657
914
-482
-204
-664
-371
444
866
158
-890
717
468
110
614
949
-257
747
174
177
-28
833
643
1
-314
566
-218
416
918
-640
-529
174
301
960
-603
254
-171
-836
-403
923
180
650
989
-10
134
615
-964
267
631
-296
-728
-590
-518
568
-974
513
792
-559
778
414
-88
-474
99
65
-697
-836
259
184
-427
328
698
-91
396
-589
-484
-78
365
-613
-692
-955
776
467
838
494
328
-501
633
349
-310
602
48
-800
520
-25
-788
-598
438
-377
32
688
951
-767
888
-35
-323
654
-698
-75
699
572
-150
262
-903
-431
462
346
-924
-884
539
233
-257
327
860
236
-870
-535
-947
-52
605
424
879
473
705
443
107
-282
123
573
832
258
918
750
-469
66
780
-428
-606
-7
416
720
-995
537
843
331
849
371
242
174
810
91
320
704
-299
-713
645
-966
-889
-170
-342
679
-626
93
-976
-633
-558
620
181
-77
550
-112
-558
-38
-591
65
-413
-694
-300
124
-781
-773
-168
763
612
-683
901
-657
152
-47
-911
416
144
157
355
395
750
201
-221
794
-1000
47
-672
-862
940
832
-947
-794
-342
152
-375
-552
643
51
-71
0
812
-166
-652
-187
847
918
-837
200
-114
-91
-12
864
36
905
962
-897
730
893
-830
-332
-109
212
-61
-742
-123
-70
227
830
-972
716
115
-386
-947
-413
-874
108
316
-853
443
-287
-550
450
948
399
-730
171
99
-673
959
-702
768
649
-53
-581
73
242
919
211
-73
-480
-260
-136
664
-216
250
-940
-1
456
964
-844
-636
929
-25
184
121
-964
-440
723
154
254
-55
-863
496
-490
-312
-168
962
883
757
-200
952
274
973
-612
-626
948
-857
-446
18
-33
619
983
58
-5
906
363
-124
-707
-642
-524
108
448
-817
495
931
-545
-898
689
818
367
-638
-853
-52
-295
-660
476
200
789
585
-688
-973
-942
853
-890
129
-173
-346
-752
940
979
524
340
59
-487
802
-33
624
726
-159
-920
-498
-421
-334
-990
260
888
-290
-436
571
-896
420
867
424
200
-827
887
158
493
896
954
-973
-459
-203
421
733
-339
-792
389
-519
626
405
354
440
924
-694
816
-969
-988
-891
-337
-103
-585
314
605
-189
-878
465
124
-557
-179
43
317
-578
-492
-513
171
-667
720
741
53
211
917
-899
835
-874
-492
-435
794
-281
97
-170
186
760
943
-111
-316
857
-121
-644
-775
758
615
235
-962
-79
-745
-212
460
-425
742
843
-764
690
-957
-769
479
587
809
-545
163
-679
-190
-811
497
-822
-916
797
683
-307
-680
-407
164
-998
447
85
672
527
495
-383
-294
-760
404
449
-28
-679
738
-659
-743
-213
621
293
735
545
187
5
-40
-331
-942
-959
903
628
-468
-819
-17
-909
-407
828
535
813
-317
-685
650
602
540
104
444
-323
-29
-420
886
-294
678
3
466
-494
-382
-724
770
-964
197
657
-949
994
980
989
-513
101
361
-588
-712
-898
-315
-844
-704
-669
-189
134
-99
-815
524
785
-294
-948
439
-213
529
-911
-440
509
581
-461
-599
-126
-485
954
679
411
-936
-171
-957
866
21
119
-295
665
-272
-555
461
191
317
395
785
942
185
-570
883
-636
-961
-63
51
-581
851
-145
-893
-313
-565
-847
-697
396
-82
-987
891
-454
196
-228
-636
-842
-899
-682
-978
486
815
-68
997
-312
759
-582
-560
559
-512
535
-169
-469
753
-238
-747
677
-288
971
-680
100
-268
331
-619
606
-567
-895
-503
-913
269
329
-69
303
-825
-309
77
-285
999
-706
785
290
648
551
-857
-270
-958
-670
-940
15
-947
971
191
-617
335
-950
374
821
166
-39
61
-921
114
-957
-490
-290
-583
-182
300
-733
62
-635
73
385
-932
100
-856
882
-404
306
325
233
-986
-42
-240
-119
851
-602
208
-608
-799
-520
36
-572
-831
-330
-75
-855
-726
-530
263
251
816
947
46
894
95
163
-947
-752
-847
-826
-54
-168
-865
-128
-466
-803
612
707
584
-715
13
-172
97
-839
221
-56
666
433
573
778
-527
-207
-879
-804
915
607
-155
904
-85
480
-570
-878
905
831
253
588
397
41
742
-251
-750
-392
-513
-193
457
617
-484
-597
842
508
-841
580
-545
-952
-252
452
-932
936
-653
-137
918
-170
-561
506
4
738
-925
319
-141
240
796
368
547
-661
-486
-754
287
-278
-240
21
650
797
298
-755
484
995
-674
-80
-739
764
572
-541
560
-826
767
-605
544
534
-827
-435
-159
517
-53
-455
-371
-475
-622
676
-25
-818
-514
-407
108
9
348
-500
597
-984
-557
915
-727
-384
-300
128
-560
-812
940
-913
-846
-353
536
905
-451
-371
-889
-541
-858
807
651
-330
486
-630
-247
187
278
-109
-927
467
470
-263
-969
-144
406
246
-321
308
-936
467
-840
884
268
-224
-705
104
-773
-387
-732
-718
-80
487
761
-8
16
498
-793
288
682
-561
811
55
-134
203
-162
13
-153
37
-206
-191
508
-103
952
181
532
-995
958
-354
158
855
-683
-326
-912
457
-111
-707
120
586
234
234
158
-622
-640
-261
-171
482
-117
-194
-640
158
752
636
-63
808
127
-58
-211
394
-423
398
395
112
352
655
891
-528
182
570
-285
-810
423
-289
-571
736
291
-780
572
482
835
101
309
823
781
952
667
22
947
-37
-6
-179
901
189
965
-132
295
773
675
-160
-51
979
788
698
418
-878
-302
747
392
-282
-893
911
-166
71
-294
212
670
-566
205
85
774
-375
593
-537
-427
-434
-911
-881
254
-831
94
205
-648
-405
-720
-150
479
-521
155
154
-156
-636
-259
797
-524
857
-221
-536
-314
-634
555
650
-595
914
-875
302
77
934
-941
909
411
118
271
44
-691
-297
731
-471
737
770
-637
-530
-838
-877
559
448
-348
158
84
-57
793
287
891
-855
-756
-356
-423
-203
210
649
365
-951
-848
-824
-871
-799
832
-197
-552
317
861
-569
-547
-643
990
-9
300
379
-448
618
-734
453
987
-374
206
-826
614
346
-141
225
-889
-933
310
777
99
-901
-14
303
-541
-38
-853
-280
-697
-534
-737
-38
84
-941
-200
164
-598
-383
-65
-104
-719
-229
586
229
513
-48
-634
-747
416
-321
-144
-353
-923
419
-291
698
604
297
537
-480
-285
912
-84
-582
129
284
-983
-531
-106
-793
-432
705
-898
-299
-749
-534
735
-30
-922
-715
209
-390
799
-927
637
148
141
327
-130
-20
-347
439
357
892
888
736
-184
-234
256
-980
186
-784
-199
-746
-490
-403
-644
89
261
164
471
470
-273
255
-296
97
510
82
392
169
45
22
-619
930
-144
129
151
-511
222
-860
164
-589
-424
33
-722
570
605
598
506
-667
-986
955
701
-709
-67
-477
447
404
907
-766
273
-668
-578
348
666
-475
-743
-650
-483
128
389
299
-666
295
-362
-979
548
610
-488
950
721
-588
-344
-327
27
233
143
682
-937
-82
-471
919
-468
493
-380
402
-614
-124
-300
668
-178
625
-381
239
-851
492
-794
151
-83
-927
-982
-945
-349
-536
381
20
103
803
-902
936
373
-253
348
213
716
552
-445
411
-967
787
-539
856
366
217
555
-541
-357
470
-996
-971
542
11
920
453
-393
471
938
543
-572
-851
912
128
444
-745
343
-176
-169
583
-32
172
-134
-714
271
911
-511
-181
274
492
836
-487
62
-869
-596
517
724
-291
-769
-237
-461
558
-906
332
-872
119
-352
478
-112
684
384
192
222
968
594
208
-425
659
347
844
42
-242
-659
-743
-594
731
-359
611
-828
-373
-305
-447
-676
149
753
132
-253
-768
-905
-516
-791
-562
-533
-265
481
-283
756
359
545
-566
528
-833
-199
-708
-998
858
977
-5
-277
-921
-533
323
268
709
680
-391
42
919
967
-160
-110
261
23
-776
284
15
-195
-700
-363
126
-671
855
276
888
835
-645
-706
-881
-309
-435
900
-760
398
-616
490
-749
284
-100
707
604
598
443
472
-804
782
544
-585
76
-729
316
-120
136
-421
958
91
316
458
190
349
-818
-928
-89
922
-649
96
-929
-964
335
-948
212
-511
-844
-281
868
-870
903
-671
-231
416
-237
305
-417
690
-38
690
916
-599
-370
196
-389
76
537
275
60
-561
122
37
11
-346
365
108
52
-72
101
-709
96
-801
520
214
791
507
-201
-894
898
790
-487
-565
859
850
755
676
324
271
70
329
960
137
404
49
642
493
-352
-449
-496
-596
882
-616
147
473
-284
-337
-738
412
-675
27
-151
393
-121
-694
-407
602
-258
15
845
121
183
822
-585
-374
-614
-103
789
-203
14
-645
-452
-191
656
-527
-128
-340
-128
385
-974
-825
728
722
-73
-850
-535
787
0
838
899
919
-549
686
785
158
-298
936
-193
-592
651
289
-566
114
-164
860
-558
-790
-820
717
-450
-913
680
-336
988
-358
-832
-886
979
-791
566
984
-937
-126
-638
-156
-232
-443
-241
-938
-104
714
502
630
663
57
421
-721
925
-168
219
-273
-733
-881
-861
332
-978
471
922
865
297
17
14
-43
-259
804
-330
-500
752
974
360
759
568
-741
619
967
-38
131
457
623
-204
-930
-432
615
-621
419
-314
493
-927
-242
791
406
190
-273
525
194
346
111
442
205
-195
414
260
641
-61
-488
525
-311
-889
534
398
-559
43
704
464
-359
-511
944
-137
-248
330
-894
-180
877
-312
-761
-635
-239
817
-743
627
-552
243
809
919
-617
-82
-316
-847
847
451
724
807
903
-345
338
383
-920
-893
-134
-759
-719
364
343
-148
91
-758
957
44
951
631
-347
132
-876
-187
643
261
717
588
-141
-133
-738
48
-174
-872
534
-309
633
-880
-200
-420
132
801
-387
-741
-287
-628
-876
119
36
-252
377
734
631
-350
-621
329
-449
-109
-58
194
538
863
409
-941
-428
966
-237
-468
-424
-824
319
-17
-252
-863
-658
-788
933
928
491
-284
609
-269
-455
925
-988
417
809
-687
610
515
-72
-493
-708
784
933
159
-19
-333
-544
605
-956
-773
-418
178
524
-545
457
-590
-26
-20
565
-906
-104
684
-243
-91
-17
548
331
-13
-864
123
870
35
-387
306
-410
522
419
-523
-253
-174
47
364
107
-73
961
-34
467
850
824
739
-907
-33
-691
-717
423
-243
652
-464
700
913
45
846
-700
135
689
-117
-17
-489
-40
526
782
-128
-673
720
842
-221
966
-687
910
-33
160
-679
-97
388
-572
797
893
-26
-48
505
641
-368
669
800
-906
-206
893
-675
-252
569
-975
-28
-585
-838
631
987
862
-230
-719
-353
912
-35
49
356
249
-823
-848
-788
-783
-26
398
627
270
-636
-333
853
-512
729
-252
28
-486
534
209
986
817
-267
396
-640
-36
17
-556
473
-533
-95
623
902
-203
-254
374
-938
-871
-16
-966
-943
550
-303
-732
-927
-906
-497
-54
686
789
-864
-450
821
143
-940
0
100
-969
762
596
-540
533
190
-738
547
967
-141
586
-626
-376
-823
920
-729
-563
-117
-860
-951
-244
312
900
-139
680
524
282
615
-745
-117
-519
570
948
-615
693
837
32
-535
675
-735
804
656
-49
135
-799
-700
-179
571
-280
-10
887
-113
278
-727
709
773
247
495
330
-74
-404
927
-181
-696
-9
980
682
750
834
853
-623
754
-161
444
907
408
-566
582
492
-145
-693
-266
992
-503
-8
598
481
-124
-777
-485
-414
-892
-463
-493
680
-161
-238
-706
617
213
-819
774
-804
714
13
221
688
-334
838
-270
-903
-712
25
799
276
490
-26
273
-468
-588
588
-187
-971
903
-820
316
742
182
908
666
-332
-163
391
289
-727
-449
-991
549
-557
-390
297
-852
184
697
-297
964
-904
-986
-732
-240
123
-823
-711
-463
233
690
448
109
-888
-561
71
670
-32
154
579
-743
-309
-349
-480
410
-712
-203
-138
473
14
-377
-296
-277
-131
-31
519
359
-687
-567
-125
-654
352
297
-543
442
386
-161
-425
108
577
193
20
-285
422
-438
814
-258
-366
-858
627
-548
94
934
-31
518
-406
-960
-319
185
-366
-970
381
78
911
369
-61
312
-951
-999
-239
890
-6
-588
64
-622
-338
522
-770
-842
-57
304
-733
793
-340
-855
453
-694
-671
-891
71
-422
-990
-732
780
-584
666
636
121
970
560
163
-311
-502
-976
473
970
123
312
-956
740
-314
-199
-982
842
933
-227
69
-503
-149
-328
-42
-675
-289
790
-679
-541
819
260
512
-391
-427
-805
302
-910
449
535
-749
246
113
-41
-129
565
978
-628
-779
-452
-156
-348
349
-128
989
608
934
-8
571
193
806
487
645
-222
175
-170
540
-593
-351
-847
643
-413
630
-680
-376
-753
269
485
734
582
-506
445
-536
629
-265
-705
-780
656
-855
-982
-94
-536
-190
-36
-848
216
335
-700
452
-305
-578
793
-172
552
-106
355
37
212
579
631
702
666
-686
-47
-600
-364
-299
378
-28
-677
-557
424
601
-563
-305
581
889
202
-573
119
543
-593
730
-2
-1000
969
359
701
-533
-53
-363
384
-459
-357
939
380
309
774
-229
-716
-991
-444
520
151
-156
406
658
-266
-92
-788
-400
99
-796
-765
408
646
-717
-901
-451
777
-434
-233
-618
-845
-87
-562
-633
994
-27
654
991
769
287
576
93
793
485
102
-625
-44
-586
49
-568
588
772
48
-227
50
-792
-862
93
-885
611
876
939
405
-515
231
-903
-649
812
-288
754
150
305
339
660
-412
-158
850
441
674
-704
46
625
-537
-826
473
-499
457
477
978
-966
-329
813
-113
583
-471
404
-151
837
-241
316
-831
907
727
-867
-79
-461
-86
447
-499
613
54
-951
-937
701
758
315
706
939
668
-348
783
568
881
-783
19
-464
996
451
-294
-736
-706
-708
-396
252
359
53
-3
-771
881
-929
-645
374
-671
-844
-384
-894
286
-439
-577
-324
-494
563
-468
379
621
-942
860
-601
521
894
-356
-932
-343
-995
957
-486
-614
-465
652
-650
-277
-538
736
-287
889
-619
-547
-925
131
787
-267
356
-595
-884
622
695
-721
-11
623
851
-451
-214
980
-401
226
-795
-928
585
-59
-307
-942
-381
-546
-887
-543
282
130
367
-799
-44
-279
-306
7
-602
-751
580
-231
-832
-804
429
-914
-154
900
-39
-363
363
958
-120
-446
-4
828
148
595
630
157
459
273
-235
-1
840
-15
842
-939
-3
570
151
755
-129
929
-693
-378
-402
-145
373
-815
256
-539
-634
-463
457
-186
200
978
600
306
501
-357
97
820
-891
501
-126
129
407
553
-843
560
-773
-602
65
745
730
770
493
598
-333
504
-478
230
787
608
988
80
960
476
685
-427
-798
702
-34
782
-865
-889
-637
757
-287
-902
-295
655
693
-657
510
662
739
772
557
133
677
334
117
781
71
317
550
709
905
509
-505
-418
-301
-647
438
-940
710
-70
-211
128
-437
-755
-243
-390
858
690
218
-196
297
448
227
-270
-65
807
-644
-578
-700
-355
-390
-248
-345
298
602
-686
651
-193
-754
889
191
913
-283
55
-583
388
406
662
-738
-686
-199
927
624
43
354
-512
-155
294
554
156
928
229
-740
365
830
-458
761
-620
-194
-378
793
-815
-866
-863
127
-482
975
-156
-281
-139
-796
-508
-258
-861
316
823
-386
116
858
511
-891
-851
-915
839
433
936
209
790
-598
-438
145
609
476
545
566
-211
-481
-695
-95
674
325
-658
353
-533
-193
283
-574
-407
796
721
66
743
31
-61
65
249
316
-594
421
142
624
-634
-714
404
922
892
348
-566
-375
-149
-460
-144
67
-206
553
747
-162
-500
-155
774
-449
-821
-445
530
-178
-877
-81
637
290
546
-739
-592
94
285
243
515
295
950
516
523
-799
458
-230
36
373
-234
-769
937
-543
-790
520
-960
844
-890
239
-877
-556
209
283
-983
-346
-216
-178
963
345
-445
-677
306
520
419
-62
69
522
408
377
320
864
-177
824
761
218
-711
-671
-116
-378
950
-661
111
230
-304
266
-81
-195
101
28
857
-683
76
-510
-651
-784
456
841
508
-854
-294
276
74
-89
-832
-536
-786
894
-292
259
-913
17
-480
282
-135
-648
-907
670
-491
-839
299
-726
758
-473
-53
-420
-48
612
24
-643
595
499
-877
-337
101
-449
782
-94
-35
865
792
771
-709
418
743
-927
-10
-834
580
173
-578
-527
112
461
863
737
-763
509
519
999
-153
532
-82
-277
457
894
-700
-469
-404
779
825
-777
641
-941
-634
588
48
20
409
364
-111
890
-787
166
-968
-503
-856
-760
-466
42
-562
445
-230
-544
-94
820
910
-315
605
-881
846
-858
823
-716
-661
440
162
548
-211
518
-953
869
720
-808
-520
-977
917
-159
644
879
842
-987
-663
827
-764
517
451
-237
167
217
963
752
-776
-55
347
-724
-950
455
-811
-611
-348
-676
-445
-273
-444
622
866
-51
-611
506
280
-612
220
244
924
820
-583
-39
676
908
-296
445
489
-671
782
-267
536
83
-527
867
962
76
-503
-486
226
-323
947
749
462
614
884
760
-313
706
-839
426
603
269
813
430
970
-989
-859
373
613
519
-347
801
-142
-4
725
-688
-196
67
-130
-237
952
946
15
26
-142
109
12
46
-890
-332
837
-117
266
-839
741
712
-136
-36
17
-411
-854
245
928
751
-290
45
282
322
-727
-183
-199
-36
72
-141
-564
-358
337
-809
-229
-223
152
-616
-508
-933
861
-723
164
525
771
75
-463
1
348
831
-124
-204
-577
920
-652
701
-916
15
-915
-727
-26
309
-592
-640
207
311
-300
117
514
-784
-54
575
-919
203
894
383
382
-988
105
-163
751
90
-557
67
538
-462
-714
982
72
-213
-754
733
823
970
-627
479
96
690
59
45
535
273
-294
249
400
-86
-105
978
-242
-950
-947
-451
902
713
-845
-638
-573
-912
534
-768
-749
-495
305
685
687
-489
984
557
-328
11
-859
526
428
-368
-567
-657
903
-293
-748
939
-218
339
-304
742
759
-799
56
898
-3
-588
54
-706
-512
-620
681
-548
369
-272
-363
62
-22
-730
245
-564
-220
-769
-693
-364
-318
-763
184
334
-229
1
343
-517
-523
-91
-124
570
877
-301
-149
-138
-253
792
-390
816
305
713
-520
84
252
-568
255
-294
-828
803
676
-148
22
-679
952
79
336
-279
631
640
484
410
365
-852
902
-367
-440
-389
-752
-606
-359
-997
981
-922
996
693
-815
756
-473
-419
527
416
-840
571
-715
-99
822
-783
698
112
-63
937
-456
-510
-458
-723
-435
-94
-605
2
779
-219
-247
577
-130
-550
-530
-365
541
527
-142
681
-662
105
74
-987
869
-700
152
921
-691
-200
-532
586
-123
468
947
832
-123
601
926
-563
-553
-427
-18
439
-318
-101
618
980
-779
-660
339
-767
-247
68
607
-849
-664
755
881
-693
-372
582
-166
-488
-801
673
-311
362
-158
588
-482
-206
-342
-809
188
481
-59
-245
44
-485
395
-689
830
410
703
404
91
-900
675
-339
918
618
507
-690
657
-331
-885
-336
427
-401
938
670
951
771
695
-369
-264
947
106
-704
-616
732
-924
-563
616
-168
432
-100
-511
431
-965
-617
-246
-69
-625
660
483
-489
-741
-398
-67
994
-689
914
988
-554
-766
-192
-203
688
-906
892
161
-837
996
-535
196
-770
529
-574
-201
526
690
132
785
-831
28
-660
-796
641
612
717
-428
-24
-715
-723
434
-706
-704
846
567
-355
93
-220
924
-883
159
-24
-314
-719
6
584
735
-916
-674
520
-417
161
-779
-935
314
391
-86
580
242
693
177
756
-755
287
995
-531
-670
925
498
-643
557
-347
761
733
-478
-924
-286
291
-850
-210
-990
664
-423
-385
335
-559
-569
-355
-863
812
-514
717
-234
297
-223
590
-784
210
859
69
73
-967
-184
902
-809
780
-579
396
-22
-217
440
22
129
-633
-686
-769
-739
790
544
935
-882
792
457
-525
601
17
-670
381
-213
497
421
-343
823
733
688
-202
635
-246
-470
749
-735
952
-544
74
-383
-86
-498
916
-524
-290
-535
-326
595
781
120
-133
-915
-304
179
690
-904
-980
884
-307
-561
-36
-965
-616
-230
218
-995
-789
-148
-646
748
525
-107
-765
225
562
-441
459
182
-120
-587
-290
848
-261
343
522
666
944
635
-550
-499
404
-298
572
-5
129
408
289
-37
553
-194
-399
-626
658
336
985
-672
319
-550
-926
410
471
73
255
-299
645
795
707
-583
-117
744
732
-525
691
-192
-48
-972
339
986
-718
-442
-756
796
609
-245
95
648
334
990
-451
-861
135
-998
858
-559
-475
-647
-819
284
-834
164
487
-12
728
-422
-547
816
779
428
-237
194
818
613
551
105
-306
-90
760
-544
-618
-177
881
84
-562
-870
-891
338
323
-590
-968
383
257
161
728
673
-271
-634
935
506
371
-299
294
-138
244
-919
575
-838
987
-491
767
92
-411
-24
110
-447
971
-322
957
-703
494
67
-86
487
687
482
819
-588
-324
-612
469
-236
554
-107
-33
-376
348
-168
920
290
-226
234
-294
-496
-480
-4
137
-81
-94
890
-172
768
-87
992
-281
88
75
636
746
-638
-644
-657
-470
15
-234
606
-398
846
910
-507
646
-970
-503
-614
-277
-129
907
351
406
993
-457
337
-624
-843
-808
542
-798
-344
-310
-701
-397
-35
-922
995
139
849
9
-812
499
442
-160
-28
-324
-855
-31
-439
-344
287
-679
-939
616
-916
-194
552
-973
-574
-784
208
928
-888
241
411
-447
-677
-83
-243
-260
-962
744
397
775
-622
627
-487
-738
-208
619
-678
484
-29
574
691
-540
148
-790
163
-429
-835
-668
-134
757
558
-862
455
888
62
902
64
144
553
935
683
-656
232
77
73
-334
319
-599
-861
-45
-449
79
-196
926
-100
273
454
-365
-647
-455
960
-412
606
114
637
-628
188
-877
144
588
-345
-918
611
196
498
-575
231
410
-71
400
-634
-998
-361
879
-684
106
376
37
-924
-264
-711
546
-217
594
124
-395
-1
-158
375
27
689
980
251
-699
137
181
835
-268
-168
715
-317
-556
200
267
-49
-414
-576
-261
509
507
482
-76
227
-605
-366
-829
58
-641
498
-244
-347
623
-728
-981
-374
443
-111
-775
-2
73
-658
488
-288
57
-324
76
299
-547
-221
21
447
-25
564
60
-726
-383
-459
-790
687
292
-151
400
-824
-651
-152
-842
-376
82
-562
996
-807
709
-945
-266
-636
18
-472
-785
720
291
129
-482
129
-466
14
-891
833
15
693
-148
-835
807
442
-191
-314
977
581
25
-632
605
981
-24
151
-5
654
-295
-140
133
254
-486
896
-231
-34
-441
184
258
132
-254
-978
258
244
908
152
702
-329
-61
-591
390
292
503
-674
639
-694
-278
60
-81
272
100
692
676
-61
-416
816
-926
639
-841
-201
983
169
-121
788
-3
489
415
-315
-101
-603
138
-353
952
408
869
-273
-3
-959
815
-613
-266
856
380
423
277
-773
134
-316
-158
-233
720
83
-893
-638
-504
-217
-300
-123
153
120
884
-937
-662
-493
-20
-123
-473
-258
-868
557
-726
554
915
842
-59
290
10
-438
-866
-416
-306
-582
-345
751
-375
387
521
-5
668
686
-706
-620
667
531
-392
-31
-619
-49
-848
544
-482
564
798
-148
-134
378
-542
-152
281
531
-962
696
-38
700
-720
-864
605
-864
239
595
-1000
71
-575
221
-11
555
-874
-308
935
43
197
777
-744
-776
-527
-251
-160
-852
632
958
-28
603
-264
-735
392
354
910
-311
-974
-308
445
437
-787
-348
295
856
518
644
410
858
631
-84
-550
844
190
798
-649
201
473
453
-197
-552
624
-810
-558
765
-82
111
54
-193
926
-723
502
-940
862
9
339
-519
226
674
775
-434
568
262
-862
-978
244
-247
850
-948
-872
-407
-34
184
-655
104
255
-175
48
408
-772
-315
-445
149
608
-540
944
651
-534
627
173
-359
993
44
639
-643
-94
-782
94
159
984
738
689
506
774
-411
-661
-476
243
-894
209
-785
851
-800
-618
184
718
-743
710
781
736
715
299
764
-628
232
-353
230
333
-515
-225
-750
395
671
680
254
118
-799
-591
-528
211
706
-875
-182
544
-716
-133
652
277
439
-572
-940
648
724
-912
-384
957
-938
-851
852
-839
-398
909
-777
-15
983
242
568
-652
-608
-807
-562
-207
167
-207
-180
-794
-844
-218
660
-41
-14
-961
994
919
67
592
825
-666
170
620
955
-664
230
746
146
-115
414
803
-52
-62
-921
774
819
483
771
248
282
-501
164
843
-141
-374
-466
-246
-563
-783
283
-786
43
861
120
272
-480
542
428
-276
854
-925
-664
-466
959
-76
986
-789
562
-836
796
415
903
-784
777
-2
-178
-176
-432
-391
-344
-22
641
672
969
-395
724
158
-170
-96
633
-939
-679
759
-615
743
179
847
-148
158
913
-848
-476
-88
983
-452
-521
-269
-792
671
-758
-927
-136
757
392
-808
-23
242
-142
-391
257
-14
576
346
-163
-434
822
-302
-177
-137
785
-911
370
339
-847
538
206
689
225
-146
887
-294
-799
-267
-32
438
805
59
269
-456
-794
-202
-330
-904
438
575
247
-677
609
852
724
256
783
-727
-550
729
997
-649
-111
-604
395
722
-435
53
-439
746
-812
979
91
-658
234
-404
500
-73
-953
53
350
233
-581
545
-129
513
-72
877
871
650
-451
246
406
195
179
264
11
-891
431
-555
646
179
-920
-882
-593
-445
-205
656
-496
-989
-166
910
189
361
284
150
196
-692
238
931
-577
-439
-578
-529
679
-990
-632
691
146
921
-175
-916
-867
357
-111
923
101
975
-690
218
974
460
611
-682
663
86
415
-547
245
-423
490
37
-853
919
-877
647
523
745
-492
278
-441
931
-361
-288
704
-957
-990
656
144
422
-3
-403
770
-570
-668
-334
-721
-525
-1000
59
500
-851
832
-711
654
299
270
434
632
-52
252
984
155
632
-972
-588
820
-671
207
-1
996
-789
-619
-931
-703
-891
243
214
425
-796
987
-798
102
-549
-907
288
189
-840
-236
116
-911
253
-413
411
-619
410
-371
-692
-226
-524
-132
780
6
-700
506
430
445
-370
-237
-171
330
-900
-356
-313
752
-585
860
-815
-549
226
-280
257
954
723
-19
196
-794
318
-154
540
432
-769
-338
-291
-294
-476
159
-620
-485
517
345
244
614
-399
-786
-129
580
310
874
-18
-179
476
-208
-483
-378
-689
-945
486
165
680
-653
664
512
327
360
-220
-525
-434
-310
-541
176
941
-344
-201
-816
-859
-122
-707
-904
11
-799
492
-25
-180
766
509
-693
-921
140
454
100
-340
520
-683
480
-305
174
869
565
24
957
400
270
-854
676
-942
-867
237
-952
949
446
203
135
270
-340
-620
-153
-429
-836
351
664
-872
-281
-515
600
261
102
-901
-571
885
-266
660
989
254
-38
-304
177
968
160
782
-808
-85
348
425
-720
-695
-896
986
31
181
317
-39
-521
383
-301
-367
-296
-370
-92
-288
112
-840
-9
-521
-579
177
-87
-828
115
429
-595
506
-583
-684
500
-6
302
113
344
-896
-119
-314
882
-356
126
-800
-356
667
-820
899
-96
-527
-717
-190
-497
677
643
173
-99
522
351
631
458
-986
-543
290
204
65
231
697
887
923
923
-438
463
-39
576
-289
-347
94
456
-872
-452
-973
-286
-186
63
131
-223
-282
540
453
-312
-136
-584
742
594
-805
406
-670
654
439
-333
47
-809
406
-632
326
-143
879
-958
-49
79
-191
494
-375
-430
825
318
-125
-148
992
264
761
-109
-76
-402
-978
753
-271
824
450
983
508
717
-368
-174
556
-239
-729
-970
-859
-680
739
790
-670
617
551
838
399
-739
825
-968
768
583
827
-94
49
-226
-111
177
-982
-27
468
-841
735
-21
674
639
-174
830
-961
466
-731
-981
268
81
640
-272
978
578
11
-813
731
-375
73
-101
-658
939
913
-948
-171
-136
730
624
668
-639
754
657
552
372
-213
-813
898
-999
-510
-626
159
-508
174
233
285
-853
274
-14
-580
-606
270
778
614
914
-664
-131
428
344
-445
-657
-289
329
-967
386
24
-429
459
-492
-283
-257
353
-26
656
803
335
-521
109
-172
455
46
927
-888
101
-697
920
-215
940
452
860
-778
618
-75
-143
932
410
627
709
513
742
-283
-501
-471
-730
-506
627
-95
-647
206
-443
-671
-449
412
330
655
82
-827
151
-346
319
230
-729
950
948
918
-828
-716
-25
439
-510
98
768
-661
-648
-150
-972
-190
460
-189
464
354
-791
502
846
-352
639
43
-265
138
-24
-980
-699
695
-237
-181
228
566
126
-65
-60
963
356
-678
237
-664
-991
-458
-240
144
622
509
342
374
-882
-184
-920
-867
164
431
-983
569
350
191
836
-902
-190
-454
-35
665
-77
-567
263
-902
-496
-404
322
-991
-279
-223
-658
-478
415
-157
-544
-688
519
-134
272
839
635
176
-371
-922
-866
-572
-930
-861
441
-152
-171
-510
-890
-284
258
833
-584
829
-446
-102
-587
-240
-639
796
850
-408
259
-781
-439
-528
-69
-349
745
371
-426
-188
-886
702
-569
599
-308
-522
-432
807
283
950
-39
-341
785
-239
-256
-72
264
950
238
163
666
-14
114
915
23
-481
860
165
-254
153
792
905
25
-271
884
666
815
619
-720
-869
119
-286
722
-787
-113
-996
722
317
-153
-824
841
-470
-468
-349
-47
-732
-762
-807
-904
384
218
-727
-441
-696
428
-974
-279
207
341
-39
-965
-574
-499
45
127
778
854
337
-900
271
-715
-728
-619
-442
269
592
724
-886
-999
-955
995
-567
-507
-763
791
533
-454
884
-934
219
-732
-266
-221
816
-430
-871
-428
-169
-246
822
-624
-752
-570
-980
-729
-566
-689
-468
159
697
-204
-284
-384
35
951
419
-67
468
596
-277
-214
385
207
948
-50
-87
569
-36
-186
984
510
-355
611
-635
-641
-505
-334
-85
199
765
742
-379
844
-20
372
-861
675
-11
987
521
432
11
766
-74
825
-472
-865
-670
614
90
-487
-976
-312
-693
-678
803
-285
-114
-309
-675
713
-987
702
-846
-668
96
-605
124
463
511
375
136
97
857
-583
925
216
549
-790
45
670
-379
353
819
762
-573
520
-84
6
852
-74
595
569
857
-262
229
896
692
-847
451
-179
-633
212
-731
-196
-776
17
-533
942
64
403
-449
-668
83
-735
-554
-38
539
513
-346
877
813
-777
-974
-534
173
830
480
453
-660
449
-165
803
-817
-810
-508
-940
876
-73
659
-912
910
831
316
-179
-761
-882
-115
-166
965
441
-733
-20
-163
-31
845
162
-812
-162
56
630
525
839
569
67
396
881
121
510
73
2
-166
98
464
385
728
-756
-698
971
-245
-209
166
-556
329
693
585
-151
-88
612
387
-466
-831
-856
-694
249
720
-350
-830
697
632
-3
868
516
-972
968
861
428
839
-747
802
334
805
-322
690
-713
395
463
724
642
504
-525
-450
-94
879
-930
855
-39
181
612
741
-909
677
437
-848
226
355
-938
-744
-26
-2
381
657
633
-802
-631
828
948
-212
-37
-62
817
369
821
-471
415
455
-883
-87
-853
-276
573
232
-575
980
283
-975
367
-978
912
676
610
799
-232
-937
-736
91
693
825
97
402
-929
-185
570
918
-516
568
167
-277
-504
355
309
-760
833
-864
-391
-278
498
12
