636
755
-502
232
-838
-280
947
-42
-449
-561
-575
-566
794
-806
647
-786
196
153
81
-347
256
488
-339
949
-179
-106
295
-510
-732
-524
237
-391
689
117
-783
-74
-1
744
-643
-606
892
511
960
684
284
764
231
-381
-487
-617
839
-803
-745
-162
-362
231
-570
938
185
730
-240
857
-920
-90
-365
-931
-194
-770
425
-511
813
-337
-254
-237
-322
-562
915
-13
-795
-403
712
966
835
-950
181
-265
-490
-731
-470
891
-677
619
997
15
212
259
753
-127
116
373
619
823
566
322
838
559
622
-988
261
757
-617
194
101
42
12
368
621
727
-718
513
974
238
-718
-918
820
505
-987
757
-417
-782
-936
-18
-309
-946
-818
750
-774
23
-587
257
356
932
-16
-42
-235
-937
-252
-781
-443
-669
-561
-286
597
519
914
-516
-204
-500
639
-640
-895
-713
-931
223
-981
-805
456
872
-380
-562
230
683
261
-154
-555
-20
827
-224
-417
582
-17
301
175
-230
643
-118
222
771
-169
58
-714
822
716
-302
568
-949
96
352
-104
498
424
9
214
549
-500
510
-408
856
-517
666
-78
143
0
891
-472
973
540
906
-86
692
-589
905
510
-339
-509
-520
716
-939
190
723
66
563
-712
28
-968
-814
428
944
30
-497
-582
-679
-47
993
-197
800
796
735
-203
524
923
498
-967
-245
763
-247
-214
-292
-482
979
-808
-937
-806
509
-838
-358
865
-281
-165
-160
59
-107
987
144
-449
719
790
800
737
-539
785
-973
533
-925
-272
-330
-367
-163
885
-781
721
791
-988
816
-652
-556
82
-264
260
233
187
179
-493
-820
-158
292
641
814
-253
351
-119
963
868
-603
-805
314
123
141
-219
-99
41
513
858
7
260
610
116
-660
-542
409
54
-422
449
-469
-70
218
675
-232
298
-477
87
-447
-966
-629
899
323
-526
-550
-579
-924
857
398
393
-791
700
-443
-515
466
671
234
576
866
-598
-721
80
-978
245
755
51
578
366
-160
646
-54
951
371
-239
484
-323
-295
459
240
658
467
41
-64
492
-602
-414
-574
519
290
-881
-985
101
540
734
-673
262
-391
597
-205
594
714
467
-97
83
207
450
154
96
-711
553
403
-796
-655
-594
458
670
-466
297
440
993
-490
-93
-693
91
-523
-419
626
418
-349
749
-302
154
805
435
-669
564
-750
571
-502
-191
256
779
771
404
-870
571
-102
-235
385
-860
775
945
557
721
756
-289
-787
594
539
-706
-606
-144
49
-967
-315
907
730
253
880
590
647
-975
-528
-956
835
-892
853
-268
613
-555
-493
232
34
-101
616
684
131
-859
666
-783
479
-564
-708
369
-331
-60
541
-996
392
-623
-258
-191
710
-697
974
-647
263
345
372
222
-321
-205
967
-215
544
-124
381
-968
991
-350
671
270
224
-79
405
-844
-527
-753
435
29
417
-170
607
680
683
-107
-978
750
35
-872
-309
283
747
675
3
858
498
-866
431
-615
698
266
-849
-852
-732
-430
-480
-691
-166
444
410
-399
521
-833
616
949
458
879
-988
695
-261
659
814
481
-962
24
-23
-815
-515
718
-445
164
345
144
-849
-816
-322
545
433
497
-812
-174
-955
-565
549
-144
476
-658
-490
474
36
104
931
-640
-158
212
-948
951
47
464
310
-375
-595
156
-161
-7
980
-642
-750
260
141
-909
963
-397
-727
-496
-761
173
927
-474
851
617
-478
-812
