159
-607
152
794
-77
785
-949
503
284
947
514
-649
-641
561
672
-231
-115
-417
895
515
-730
932
-140
571
653
330
-275
-539
-217
-293
74
982
-810
683
150
152
237
837
528
918
559
-403
-678
999
-88
-107
-451
-665
759
-37
711
513
662
-432
802
569
744
275
130
421
942
-645
-469
-788
918
980
61
967
193
-336
-323
52
96
255
-671
-407
970
585
-57
597
-165
136
34
-14
-484
243
-173
-953
444
-843
-880
202
-904
-531
483
707
668
-226
-782
107
518
182
630
-381
147
459
698
529
8
641
-142
-539
-497
585
-427
250
-100
-844
969
537
-325
85
-166
487
936
532
-842
-690
-21
-658
392
-855
526
-182
-897
376
876
502
-150
-428
903
704
-94
76
-202
-46
-876
-530
122
-604
-935
-766
-933
901
948
640
-701
212
-88
466
