5178
-557
788
280
-302
-36
752
-720
-172
-561
848
7
921
-309
40
938
-891
-880
-643
-10
224
-530
-146
-669
778
216
-546
-754
396
-760
959
990
909
172
-35
695
45
974
-284
-467
930
481
-466
-272
-500
-857
61
6
71
-81
498
-585
173
-308
327
-190
-395
385
-81
-916
412
-87
536
-472
590
803
-822
-622
305
-582
-625
902
-97
386
495
-306
-210
-66
-458
472
765
143
244
-155
-755
-377
402
-130
-695
-420
-900
-894
-780
391
831
330
286
924
32
-403
562
-299
470
847
287
-585
69
-476
-239
-571
-136
-989
859
83
-934
-651
740
-989
801
-3
443
-485
760
65
520
952
-344
423
-256
-212
-670
731
532
-46
139
444
919
-14
-236
-569
314
624
421
778
-682
-113
-106
-613
-474
99
490
-895
-930
-748
-120
624
427
-497
359
-606
-455
-794
-235
-591
-709
55
916
-31
-982
186
450
-806
605
611
-205
883
850
616
-67
-182
934
461
288
400
-26
827
-512
337
259
831
-880
577
-708
574
461
786
378
-202
948
-462
-771
-784
33
-79
382
-398
-955
-911
-879
-367
-413
-74
-758
-973
967
-563
680
450
-813
-936
530
-675
952
-457
-867
440
-659
-413
231
116
303
51
-845
-790
-699
322
-127
-144
-657
-904
-135
-546
123
-844
388
-998
-941
-485
-200
383
-890
-806
590
268
-127
-728
321
-23
-518
-473
932
325
-903
-215
273
507
324
-482
682
-254
437
571
-66
707
-710
-489
746
-506
-376
-480
-808
133
-899
-661
297
-334
961
744
859
-540
216
499
55
-644
999
-362
153
583
992
604
-595
-148
507
240
947
69
835
-444
958
506
491
31
830
-136
-325
-210
-200
529
571
-854
-625
190
458
138
-590
-737
-629
-673
-638
-846
-803
-659
973
898
982
426
300
-393
-133
-513
-171
59
398
-245
-642
541
-731
855
-753
510
-381
-844
194
233
677
673
-166
112
571
-360
-99
-479
560
-760
944
-169
-328
525
-995
749
-826
507
803
317
23
714
-885
391
-386
-805
114
-707
-499
537
632
-389
-451
171
51
452
-246
-826
209
-617
-451
367
-840
-367
759
-51
-756
252
-857
925
-676
-748
-743
95
-439
586
-708
-258
245
162
-227
813
-621
-329
901
589
-543
-369
-628
-645
527
361
40
422
251
-30
742
462
-550
-746
-636
-152
-508
612
-152
-674
109
-757
225
-29
-676
-96
-696
-684
282
706
642
-374
-664
-540
293
76
829
-423
-972
-574
555
527
185
804
-179
-719
750
-399
-753
960
872
-997
-406
156
-815
463
59
-163
353
434
-562
126
679
-137
588
-391
-503
-34
-418
-643
966
438
-467
939
-108
131
-168
-79
652
795
257
189
750
90
-620
452
705
-299
-667
587
715
459
997
-879
-230
-536
-591
224
-899
435
247
-888
-286
-233
69
-948
172
-737
-656
-328
-688
714
-722
-897
444
-321
880
-908
293
218
-112
686
-260
579
627
-737
61
160
-38
-67
-397
497
731
-81
-181
393
679
372
-173
284
-872
844
943
116
-487
10
264
-978
466
641
1
385
558
-948
168
414
-918
906
916
451
413
-810
-719
762
-481
-123
598
-417
839
-744
-465
-642
405
81
764
-421
264
-206
85
955
556
960
-888
-913
-252
-729
545
993
-191
600
436
-506
-644
-771
-70
-28
-890
990
950
-867
809
-709
707
-454
617
-247
636
979
349
-950
-361
-774
581
261
-337
151
999
-460
-996
-914
409
-196
-95
-259
445
728
-894
593
724
462
736
41
464
-349
739
-462
571
-886
-989
-79
-659
-57
818
991
926
-846
841
254
-583
295
-738
-774
-920
-901
-177
27
-126
425
-706
-697
-866
-710
-632
500
-206
754
-717
987
397
-281
436
-936
-131
125
-69
510
-291
-163
-725
-121
-833
308
554
729
-846
407
-559
709
-288
148
880
-759
-649
-28
-926
-12
994
253
-280
-599
291
-92
772
45
911
-512
548
-709
-523
-455
-615
-377
397
-338
-780
-544
490
470
-932
-754
-965
287
-658
-966
-317
579
-271
-275
227
808
244
801
321
614
551
771
-200
515
787
746
-453
-22
87
-670
-777
-453
576
-831
500
220
467
-405
311
940
474
-528
167
984
954
-190
-662
-297
509
773
60
-720
176
959
876
875
-469
928
754
53
-88
571
688
-963
-398
-959
-91
-597
-452
-177
536
352
-278
-818
-153
537
240
152
-533
-99
-122
-950
-952
534
788
213
718
-740
-448
959
-993
-435
-687
886
190
-359
-546
757
-800
281
328
-833
914
-385
-927
791
-810
-823
120
306
491
479
-765
21
-793
-340
615
-584
-908
-182
-890
-212
-155
534
-507
-264
228
722
-263
703
-311
-359
958
30
808
-419
-300
321
760
332
-762
-779
140
-335
-1000
-424
-145
135
284
301
-463
73
97
-85
40
-428
537
325
565
206
118
468
805
-241
304
945
16
-531
293
-1
913
231
-243
-572
707
-857
569
249
-524
890
920
807
-104
-100
421
865
781
-532
-511
896
-522
47
536
-279
823
-672
-461
-581
716
-667
-39
901
694
-915
-734
-396
243
261
-966
810
-487
233
607
-438
-209
-360
-713
-960
615
385
896
30
300
634
-187
-256
-188
-193
58
-15
802
-153
-363
-521
571
818
-983
-775
-46
-274
-800
33
-958
329
-12
732
968
-847
954
29
555
263
955
-366
-599
66
257
-177
-449
320
-662
358
-764
679
60
745
-333
314
69
70
883
-73
766
208
516
-35
124
702
-344
475
690
-115
-932
499
358
-175
290
-99
-498
-647
-451
-136
-169
575
-729
187
498
-545
-222
-326
828
-193
-487
852
808
365
274
361
890
-633
-316
601
723
-94
-657
936
-92
-258
219
829
-831
-31
512
-294
148
-352
-433
-795
635
301
589
-827
255
793
-38
-903
594
650
-111
562
-716
-168
766
-608
-431
754
198
602
970
-578
184
583
399
-243
-97
-902
-825
-100
816
59
-805
343
-681
-65
949
120
-696
953
-288
-67
516
682
972
616
859
-156
-288
-993
-8
-819
204
-396
861
-97
443
63
475
588
817
824
-898
606
439
209
-76
-931
704
287
-24
585
518
-711
191
-665
-602
-920
-898
425
-987
-945
150
-842
-979
-219
750
-103
-103
-547
795
885
265
-793
285
325
-15
127
25
161
-636
786
367
-547
-327
-943
-921
796
375
-49
-483
-461
819
-812
-874
824
-318
532
-450
760
637
506
608
727
-751
541
-991
259
975
485
-855
-926
167
999
831
-231
-837
715
-448
-722
-605
479
-469
-59
-194
-140
-260
-985
815
326
99
833
43
-134
-32
-39
813
-705
-914
-533
36
-297
921
609
-709
943
-99
977
658
794
796
16
-626
924
-372
-844
-182
-686
699
120
167
-321
127
776
520
-864
-210
556
-925
-831
615
642
-892
-791
620
-572
740
768
-435
600
289
-142
-911
-426
-405
747
-429
-380
-213
-31
695
-243
-49
-815
936
673
822
210
639
-106
-443
566
962
812
611
-737
390
782
968
670
34
947
876
-10
595
-924
719
-944
229
585
245
-521
-267
381
491
-269
-240
608
571
259
-698
-6
759
995
577
28
-474
-819
652
659
344
-212
-654
422
936
-548
181
-625
173
-178
215
102
140
647
-376
-807
-370
-713
-340
760
-838
807
-888
-644
-65
331
-967
-968
815
168
-558
471
-917
943
688
917
-985
-377
171
-278
-150
57
347
65
21
-795
292
103
557
466
-208
-802
-617
114
72
-63
-721
531
142
546
-236
-510
730
-977
-221
939
-385
643
-833
-181
58
377
58
294
358
-564
227
916
670
-119
460
-41
-320
-682
854
-472
-342
-340
571
-369
693
607
-696
-384
698
-866
629
594
53
102
803
-436
37
849
-687
841
-356
-36
-438
-518
-951
-938
-994
-438
-368
-316
395
-979
-925
193
697
305
975
579
-97
-9
-202
505
-491
331
-44
784
-313
-82
784
-763
386
229
497
308
158
-230
954
-961
-824
960
-604
-133
-485
933
-42
964
-742
-928
467
-911
557
-471
897
162
-682
-856
-607
-874
15
-91
-928
505
897
-913
569
-758
-365
-504
836
266
46
-19
367
688
-343
84
-184
202
-571
46
-588
-642
823
-5
31
-737
-643
-643
416
379
-593
837
-504
913
-188
-630
744
-384
-306
936
-836
650
-669
612
39
-137
440
430
396
-954
76
-769
150
446
767
802
-411
787
-147
415
-298
789
-85
-190
45
562
829
555
-575
-357
945
-562
-75
-365
-468
-102
239
884
846
103
-746
-500
-60
536
109
597
-389
-16
582
867
172
-126
149
-906
-408
-272
-446
207
385
485
-710
111
-654
-738
115
-454
892
-814
-870
827
-850
-893
-917
-543
145
909
780
-553
877
363
-778
658
876
-583
-31
931
-855
979
-660
892
-269
589
341
95
-892
812
-837
370
-504
-687
77
223
-547
454
-946
152
886
737
360
439
-357
-235
-822
676
881
-40
-688
208
-158
528
494
-963
-856
102
248
960
-197
12
-832
639
-300
378
845
-27
253
-748
276
-363
920
-1000
-458
-469
649
548
726
493
352
20
-683
-624
-777
697
-996
-137
-252
-395
-427
-330
59
370
-570
806
884
-782
-804
-31
324
882
-256
-148
-422
56
40
-619
985
363
45
-862
685
929
-109
-152
524
-989
-293
749
170
269
641
-187
-200
-574
-94
473
-757
-883
-113
407
-75
66
-74
-750
-174
-14
387
-279
576
685
-701
-331
-949
-686
144
-324
-683
-158
-402
-604
-129
-285
592
-191
615
592
-808
-338
-690
862
-294
810
372
-503
731
426
305
-356
-725
45
-525
944
-676
-355
-896
-276
14
304
-121
-421
329
-82
-105
-421
-282
-227
779
785
139
-663
992
-903
497
335
597
-997
-78
600
-34
682
996
211
-219
295
-419
-245
813
866
-973
120
-428
-272
417
577
997
-904
567
511
-649
-553
-113
316
-730
-445
343
-342
-52
-899
-656
-895
379
-449
-974
576
-343
997
-822
-587
121
-711
593
135
274
-346
986
720
-562
638
-473
809
929
199
-952
-307
596
640
386
-673
205
961
-536
-280
-659
-912
-71
968
102
-800
565
-82
-858
-508
157
-589
-540
-750
870
-512
22
-974
-726
-673
-68
693
251
687
-163
707
-907
290
-979
-996
671
-687
519
192
237
-465
861
27
85
458
-183
552
-421
958
-274
886
556
-269
-16
328
-413
439
621
-202
668
-937
-202
880
867
54
814
-445
-168
496
-673
372
-239
680
-893
-150
-357
638
949
-600
-49
796
-828
600
525
-545
-223
195
-840
787
870
524
-818
-777
579
156
1
-32
22
-824
-281
-694
-218
-80
475
521
-627
145
653
-995
-257
-87
77
-621
795
314
-257
-232
-947
-905
699
-328
973
-660
613
-75
-248
-789
-572
-220
632
17
880
-174
419
951
61
-812
365
-45
-657
-5
379
-513
665
-427
-555
-111
-395
0
-697
858
-382
154
-619
635
693
613
-568
-912
574
614
313
592
841
780
120
-627
668
-755
809
758
563
-420
-324
349
-282
-41
-72
210
-684
45
996
685
-449
221
753
-309
563
-519
-537
944
-668
-70
-597
59
-957
140
-758
535
-948
10
628
637
496
37
-681
-457
-710
93
-761
96
623
-494
552
967
279
676
968
98
-557
-297
907
-626
410
-397
739
149
-636
-553
428
281
274
-723
226
284
791
-695
-592
-110
599
-677
422
-690
203
-988
-314
665
-818
853
-757
-206
-712
82
582
927
-444
-362
118
833
-113
-784
-589
-554
-992
-101
984
-761
206
-180
458
-510
531
36
329
-254
-357
-251
-461
858
520
-718
-305
-447
-26
-369
620
-522
182
647
279
245
137
-884
691
-830
-869
-712
-856
898
25
-189
138
442
-816
-706
645
831
260
219
-942
-373
-823
544
489
321
354
464
-333
-616
675
905
714
84
757
-771
367
482
-506
-456
-488
-351
-565
-864
916
-594
931
651
460
392
-264
394
-776
-205
469
-814
-293
312
-993
619
493
-375
-719
-62
531
225
-664
-615
92
810
103
975
-758
-168
-824
-998
683
-269
-528
-225
-828
931
-162
-556
-951
484
-992
302
347
232
-895
-700
206
651
35
676
-986
226
-603
-557
-530
-291
593
240
852
588
901
322
-524
-819
-677
144
-832
-413
535
-657
137
-350
-259
230
-676
-89
-787
-419
-660
117
-564
740
776
26
-112
-688
392
336
-185
832
-791
-993
-491
-498
691
415
-680
-528
-460
796
-679
-674
-869
546
994
-561
-622
-456
-282
956
-343
601
-63
54
-341
-675
62
-909
655
-794
-385
531
-850
-602
-564
625
747
-226
-517
-252
52
-639
-360
-938
-572
-488
-671
252
626
-498
737
388
601
331
535
765
-59
494
-190
112
567
516
-533
-452
-683
37
31
591
433
-963
-920
592
-796
680
983
905
71
55
-177
-429
542
-289
-351
633
-718
144
-544
319
-535
995
432
-469
243
-83
848
-703
-908
624
65
-868
809
-255
402
-952
425
84
-134
-899
-679
131
401
198
540
-66
-374
-944
166
-324
-751
-114
891
-81
-659
-183
-104
166
-957
-748
685
-196
151
125
86
477
-497
-16
357
521
934
-42
238
-975
-663
826
31
927
-543
540
777
130
798
-385
879
854
141
957
234
-958
-250
570
-378
219
532
613
717
934
-175
-597
814
-181
-578
-106
698
821
-228
-925
-213
853
346
-511
160
295
-149
981
569
-532
515
-197
540
-282
-402
-922
386
930
-163
-407
-542
976
206
-930
-473
990
-842
-461
-112
898
-370
-795
436
-378
487
-556
-769
-866
-468
86
814
-939
563
135
291
357
-193
-498
-139
182
853
-85
-248
462
232
-547
-972
-698
-77
512
-283
-627
-525
-765
-802
725
31
727
954
-149
-44
292
705
-459
-831
-842
-493
628
-948
356
-412
473
-144
-975
628
-652
692
-485
-135
743
696
-799
-4
969
-98
-686
109
998
163
545
-188
68
-167
740
37
-576
-590
475
399
615
-277
-403
-303
817
-925
-610
-87
343
-394
238
891
-523
-438
-421
-534
427
-891
-842
838
349
-583
979
882
-886
461
-374
-112
-262
938
794
940
417
895
-819
-222
928
705
-585
669
-646
994
632
812
356
444
-639
371
-490
683
-685
-548
-354
788
-909
423
148
886
-535
-283
-825
460
408
-867
-442
-357
616
-230
-916
-402
-529
993
962
-644
-50
130
-1000
-925
503
-774
-433
-413
796
-205
461
329
-605
-983
-29
-778
535
697
-964
844
696
264
491
-795
-815
733
503
319
-902
-4
627
872
164
320
-122
162
-958
-748
-327
722
775
447
-450
779
-982
106
-210
-46
70
-658
-341
-978
-130
-913
-556
159
573
943
-25
-536
-548
-864
512
-263
-659
-118
896
-451
-28
885
-135
253
998
-524
21
-625
-887
-690
375
703
-837
-54
-775
407
94
-298
-876
478
640
-732
-162
-709
-838
674
862
629
222
-12
-597
-903
419
-640
-158
230
734
-170
294
584
-794
-134
-62
255
-583
496
170
-21
-435
370
-880
118
-530
-480
-494
142
6
901
-768
-642
-644
-189
939
-727
-397
-678
745
-142
-30
-774
694
-630
964
354
-412
535
838
-252
674
717
-754
951
395
475
347
88
454
293
-457
-114
-725
842
952
169
-843
929
-314
-89
658
-763
-856
98
535
-614
183
905
192
906
-412
-806
822
-703
213
-839
-166
-191
170
-865
-547
707
846
-815
82
-517
249
-212
-213
550
-686
762
-832
803
-174
-556
606
-197
-252
-411
363
46
-664
-874
-168
60
-809
-533
992
924
208
-103
-595
524
609
66
-326
294
-63
815
-222
-484
-934
248
-809
64
-651
147
975
-446
910
327
-743
630
-698
892
910
-575
-954
674
786
-816
305
-214
-423
-203
-701
-188
-490
-401
806
485
831
-811
-845
-75
204
-305
-75
787
-50
-974
953
-58
-451
293
113
305
-486
-476
-759
-95
-669
193
353
886
-555
961
-216
892
-965
-822
-662
517
692
-456
-384
-76
-557
-138
53
104
720
463
9
-812
-644
465
-801
295
-47
-662
-767
-355
-1000
-782
-429
961
884
853
853
685
-756
11
-719
-768
262
-266
-555
-150
751
952
-757
999
87
62
-685
-842
553
60
-958
-796
344
102
676
-950
-764
-183
-468
-384
-388
-428
957
-756
46
-90
-527
-821
810
-731
710
-437
805
-392
-263
259
-168
-766
-678
975
-664
-596
31
-165
241
-483
84
-981
-132
-632
160
502
-672
370
-444
-147
-764
-881
-260
-277
-62
-519
-168
634
984
-357
-460
991
392
160
658
612
-929
-285
58
-559
-654
818
-56
725
-876
996
-637
-970
516
852
-370
-269
-733
858
839
-173
724
292
-739
-532
620
710
-721
897
345
-437
720
-407
-273
-474
822
712
-67
-294
-175
-340
-913
402
345
838
188
-99
-912
-573
-721
890
230
-537
787
237
908
-331
839
-725
256
-740
-943
-281
279
-127
-625
793
-520
757
728
248
997
436
-735
244
-395
458
-308
-542
-899
-943
-613
981
109
859
-302
-587
790
552
826
527
-39
469
-894
41
427
257
960
512
293
493
-106
-880
-489
864
79
975
-436
-316
648
134
633
-768
-581
-627
943
-109
-969
-542
145
-38
-4
934
-497
-674
706
-460
16
285
569
271
782
-797
-406
231
-37
-380
445
167
-478
-199
-828
-82
489
837
964
-729
-270
979
-780
-8
464
878
335
212
966
300
611
221
-341
360
-805
601
-918
-21
618
32
678
598
-594
48
-405
206
-940
476
-577
196
-134
231
808
-944
479
185
279
793
535
-179
-270
-972
315
759
-945
-297
-3
324
-917
-727
793
-433
139
-696
-250
-115
42
-170
-388
791
-206
32
272
738
-602
-372
-773
-836
939
63
-391
404
502
-119
-324
646
-768
-162
-111
-717
-649
-671
186
505
30
783
-693
228
517
133
-768
496
195
-530
763
-214
-417
-435
-20
706
718
-732
-904
815
295
-449
412
623
-125
-96
-917
185
-496
728
-381
850
-588
-66
702
935
-354
671
388
-499
-712
290
-306
259
424
-618
181
545
983
235
409
784
-519
-950
446
-907
858
210
272
-277
938
-544
311
748
-977
410
-251
716
298
-952
-371
146
148
-945
-674
-221
-426
731
716
317
567
441
656
-931
960
782
-234
-691
172
200
804
910
667
-497
730
-371
-331
-89
164
917
236
36
493
-974
507
554
94
-307
203
-383
-636
-839
788
-927
-400
-648
-593
512
775
538
-310
-875
-902
-716
-971
568
576
377
-326
-648
687
120
938
136
-871
321
-719
631
-205
-811
251
698
-287
809
97
-7
-787
-138
-773
867
-185
465
746
318
54
578
989
-353
-627
483
-768
786
408
871
614
599
213
-748
-773
-359
-144
-690
-772
-324
887
674
66
-462
-580
507
-7
794
-711
165
494
-777
-243
828
839
440
901
-353
-739
-808
982
-73
-363
-812
758
-850
-468
-475
986
-834
384
58
-566
-297
539
643
801
315
-230
443
-223
-742
-515
-861
-589
-874
7
519
-228
354
660
-624
443
-548
-774
-75
798
-861
-295
559
964
-329
444
-936
-194
-804
241
30
63
-902
517
-7
-173
101
-88
-793
91
-588
-544
-159
-394
-161
-278
28
-565
202
651
286
-494
-456
-476
906
-61
-626
948
-86
519
262
903
536
-469
-932
188
969
-46
393
-219
-490
154
-983
487
-503
-57
-965
-750
192
-341
-923
58
497
-985
-447
51
-741
923
-649
204
-508
905
232
-334
52
-824
-971
917
-147
564
-582
-489
-523
979
11
-352
-782
-189
313
-880
-286
-2
64
44
163
-353
256
-7
-427
367
-298
23
858
-680
-393
-172
887
-165
521
258
-517
-628
-723
-958
-600
-389
364
-65
-766
142
93
-392
-381
-423
33
-91
-295
992
299
-757
-403
659
-881
730
785
-664
-874
-13
-619
-441
-517
615
-667
-546
-122
-725
83
-267
-910
344
-996
-436
-932
-786
138
-80
-918
73
-170
-916
550
-692
-857
348
534
-823
972
-3
-150
-830
545
801
337
-726
753
206
-377
-123
537
6
607
174
69
561
473
439
-535
966
689
-597
-658
489
436
912
151
-786
303
440
510
283
-874
246
-576
844
-291
-803
274
464
-138
-924
-769
-191
-440
742
831
417
329
-186
-651
-976
-888
-704
-187
-919
-807
-341
496
-100
526
-406
621
583
-674
146
-298
13
804
-283
924
-408
439
-755
-504
-21
625
-972
-304
656
-753
-112
130
225
484
556
591
434
-166
994
-57
283
790
-251
-883
723
951
10
454
-633
11
710
324
-565
-403
690
602
375
767
-564
-453
-269
-721
-184
3
141
922
-749
785
551
490
-73
-161
30
-243
-69
528
308
612
386
-907
-769
276
-172
76
235
-660
297
406
-390
835
785
931
204
446
146
-723
-726
668
201
525
907
958
881
-99
969
165
513
924
910
-263
351
-617
25
-588
-894
-406
957
-151
150
499
200
-732
-7
-577
128
64
322
963
-135
-145
737
-199
-860
-87
881
-907
354
387
266
-797
86
-661
852
479
-296
-705
741
-191
37
887
-885
563
-236
421
998
144
-28
935
972
714
1
54
672
-24
-555
255
-643
-645
154
-356
956
139
-978
78
805
690
-736
232
481
949
-57
-213
-178
283
-14
-294
492
587
-374
-247
-27
-74
803
279
-390
638
-543
-747
568
-686
216
-126
-567
-217
-228
868
118
-684
-90
805
186
218
-408
-40
-222
-338
583
-282
65
725
839
362
-464
-645
790
293
-829
-737
14
462
166
254
126
922
694
-917
114
-860
-180
-792
878
57
-124
244
-262
-958
348
993
199
111
807
-944
208
525
-814
-804
507
723
-514
-384
687
-33
748
661
-928
-792
551
-357
-939
-609
-886
115
-133
215
-446
952
578
-786
110
888
-987
-489
324
-766
-57
966
349
270
89
855
-80
131
88
523
125
665
-877
992
671
620
-118
-709
244
-71
354
-347
857
440
-139
799
190
310
518
836
-614
46
-926
-550
-105
-572
850
-797
877
-242
173
-922
-947
-705
-454
-395
-877
352
227
-868
527
589
934
-219
365
826
725
-902
96
320
-531
648
-307
920
-269
300
931
-285
-886
365
-55
356
-910
309
272
346
794
573
-120
-387
-442
-124
-754
20
251
-292
386
609
887
738
102
-646
-513
152
-125
421
-144
144
-266
991
-522
887
312
-615
379
123
299
-833
-713
-133
47
166
-698
-838
773
-462
887
-209
459
945
848
-629
-314
-505
239
104
-354
279
875
507
627
-581
538
118
-483
209
-708
-227
-303
770
-492
642
-993
831
790
479
-264
-6
-565
-480
-482
686
722
-166
-205
765
-206
-756
-973
-60
986
32
-50
124
777
-866
237
-848
-167
990
470
150
-155
-649
-5
860
-772
-167
876
817
-578
-284
45
-211
-477
946
-14
-307
-725
184
-618
639
96
-668
-853
486
-985
291
700
-758
790
-862
-433
-416
-961
-257
982
-126
954
172
-700
10
162
-930
908
784
709
536
581
30
95
687
795
-820
-672
634
-353
828
-967
-551
78
-476
967
686
446
-460
-346
700
837
643
870
826
260
347
939
-668
-639
-83
302
-657
754
674
-639
-649
213
63
64
-889
-195
-253
163
579
-378
465
-720
229
538
453
765
-605
-740
-395
323
-102
497
517
542
25
526
-361
321
-852
925
445
-474
-30
-535
-100
131
190
-711
607
-424
-9
-390
-123
293
-996
276
824
841
392
94
-837
-955
-707
-898
-689
462
49
-392
882
-383
242
248
-620
193
-746
-85
295
-707
-397
-473
899
-499
-712
-452
-236
-198
-458
146
289
-995
-881
-975
-391
-449
-695
79
-677
-192
-961
-909
-366
-556
-987
201
859
-409
389
175
-507
129
-229
412
-284
-827
297
784
-798
-749
168
727
547
974
-708
407
947
999
-510
-648
990
472
440
675
-5
765
169
307
614
316
-859
-600
249
-491
-727
-917
678
901
735
-676
-796
-955
-715
-201
-29
-737
-814
357
-611
208
-453
-642
-773
-695
689
-36
-574
655
484
426
216
-797
504
924
-473
-676
898
-695
-564
-304
-625
-958
92
-974
209
-730
-635
-651
679
398
940
270
392
-380
728
775
812
945
-471
688
231
371
150
81
947
-515
67
-166
536
-248
-181
-645
875
-424
-432
-145
737
345
-836
-13
302
-632
-942
-155
286
190
-954
-185
142
-649
-154
515
984
-511
-636
-903
-198
912
-335
611
306
894
-41
-119
-104
-96
99
-80
-392
-429
381
670
26
-491
-939
41
448
-799
348
-19
-501
-798
-692
-916
-86
-72
293
351
945
-376
85
-133
866
-866
-237
-993
-774
382
889
-870
410
-519
-309
521
-64
138
8
462
-270
-369
-116
-212
967
-571
351
-465
-958
109
-818
-600
-373
-213
-908
-618
-500
-99
-684
577
-939
-248
118
-817
28
-3
-84
-599
389
907
-433
-584
-167
-754
-757
-807
662
966
-733
-288
-301
930
819
936
302
27
-112
40
564
349
-322
449
669
240
814
853
881
-395
289
562
891
-436
718
-469
-536
-606
684
-457
-964
615
397
483
-414
-754
215
818
-867
-659
-97
981
991
900
852
86
725
715
406
318
894
-476
-815
-729
-825
384
138
715
-140
-323
-332
843
764
-131
-257
-324
-14
-398
351
635
-389
-491
-428
-63
49
-90
507
-590
-557
-435
256
47
-170
943
-786
172
-307
-308
-283
-900
192
325
-841
264
-308
972
-289
-770
-553
420
270
374
-82
694
355
128
-675
-347
679
777
90
-838
546
-915
-754
73
-163
-90
305
36
-235
866
-127
-290
-104
83
782
-537
96
-736
934
-26
185
-24
216
-330
-671
-826
-905
-793
-645
337
877
293
-65
-5
697
-314
354
-935
390
284
397
-655
-790
-662
-260
-321
296
-748
902
643
482
111
228
-876
-194
-185
432
552
195
-657
860
603
-111
755
-357
284
-565
346
48
-872
98
503
257
-530
-929
703
-553
-319
268
-171
-235
588
159
-368
-621
143
916
-962
-650
-216
647
-494
-291
-35
-437
40
-38
-234
-455
826
716
-857
424
859
613
-261
-379
-288
-483
284
863
126
146
79
-990
-801
169
77
478
175
918
587
-700
674
211
347
-979
536
1
-69
-730
-712
345
-388
-277
-694
-291
829
-417
161
-287
885
677
-907
-465
768
399
719
-85
353
176
13
179
917
-464
197
-590
616
-500
935
-605
913
-809
-469
476
664
-351
-343
622
-168
929
-393
359
-96
674
813
-974
627
648
132
-404
671
254
-851
-508
-661
-722
399
-450
153
-500
744
659
-837
127
340
-823
194
92
315
-869
-271
576
405
-987
848
-390
681
-994
-308
-508
803
801
-564
300
-109
330
-481
115
-622
-710
-655
-847
-992
103
-580
946
153
179
491
-79
102
743
-806
80
431
-851
217
849
14
-953
-272
-428
-49
-498
284
-98
387
-22
694
-318
-524
907
5
318
-573
-862
346
565
829
448
26
244
972
-264
-360
931
-903
691
-928
667
656
385
209
-946
-180
118
450
-185
577
-375
-203
-145
-72
372
-936
-583
-555
744
680
923
-572
257
192
57
-526
994
480
-16
-712
204
-631
-869
130
944
116
582
222
415
-174
-291
-96
505
366
-145
130
122
-513
-475
-615
446
698
-327
755
-867
-92
772
876
-489
436
-952
335
-596
903
103
681
136
285
-306
650
-598
81
770
133
-64
-633
-843
-793
577
813
-795
148
-138
564
194
-691
-778
-232
537
-691
460
-918
625
115
855
-737
881
-678
-978
-911
-755
-701
-178
-573
651
-188
-959
-862
-330
186
125
919
254
-342
406
682
858
-106
-527
-656
268
475
-490
660
639
-890
688
-556
975
598
-811
914
-380
237
-3
-213
701
-271
944
-43
-635
15
561
-591
-411
-129
-319
815
678
-718
545
865
640
-696
56
-568
-588
-402
988
-117
739
-108
-655
-378
377
-275
-85
-498
-598
-465
-270
322
-473
-53
-303
814
-660
647
-213
41
-391
-890
-885
158
683
-759
-346
120
-697
574
15
-665
-734
615
870
447
512
-490
-978
-625
-953
-748
217
-385
-545
113
-813
594
-552
-395
328
763
-872
-507
-269
796
31
-223
180
474
921
-805
684
-67
496
-62
-456
-653
-692
-388
-568
