2795
810
901
-552
602
-468
-49
-247
750
278
30
-382
505
274
-524
-156
565
471
666
151
276
-129
-964
-749
-270
390
-721
580
711
-239
-98
-466
-470
-7
-558
621
-561
547
304
342
432
269
-100
-800
777
-762
-789
-343
221
-645
246
70
135
858
426
-693
267
-235
-644
995
410
500
363
-563
-156
599
-786
627
360
599
-980
-936
615
-72
-470
61
-393
910
-34
-336
307
-632
595
-95
528
-723
438
-398
-694
881
76
891
-676
596
-746
552
63
312
525
143
858
-882
-344
-943
919
731
925
-163
-361
524
451
603
523
3
565
316
-141
28
-429
-37
292
81
115
16
418
869
-955
305
-706
113
-877
-587
600
42
615
-537
-651
-389
-137
-29
107
180
-708
112
282
831
-63
922
-299
-646
166
-53
446
902
-525
-395
623
571
-134
-578
-76
838
-923
9
-297
-928
607
717
563
-596
-97
-492
-566
-52
-962
-174
466
-127
-518
-112
490
13
-301
-668
-438
-314
-878
-257
776
826
-326
802
-57
170
886
686
-214
-668
642
-361
199
-639
-570
-220
-170
-505
-67
-683
584
-692
-716
-319
-363
-456
-931
731
717
-539
915
657
704
-970
-200
385
-326
-351
891
-616
-938
-118
69
729
227
-674
-174
646
-844
-391
-484
-835
544
-460
339
242
-838
-530
-998
-683
220
262
-325
480
-692
-414
186
176
865
943
-202
-435
206
998
444
-521
492
791
-986
223
903
-347
481
-673
-657
-578
-292
935
-610
-635
-916
-763
-407
-499
156
-16
848
660
946
-879
-33
-919
157
-961
743
-404
842
950
119
81
358
978
-333
-863
-594
286
-329
829
-718
-573
-891
895
-488
-369
-726
-161
28
964
927
670
-491
-310
234
467
707
307
-267
-928
-747
-216
-922
544
839
613
-434
-529
-136
205
30
-714
713
-533
610
-783
-415
-313
-959
735
350
-158
813
933
551
302
-699
448
973
220
-678
101
-129
-749
463
-666
924
842
969
-876
882
162
758
108
-522
307
730
-129
205
-350
-652
337
759
427
735
622
-853
513
884
148
-323
95
733
337
605
890
-491
506
537
837
-53
20
-462
672
36
-573
156
654
176
909
-994
866
197
810
154
-906
-360
107
615
-297
-981
835
809
672
976
-826
706
-687
-805
333
258
459
-923
291
-38
-645
-659
144
31
-543
-199
879
73
-451
810
237
-261
517
989
-191
-323
516
-642
-317
-140
818
-808
10
-796
-980
-217
-699
-676
-672
-546
-219
127
840
-781
166
723
-896
456
745
-638
53
-106
319
-786
-883
418
-348
-270
-307
-175
-939
-45
858
-56
-673
645
367
-725
-730
858
728
-777
-786
-827
-439
-420
170
-323
383
370
607
813
-16
-596
-893
376
-927
618
-440
857
228
696
47
-199
-724
148
218
218
-209
-179
819
848
70
-681
466
496
100
-405
-113
736
689
-582
116
-67
-830
450
606
-484
150
-390
672
-888
-241
-681
532
-246
-69
833
-673
311
815
800
-800
-477
431
912
-923
-141
-996
115
25
-720
938
789
878
-745
109
-501
339
-530
-128
709
434
-399
-783
-445
585
426
892
643
-606
-33
-78
-968
225
246
-314
166
234
-733
-795
-294
829
-254
-753
-345
767
671
-762
-325
726
-14
-270
0
160
617
526
686
-623
222
243
429
-889
616
-914
-216
-421
573
-559
830
-73
-732
627
-813
990
648
-92
547
605
-711
-334
246
908
221
-719
-146
592
-796
-486
-131
-768
121
-957
-316
-718
-956
919
550
786
-4
497
492
-306
-38
-22
497
-575
808
317
-275
618
169
244
-225
-456
18
625
-156
996
838
810
996
539
-481
-863
-405
-761
168
-449
-139
825
568
701
547
-43
-504
495
666
345
262
717
250
75
-126
-113
-52
175
-91
181
-187
-814
-398
64
855
-923
597
241
71
265
-824
715
41
-60
-28
-441
-761
-2
452
-891
-143
139
20
-455
414
-796
-279
-119
352
-428
603
386
-714
-84
-3
402
-517
-973
-722
582
-981
334
167
-912
-170
-792
292
772
541
174
288
-81
410
-102
-552
-875
156
137
322
710
751
-773
487
444
-614
-41
-981
-509
738
56
-450
-363
76
88
522
-815
-944
-408
412
7
-135
313
512
851
-984
810
502
836
-215
-434
529
-760
669
777
-323
-650
390
-553
-720
359
609
-519
-343
193
350
-99
-123
-126
-821
296
-239
-123
318
-493
-438
-908
1
-448
48
411
-728
-281
489
-747
238
209
-974
-27
-803
-944
47
962
-963
-663
-108
384
851
-289
12
-505
-581
-227
-906
-782
-559
96
-192
-761
-136
-625
812
-834
-35
216
287
-33
-826
8
728
-820
-972
646
142
-744
-776
-292
850
-717
354
755
-301
132
868
-678
976
-782
-923
116
-664
-482
-959
715
173
656
-994
372
695
508
-167
-623
485
-287
-609
-852
175
-274
-936
-809
-361
369
-67
-387
813
-450
298
52
-111
328
-513
-318
324
255
576
-615
-185
-970
-916
257
565
-817
-645
-80
669
-714
33
-440
-537
-697
-545
-387
-745
-532
584
-95
-481
391
673
-146
399
-696
242
-144
-280
-772
713
-308
175
-365
798
-271
333
588
928
-934
338
271
-354
476
985
-90
-669
-686
-329
-7
472
-989
-803
-475
173
-627
-354
920
307
496
-886
923
-304
-855
568
-212
-475
-823
162
823
972
-718
-86
833
-629
494
-501
-527
630
-741
-134
-516
-991
-137
555
763
386
-716
-112
746
-43
-584
-868
207
489
-29
342
389
888
814
-151
645
276
-835
456
288
348
-960
-433
-469
-370
-644
388
376
566
-256
-867
-275
85
-9
683
963
-115
58
-733
12
648
575
302
402
745
-910
-986
25
442
-626
-863
-544
-284
887
-662
745
813
-265
858
674
556
996
-362
-977
40
267
754
998
-210
-229
-349
-793
-719
736
-606
-762
236
730
-947
-410
-637
553
23
644
-632
872
832
413
265
-829
-1
-931
662
22
379
-651
-336
435
201
-216
157
367
480
242
344
58
488
134
886
346
785
-414
-701
467
816
625
91
517
436
349
437
929
-441
-18
569
665
-880
420
337
-93
-891
-563
-834
330
813
755
-30
626
948
-235
-294
-554
807
896
799
159
-865
298
818
403
156
427
548
-473
54
-967
-936
-574
-856
878
672
-32
137
-280
436
-208
543
-243
-591
75
408
520
589
657
483
997
-887
50
-887
-764
672
-859
10
941
12
-727
-783
209
472
805
-311
169
-1
-850
-247
174
-925
917
90
-444
378
538
-406
-173
-893
305
457
83
-138
-129
-463
323
-342
-847
115
-762
320
185
859
524
-836
487
469
904
148
672
505
-973
688
-483
-606
-324
-223
690
333
-455
79
185
989
255
251
-870
-997
219
-93
-118
-70
331
644
-306
-615
-821
105
186
449
495
609
-102
750
714
-609
-149
859
-439
923
743
-218
-48
-42
636
514
-306
954
-936
-789
975
-80
-317
5
254
-789
425
125
597
770
-493
-351
-253
-581
-864
-213
648
899
421
776
576
986
302
215
489
683
239
-211
131
137
637
-26
532
196
-958
294
117
-789
-816
269
-772
860
-539
968
-346
247
935
-268
-463
864
-355
462
195
115
570
-634
-533
2
439
146
18
-566
43
-225
493
788
457
-542
66
583
-809
668
469
-134
70
-260
-834
135
723
334
248
-420
889
465
920
-405
608
-601
-776
209
-970
-315
-897
547
-104
-422
303
-924
-338
-99
-405
-237
576
-113
547
897
-391
-929
93
-191
-889
764
930
-904
-389
-459
-990
-556
403
-868
484
-551
-479
986
831
-922
392
-52
350
55
211
-326
467
483
-686
424
139
-587
-767
918
41
40
-329
-14
-734
843
216
701
773
-588
-121
-517
-763
640
652
-652
-796
521
-786
359
61
-223
461
239
574
-181
990
589
737
-599
-732
-588
949
-593
839
-940
-194
118
788
-673
-619
-355
481
-889
-851
714
-693
200
292
-385
-466
882
225
375
48
974
-640
-705
74
785
40
577
-92
-897
-682
588
588
951
311
-560
355
701
-57
277
-956
565
-543
-421
66
-150
81
-53
173
286
526
349
272
-452
46
883
26
153
325
-382
-170
-791
382
977
170
270
244
-758
617
203
989
-594
-923
871
-556
133
-795
-819
-783
243
-626
-655
-921
-858
-15
-148
-693
-533
-159
-968
-276
-528
-657
-857
-494
548
388
653
151
715
330
-849
-19
222
-153
-429
395
-481
743
807
-744
-998
37
-259
-462
-778
214
276
-358
-965
-557
-334
-688
350
-335
-771
-937
40
942
889
949
-939
153
-933
282
167
-177
13
26
475
-818
-374
-552
-413
567
-775
656
915
-539
-698
-687
-201
565
-213
38
801
-895
559
-544
-671
892
-619
226
764
268
-395
392
431
-193
-377
852
-883
284
971
-122
148
-824
134
968
-786
81
855
371
-493
826
-856
-302
-244
-509
288
113
-814
196
-395
209
-827
806
62
891
649
302
743
94
-470
-41
158
-57
-496
-310
650
28
877
173
-901
501
292
-106
92
343
68
-390
-987
-674
-783
711
605
-185
-28
586
797
-137
-184
93
-48
235
-762
-815
198
942
107
-956
-824
-992
-972
910
502
-455
-196
-210
-997
-150
-980
-36
-766
-533
-223
747
482
823
-692
-627
-475
-431
-174
-334
790
401
564
-481
-359
382
-87
-905
852
922
-906
649
-53
661
-96
-507
922
-194
-487
172
475
941
182
-93
567
-922
881
547
-135
299
154
-639
382
-670
-200
-427
-23
-675
734
137
851
780
968
-208
-241
-197
-492
-176
92
25
-962
-67
211
-489
-860
420
944
-1000
280
-223
-514
-277
932
-707
-901
706
-441
-985
-245
31
-738
-210
-776
-502
382
-744
534
-31
-771
978
437
-147
-320
997
511
-468
527
49
658
992
261
-23
840
-476
948
-790
-575
550
-347
265
866
886
-596
984
-425
329
970
149
772
-598
-883
-144
393
-962
850
198
356
-606
91
558
320
-300
-709
752
90
234
-691
925
325
-446
901
-193
-940
-840
-354
525
356
-259
-909
-581
-36
794
425
-884
-323
-831
-711
-123
-317
-436
332
464
238
-731
559
233
-662
-159
277
-263
937
890
188
-84
739
-489
-873
385
-252
-230
139
942
4
-474
134
493
-524
74
-439
-409
403
-449
422
-437
112
-294
596
106
-966
462
239
915
-701
-95
-147
-698
580
-855
-548
151
-838
-829
-490
929
-770
992
-874
885
338
797
277
494
-746
413
-531
-943
-805
469
-561
-490
991
915
-865
925
-313
588
-259
496
-789
-799
751
-717
922
-195
361
-390
-961
-658
319
952
427
-115
241
911
802
-756
485
-904
-334
-853
739
0
45
-58
-439
78
-537
31
-289
61
-661
-989
885
-70
793
-996
-824
44
410
3
-861
490
-60
607
82
-259
168
-98
-78
740
825
95
-699
-722
-505
-198
913
616
-167
957
88
130
298
835
546
-336
-358
-717
966
-198
-875
787
-392
64
480
662
268
-466
847
553
-792
40
852
-202
-600
322
-797
515
379
111
337
-213
-597
-540
346
-650
202
663
641
-665
40
-567
-510
-142
-176
-690
-221
104
386
213
-822
-432
92
-632
680
772
401
706
275
-699
507
-281
81
-772
317
645
-976
-514
945
117
434
11
49
-450
390
-796
-703
198
-638
118
921
-235
268
-953
-848
873
728
668
99
-208
-52
-155
918
-619
239
517
-239
-678
319
449
716
830
786
-59
-395
-357
-731
-899
734
382
272
-809
-300
884
-950
371
713
-242
568
627
-45
337
-943
-779
-130
-819
574
906
444
823
957
-638
-403
100
-284
-570
473
117
82
546
378
-966
209
829
375
-28
-168
294
-245
748
285
477
165
-135
-888
427
-712
113
-62
910
466
112
668
-427
489
942
652
117
33
-784
2
326
-597
525
-326
-499
632
587
874
374
507
149
874
589
-436
684
-45
202
104
-504
928
327
518
584
-767
238
981
29
-929
-156
320
352
-262
-403
548
251
-371
250
-168
523
515
470
219
-192
931
-472
668
606
-729
933
-126
947
-917
-570
28
741
800
674
-829
103
-848
-232
-309
-968
-805
971
-184
649
-640
873
-530
-535
-968
-310
-80
879
-563
-702
954
-974
680
-493
491
-744
-105
-350
-295
74
-323
-717
584
-176
979
676
6
654
-292
292
-579
-758
551
-226
92
985
-419
822
815
326
474
-802
570
-178
489
-11
629
-886
488
-115
209
-118
-949
903
-23
-53
-244
717
83
965
416
332
-570
51
-684
-83
806
-785
-314
-18
842
-167
-304
-831
-769
772
-16
-736
-411
-450
627
188
-777
-454
239
961
696
-692
-192
231
201
-736
858
-584
-633
919
-947
-727
-847
-353
167
918
55
-99
723
-257
718
-534
847
-551
576
712
987
146
880
543
-659
981
-469
312
-590
566
282
-76
911
778
-892
554
-411
-986
-112
-819
-669
-765
280
-698
341
187
-614
-398
-949
-157
-40
218
516
-780
303
43
-647
679
-892
690
534
-579
538
646
-253
-904
-159
545
-607
-614
-792
-516
-705
696
771
-873
-708
906
279
834
-585
594
690
698
243
838
969
723
870
700
-919
-642
240
289
974
-840
489
-955
-382
975
-45
951
589
306
47
-567
490
788
-261
-561
427
540
-71
266
35
540
-773
-149
-111
155
-102
870
28
193
-555
-411
410
-49
374
85
-197
-871
-287
833
-526
-847
-713
10
515
-447
439
256
567
-155
-797
287
-179
402
-576
584
-500
-297
599
-533
-781
-929
-408
862
481
719
127
925
-256
738
-449
558
523
111
826
799
241
147
-350
143
418
-431
874
-699
310
963
118
-351
-867
59
-383
-835
-687
250
-610
880
-377
284
-218
671
-827
-625
-161
-768
61
894
541
268
407
238
-718
-384
830
-524
658
993
96
992
-510
-887
-103
171
-178
-238
-135
-808
-199
-370
865
218
319
-319
366
-430
7
460
-564
-477
-540
710
411
229
-517
648
-977
-655
-226
518
689
559
-9
677
-733
-726
-32
301
609
13
767
-115
-749
637
560
-570
367
-750
-838
-475
875
642
531
512
656
-468
-481
875
714
-898
196
759
-628
-140
-551
441
-336
-498
717
787
-836
-36
163
161
832
-56
-245
-735
636
-112
-388
432
255
-785
286
349
-326
424
996
-819
-574
-530
262
490
260
-366
797
904
275
-887
119
-586
-50
-279
-918
-627
701
625
389
425
985
466
-686
32
-933
-594
296
-781
-308
156
173
-703
588
516
-583
-589
703
-195
-587
-905
865
-160
850
924
-710
825
-761
902
717
634
194
-145
-822
668
-81
491
948
-221
598
502
380
-404
863
540
460
486
609
-668
112
-646
503
522
-114
-440
804
471
774
-609
-482
-720
37
601
965
24
-828
-831
-121
355
-595
-94
76
-488
-131
701
-276
-495
-987
-314
161
-350
138
-292
679
772
-131
371
255
-83
-715
624
531
286
-904
160
-924
-999
-39
-939
-273
316
-949
126
-130
734
-285
-302
250
-747
-821
681
-930
722
931
535
631
-230
-526
6
264
449
811
303
-277
501
-69
-732
417
276
478
-115
538
300
849
-579
927
-867
-750
48
92
860
