5074
584
283
244
-260
26
242
830
-482
-227
-235
-838
-696
587
622
-78
-702
466
46
-945
-364
-816
-743
842
388
-66
589
782
-263
218
-800
-50
235
-516
726
258
537
586
-980
-563
758
-105
-476
-662
512
358
-867
-507
-369
108
414
-794
647
-765
-418
-761
-886
267
-685
455
749
380
854
135
741
-970
-65
-958
-130
281
851
170
-856
-688
-266
-163
-18
344
382
-393
116
175
70
512
-468
-1000
-101
-298
-811
587
311
-571
241
-440
311
-445
-590
12
59
409
304
-836
-582
971
873
142
-352
-40
390
-728
-875
188
-539
928
-982
-333
600
786
-237
425
-982
656
-421
429
729
755
553
-876
-283
704
-546
-151
-77
198
-617
162
894
52
453
606
235
184
-938
970
519
-671
-65
-477
927
-586
-775
-491
987
175
-506
818
985
-415
-850
687
-942
-888
-134
-296
-454
604
428
724
665
-858
-935
115
-639
508
-476
835
780
344
-327
402
-636
-121
946
-226
-770
381
-215
56
644
469
-565
296
653
-762
-347
-759
-5
18
846
181
496
-168
-639
-949
878
-791
53
844
138
567
-886
278
-660
-70
-157
-344
278
492
-998
84
110
-620
356
-750
794
-336
-445
273
871
-21
642
-56
-442
-658
432
-133
452
370
812
857
788
-316
281
114
-629
-542
910
102
-393
274
253
553
-995
-863
733
-814
-258
-88
-537
851
805
235
-998
643
-465
588
-85
-842
119
-596
668
-866
158
370
-921
-869
548
692
104
366
-571
-335
-363
379
-573
801
-854
-483
667
68
-379
-317
-793
727
923
-408
784
-90
-715
-608
877
283
-422
-930
-612
612
250
883
556
611
-603
-318
501
-769
742
46
-716
903
447
-380
-105
183
-830
-555
-159
-797
-727
492
939
-672
-350
-306
-680
-30
987
191
-925
-928
-634
96
662
-428
425
-746
457
-898
773
-489
454
72
-672
-722
-219
932
-287
-354
745
882
-937
-254
-666
814
791
931
-339
710
-287
403
-843
-215
78
-170
-872
-774
-169
16
-649
20
-683
-791
-181
-745
160
909
649
-879
934
737
529
-375
-21
-768
-141
-92
-713
-733
-929
-134
-975
863
-408
626
550
343
995
634
389
450
658
643
874
792
199
-535
229
-777
311
321
-170
2
-722
-501
-408
-424
-712
646
135
-222
883
-382
-209
806
703
-767
-990
649
-50
-553
758
898
302
-815
-455
-919
400
50
-511
-258
-892
472
-843
821
307
-260
-111
591
-664
72
-438
773
-996
564
111
-307
318
-263
-921
-945
315
-602
301
513
-257
737
901
-849
-152
373
-54
-442
-46
-791
-731
303
853
114
-452
921
648
879
981
767
768
577
85
-87
345
494
-839
-306
543
-197
-384
358
729
-266
-461
526
-349
-794
258
-443
-921
-790
-243
867
-600
126
459
378
-646
813
26
980
-415
768
116
796
372
148
75
856
477
73
465
-508
-943
118
-890
858
-697
810
94
973
470
558
942
678
-305
-409
115
549
724
-25
-800
-567
867
-254
-462
954
-236
462
-63
-205
235
244
-347
-690
569
-780
-670
-232
149
-795
-414
-685
547
777
-818
-566
239
222
-327
911
-728
881
888
-496
-964
46
-526
169
-981
306
-608
147
266
-895
-32
-279
887
-892
172
-533
404
778
-878
619
-46
-705
-800
-283
684
106
-961
748
-388
-288
697
207
-787
-202
839
299
447
755
-261
762
337
452
-10
617
782
-806
328
487
326
254
-110
585
-776
868
-599
-422
-295
-803
-950
112
-477
326
340
458
125
-34
470
-251
691
533
598
-594
-558
-816
619
594
450
-183
-88
656
944
-876
-650
64
-89
972
-724
94
-197
875
910
-834
353
-536
15
-125
30
27
628
955
-485
-964
806
-270
530
-710
595
-441
855
871
-670
-229
358
-336
34
-699
901
-565
-914
-541
613
297
-690
460
-245
-229
-371
768
101
-688
-557
368
-501
-308
-193
-54
164
-443
18
941
786
-377
-102
107
59
488
-951
636
-59
-539
690
-193
685
554
-480
-772
-125
353
-957
645
358
-142
392
-774
344
-151
-557
-517
-195
934
-420
728
981
61
51
-907
948
-803
913
-375
-469
302
892
806
948
707
615
-909
-945
240
100
484
-940
-955
-697
107
84
648
-232
392
513
-736
-332
572
-138
845
241
411
420
934
604
256
-901
-918
753
-726
-63
552
-378
148
-670
410
389
611
996
668
-204
632
-139
827
450
-315
-973
616
240
668
-856
-757
601
-621
-607
-796
-864
468
345
397
-699
401
-234
-148
995
805
976
-795
-743
677
57
283
498
837
-50
-537
-652
-633
-24
689
-126
590
943
43
-466
-176
-900
-578
287
362
649
-708
506
510
-376
548
752
-472
-83
899
260
414
-696
632
-841
501
403
992
-942
912
404
816
287
-348
-177
433
949
871
780
-442
670
582
112
489
-170
134
-453
-813
-878
226
525
-822
-485
979
-107
500
70
-194
-808
218
385
-666
666
504
971
-653
-723
929
-287
-293
643
-976
-335
812
305
169
157
-661
658
-19
-723
-921
692
605
369
231
916
-443
850
418
-575
-854
-460
877
-129
-114
-581
-562
203
-208
-122
16
-602
561
460
-385
544
-112
-591
-749
978
-616
917
-422
71
399
442
142
-840
623
81
-458
899
498
-656
-777
167
-250
-303
235
527
432
409
-310
-600
-596
371
-667
449
339
-679
-302
46
-955
174
-736
-487
-730
283
-804
-346
261
-299
173
-112
-713
-921
-774
-315
-285
-446
524
348
550
-787
798
-114
-298
138
-32
856
68
358
-822
891
187
140
782
158
789
744
566
145
460
-93
-627
-834
381
944
-263
926
-935
-591
-74
342
-570
215
-2
428
-29
980
-460
-743
632
-194
721
-723
-949
771
-315
778
-529
564
-369
-466
983
815
152
-800
937
445
-519
390
-531
-956
-867
993
148
10
-191
934
-202
-425
23
-535
244
581
58
408
828
119
700
881
570
323
-21
1
219
733
211
-790
-355
690
-547
-368
-573
-530
580
369
-299
-662
-152
351
180
901
-965
747
778
974
281
687
-752
939
246
791
-711
825
-65
509
-468
-783
-542
369
-673
739
-119
529
606
738
-415
490
-661
252
105
251
864
-284
-762
-925
-944
781
-13
-249
59
277
710
529
-656
331
-562
231
-836
-577
728
23
689
437
-991
781
-685
342
-794
833
827
691
183
432
862
838
-870
309
-56
583
-917
-445
-990
-633
177
34
835
813
636
883
-830
779
-934
770
489
604
682
-617
565
604
-184
425
554
868
102
448
-860
-400
-213
437
680
831
-267
-728
-664
279
475
-755
-762
-478
-467
-315
960
-456
77
548
-439
875
-378
228
569
-151
-198
486
618
242
-453
-848
-349
390
767
-601
-46
-503
134
762
482
871
-137
344
157
638
406
-64
-6
44
834
-525
791
-618
236
-328
-286
673
-78
140
-927
-991
200
-525
-975
780
536
672
-612
346
-95
-612
84
-916
-661
679
-196
-234
-134
808
-555
601
352
-190
709
785
-83
-122
437
696
546
655
-511
-298
404
622
482
806
187
-862
600
-106
74
-589
593
-806
745
668
-649
-787
45
163
293
37
826
-746
681
-447
703
-349
-75
-750
799
771
272
-572
-32
-379
746
-648
860
-797
428
-305
-971
131
701
565
630
876
-766
823
-220
-829
509
50
-381
-271
-874
-406
149
114
-41
307
-3
-627
-592
-480
482
-421
251
54
559
822
-965
139
-345
-97
573
-799
373
524
-415
185
-382
-276
98
149
-912
-39
-193
-625
-989
345
-418
511
863
-48
615
-659
829
597
-4
419
-265
-449
520
750
898
556
-699
-207
-532
-833
600
150
715
244
743
594
549
608
-374
804
862
906
-625
-182
-133
-49
808
-257
-379
-377
31
-363
281
-542
-983
-709
653
382
744
-613
-211
-887
-21
-621
611
-83
368
237
213
-580
234
189
152
873
-259
-649
-429
721
-570
331
-578
-460
488
-866
-263
36
449
902
585
473
539
-574
301
62
190
83
655
747
435
26
438
-464
579
-576
103
523
-499
684
-244
-473
-649
-924
829
33
12
308
-21
343
-684
980
876
-960
-383
713
-304
-686
-139
-38
-158
-316
-687
573
938
400
441
-162
-497
804
-445
459
-390
998
-274
-17
229
-318
479
-663
-286
561
438
-488
905
23
527
517
-55
777
-892
877
-288
906
-656
-838
262
993
895
173
387
-232
850
-742
688
866
-34
623
475
538
548
354
-668
-523
539
-505
196
36
-552
-117
366
376
-528
768
-802
673
564
-476
173
501
363
-208
55
602
14
283
243
80
733
-391
641
-418
-273
-765
499
-265
-26
340
-94
-760
-399
-563
129
962
-101
661
-898
318
-367
-15
-539
-926
288
140
-161
-194
588
-781
-329
739
-210
176
701
-639
-843
320
708
-37
413
899
-266
-726
-835
0
343
330
42
-478
-634
-779
-791
979
-512
10
-542
852
-849
-438
496
-314
-320
-769
661
-184
114
809
-742
-3
-838
70
-749
409
-140
-196
-111
-904
820
-666
-622
299
554
42
51
-128
579
-669
-507
460
988
576
-515
-376
466
-104
-922
-922
149
-56
-847
398
-53
602
684
121
64
-93
-847
-327
171
-790
677
51
348
528
145
442
-446
432
381
345
953
437
328
-19
-112
-702
356
653
121
402
-561
775
201
-259
220
376
-129
419
368
-201
242
888
616
-370
754
284
455
262
-127
822
590
95
91
204
-364
-487
-385
914
-27
929
-46
92
-585
-901
633
114
-25
-695
228
879
-702
-155
-133
581
256
737
64
-126
282
-904
-141
999
-532
-704
-652
378
918
463
-509
538
828
-57
420
490
974
64
559
-739
802
-432
451
-900
252
889
-678
54
303
-305
-472
-635
62
596
-931
361
-837
386
-262
-173
289
-571
-16
352
541
-909
884
-288
-345
-824
-946
-798
-193
834
113
846
-750
133
581
702
843
-564
-608
970
-218
670
-317
430
-704
505
480
906
-614
621
170
407
844
-521
-107
113
343
200
-196
949
-477
178
-751
-680
119
127
943
-511
-42
-147
-373
-172
-810
-726
505
-900
93
424
603
-812
100
-739
-924
-877
413
153
-133
-574
-799
-715
-757
10
-718
-603
-361
63
47
425
-805
-477
710
-826
-99
-56
-973
268
930
326
279
-701
302
677
868
903
211
504
981
-691
-422
70
490
-47
864
246
-96
718
391
-826
-65
216
-146
952
414
-758
971
986
-655
359
-236
-928
130
255
-963
689
78
528
-661
-934
646
-730
-457
946
-859
209
-241
-692
-367
833
614
-574
-853
-959
747
-795
-431
-419
-936
-130
387
-479
-127
991
114
975
-132
811
-972
636
496
-162
-123
-488
389
218
-25
-919
-325
304
458
-909
855
55
-698
-698
456
972
853
-45
504
-201
430
-692
878
773
-372
-168
880
343
-339
-897
-395
-393
838
-552
488
-590
-956
109
-391
470
-915
487
-258
-631
229
156
-681
467
-467
-287
159
330
-283
189
974
408
850
-275
-340
-53
539
269
-369
56
925
665
677
845
783
-432
557
-878
-289
-718
-128
-709
251
966
-867
605
172
-261
130
-54
413
-631
903
939
585
-542
-412
-823
898
970
-318
-201
-482
112
127
-80
-596
568
-437
-568
-75
-233
-640
946
397
-454
526
222
408
19
-332
12
-407
-862
699
242
-202
-932
812
-955
711
-662
-350
-521
702
-560
10
142
464
600
-777
317
977
-454
-174
-63
-578
-37
-738
-838
-508
288
-663
-764
606
669
-113
657
555
-850
-487
245
-354
768
-845
-3
-561
461
-630
-532
-993
723
-220
-92
-919
-624
266
797
515
780
-368
694
484
-429
998
-843
-65
814
455
-420
190
-564
910
-790
506
658
-328
395
422
-756
324
702
-340
-737
679
-271
-97
-131
189
-54
928
-669
426
-444
-661
818
142
-204
-143
-968
-378
-88
-543
-741
207
-853
-432
786
-90
295
-920
320
-773
599
604
78
-236
-136
425
51
-66
-644
-825
-862
222
282
111
-975
645
677
120
993
-958
-537
506
-865
337
-518
-13
230
481
-268
551
-706
227
-132
66
53
527
-579
-231
440
481
-810
-241
303
-864
-501
339
898
111
363
711
764
493
927
363
715
935
-308
-840
272
413
261
825
-87
561
-255
227
808
-885
804
-363
-384
-134
92
-86
-372
726
-197
203
268
209
-981
-462
-212
-692
803
362
563
5
-683
-846
901
-691
177
-864
-219
216
-647
-462
-837
222
-942
399
-818
846
-956
-820
-50
-14
-978
219
-272
78
537
718
583
994
-169
-807
411
-961
472
-666
-103
-650
-551
289
535
412
233
-140
-894
-102
-519
-835
-106
576
-912
-646
377
-22
936
-9
-556
-326
873
15
623
-523
735
606
-168
-934
314
-425
96
940
-734
-463
66
209
469
-820
-303
196
79
-846
749
-219
997
-152
561
-161
-850
323
-740
170
62
776
-230
759
879
268
334
-663
703
858
-994
-157
465
323
-437
988
-368
927
-692
-673
-297
-383
-762
-769
-730
-807
-710
968
-174
-893
-405
897
-500
-403
-342
333
-932
-618
928
-480
-182
-254
359
319
-264
938
-219
944
-785
-80
134
-591
-395
-448
-11
-172
-56
194
-184
-248
650
-149
245
-781
-855
963
36
-341
185
-174
-878
-284
624
-236
846
803
-99
-196
-107
-783
-714
324
-235
316
-835
658
-737
343
47
278
446
114
521
816
-849
4
919
-738
236
-684
-598
515
441
920
-476
-157
-855
-876
435
251
381
980
-664
830
-165
-763
-860
442
-744
893
30
-742
578
-549
-525
-860
-468
-439
-790
-351
-746
-402
931
813
-40
-112
-725
20
-709
726
878
877
532
508
-54
899
-962
224
-916
-482
963
297
314
-991
-714
599
284
-548
-656
-475
-537
65
598
235
-840
228
611
224
553
907
-937
-35
147
805
187
-83
640
823
512
144
539
-847
852
-593
-473
-753
-992
25
985
428
-656
268
-494
561
335
-672
-835
-133
-273
925
610
763
-702
876
-444
-425
457
475
317
-99
-298
634
852
-41
-145
-381
-920
-54
242
-185
-84
56
879
-445
383
726
-905
241
774
-888
-113
-502
-823
-120
913
-983
679
422
463
283
822
-855
372
-845
299
132
-535
-886
-318
308
177
-477
-677
613
-414
-932
-783
419
-160
-655
488
-418
-344
187
-909
88
-186
550
-257
760
-973
880
271
-15
14
988
-748
124
630
519
-759
33
-607
-878
-407
-827
-132
-403
-67
-691
-624
-43
6
-623
-323
885
883
-548
566
392
864
528
-536
-482
555
902
-344
-4
996
-669
-264
62
240
790
246
520
410
-163
-830
-838
-345
-632
89
-991
-572
965
-990
-374
798
106
293
434
-66
-254
-925
473
-433
782
246
774
-115
-787
822
739
972
-618
-428
520
-398
-750
-265
-219
-446
871
-576
41
-106
-418
-340
480
-296
678
-57
-934
877
-190
807
-554
-994
77
956
45
453
910
273
971
1
-394
719
599
-155
-170
975
-684
547
894
538
-735
896
-16
-81
891
36
675
831
994
561
-940
-151
872
-514
-858
765
982
911
810
-833
-23
-206
26
-102
585
120
-161
511
59
-323
-222
681
428
-505
-881
141
-163
-729
-298
-861
607
-401
-148
747
676
289
-770
-961
-59
-49
-443
-12
641
-76
-379
683
-958
-979
-737
410
-308
998
87
-878
751
797
799
524
508
965
514
-75
821
634
-930
164
-180
-165
168
-748
-115
889
-749
978
-552
26
-533
5
262
714
-404
-28
-403
-865
480
-152
366
-120
421
592
252
322
-500
747
983
166
-434
-794
598
449
937
-527
-829
513
-744
640
497
-135
-175
-405
72
-446
-88
-750
-367
-641
-975
49
-819
-101
371
700
-833
-559
-889
-41
-678
-377
-608
-123
885
647
932
363
316
459
-152
-145
592
677
315
-254
-322
649
713
-184
-436
792
591
432
896
-822
910
-764
-501
518
72
159
-478
913
-408
981
670
209
-930
-556
345
460
-456
-651
873
98
-740
751
-166
276
193
264
259
255
-786
-679
-966
377
-966
-35
963
-937
-925
-747
-637
632
42
619
-44
418
395
-47
-143
359
250
-410
-239
-813
9
308
-944
-843
150
-87
-119
71
545
-113
-352
-548
-965
714
651
134
715
-754
785
641
-278
-693
-821
-689
414
-506
-937
-944
-957
613
-965
-19
-283
726
-890
82
203
988
322
38
-611
807
-186
-600
-474
-272
264
599
-844
670
-577
702
-500
983
55
923
587
679
-994
811
-105
54
43
-269
-427
329
414
29
-461
-41
994
525
-795
166
-737
975
509
-158
285
-656
-909
-343
51
789
420
-170
-947
-453
359
-537
11
-116
-453
637
-362
-805
780
-751
13
-548
-684
413
-562
-13
-354
430
-191
-745
677
-268
-514
-141
427
-509
655
153
-89
489
719
339
-586
-308
242
183
33
927
-466
438
223
593
-57
306
-111
611
-7
-518
635
804
-450
227
-301
43
-993
196
-78
559
71
-882
-41
-954
804
934
-245
-183
902
785
-513
592
-486
699
353
-353
48
179
-482
700
-585
-169
609
172
875
-537
-327
122
373
825
-519
-861
-911
-232
505
1
-771
-823
-454
-879
605
-259
759
467
-69
220
-57
-370
827
340
958
-691
317
29
595
234
-164
-360
397
-955
-637
-380
230
466
383
524
930
-948
160
96
424
-7
-791
239
-977
-996
423
-914
228
-751
862
359
119
985
254
529
326
-510
-220
968
-79
657
-995
169
-515
-305
646
317
980
350
864
-417
-487
182
-353
939
265
0
977
-780
861
222
267
418
252
180
990
-105
-275
-600
-695
829
443
434
-872
-435
321
-145
474
-514
-556
-88
129
-215
-160
266
515
-763
-549
-350
-99
307
-859
-585
134
-760
561
-733
1
-30
429
-17
-595
-519
77
715
-153
-140
-553
39
223
-555
503
-608
-632
498
-878
538
888
-703
-57
870
-65
63
113
129
5
-755
-598
-198
-548
-633
-22
-403
709
-190
-387
-832
-370
-398
34
-583
-967
-699
527
122
-729
-672
466
970
-925
548
115
-335
540
-981
-891
592
-438
741
603
987
930
-774
503
-908
-796
-501
-851
-379
-366
442
-793
426
-69
546
-142
-488
917
-971
853
590
-520
112
161
-889
-489
477
-364
536
826
388
-552
812
-217
-818
-376
858
48
-999
419
-337
-667
-879
601
-450
938
-831
-862
913
419
677
-690
-518
-949
-405
343
-742
68
966
659
45
-487
-113
709
497
272
-280
-45
945
-245
-178
-654
-222
301
523
173
329
10
-284
-75
982
519
486
-318
306
-752
-88
248
320
440
-579
149
-461
75
-952
694
-388
-160
-676
697
-978
698
367
-531
785
222
-837
486
430
926
-511
-611
541
532
-966
36
-23
-758
11
775
109
694
-444
-898
622
-108
389
767
164
-485
13
-32
469
-127
-607
-758
576
938
934
-215
-925
-164
-613
-592
458
398
629
-167
389
-770
344
-614
996
642
479
291
65
-489
-487
404
394
-939
-912
396
890
564
-745
-852
-252
263
799
-694
-309
518
-170
97
656
-999
13
-603
-472
-912
-12
-524
-151
417
180
-872
-990
-87
904
777
852
-93
-503
256
-175
38
645
-377
-64
296
635
75
-487
65
630
83
163
-726
484
427
-472
84
-895
425
289
-715
869
912
-701
-994
-842
-349
422
-456
763
-111
878
-212
-49
446
-8
321
-274
547
-637
-256
751
-884
872
516
-146
463
-313
-66
5
-451
-65
-508
-554
-400
-262
201
-504
-380
723
-312
299
-222
341
-550
-839
-233
161
807
-596
-988
827
-887
854
703
450
-20
49
870
-150
561
-701
-701
-24
466
-291
139
-983
336
-512
721
-817
152
813
-808
233
324
392
469
558
-963
232
963
918
-338
-162
-929
-91
-108
-993
-60
869
-94
655
961
-753
625
140
86
789
37
772
862
-929
-934
-844
-682
656
461
255
-292
-108
-265
-441
-765
376
772
170
-526
-730
-958
-596
-836
-468
437
-755
-278
872
743
743
-156
834
-115
-857
-208
790
-124
677
961
-372
-182
257
-208
-218
26
-148
872
501
-449
-896
923
697
-71
-83
-430
-349
302
194
-14
-696
-393
868
74
-460
571
765
185
-344
-374
548
-916
355
-433
692
-955
-568
-743
-468
-537
-959
275
787
-322
-144
350
-810
-420
-162
352
-688
-979
738
294
197
-868
-577
-571
874
-434
-230
478
596
-324
791
768
-853
-209
847
-824
571
-732
496
-397
-440
463
625
-396
331
923
-320
288
-403
959
-773
279
-450
973
551
957
242
292
128
774
282
405
-179
-335
859
786
991
-213
-228
-478
-170
-28
145
-270
960
-497
479
438
607
-622
604
300
166
974
964
737
-768
-392
730
477
476
-90
-583
74
-23
821
502
178
-342
-681
-939
998
-585
-54
-972
-997
592
339
663
-82
-498
-534
-767
488
775
-305
299
557
973
-614
469
-657
-939
-80
214
-497
-657
-191
-46
-13
422
-1
-329
-781
806
-663
723
974
117
-811
134
202
-640
332
208
568
-397
350
647
-715
580
-169
502
-612
460
186
-699
-199
131
105
-47
-903
-137
-889
-167
750
-487
100
-764
-785
964
952
530
-805
-710
-901
-259
-610
541
-32
619
796
-185
-606
-365
-662
967
615
-342
-868
905
-943
-23
601
-352
803
109
-214
-238
353
762
-782
416
176
620
248
961
-596
764
15
-118
-760
972
214
-500
976
-321
-677
57
283
-536
267
420
413
125
245
-395
824
823
-292
390
642
169
475
-498
577
-165
819
-553
499
-766
15
813
907
-131
-231
-123
725
-497
837
103
-261
-76
-645
58
752
-543
-894
219
-343
205
344
729
-548
-810
-2
-527
512
721
-976
305
468
946
562
-102
156
484
-490
-345
-875
181
-245
884
-406
-703
-417
-19
-705
-950
-508
373
699
-335
657
80
722
275
-417
205
-912
-525
-348
-733
82
-352
-227
-762
271
-765
-333
486
-188
-697
-944
-587
764
260
60
-461
670
202
-816
-88
720
-665
-133
477
-918
-778
-654
-217
-715
-828
-62
-895
771
-912
130
724
-872
958
-844
710
-619
-921
746
-403
-171
881
-171
-370
129
903
-984
871
670
-555
-485
932
262
402
284
354
660
-695
111
-642
-775
118
278
217
699
-230
540
-981
109
-149
172
48
634
812
975
19
651
612
465
-474
-72
-995
-987
-213
-293
-533
-177
-126
352
22
-193
-656
-936
-858
190
520
573
-85
688
-279
480
806
-935
-381
-882
40
-771
726
737
-459
208
-310
787
-253
972
773
941
69
864
828
-451
-273
-747
26
198
-139
940
38
145
-156
819
403
-542
685
-409
-455
389
-214
-700
-804
-377
-98
679
-810
-319
93
-572
-458
607
-412
163
-572
271
-969
-138
703
533
-346
-731
709
700
-549
474
735
438
-894
-439
-329
-972
-619
183
358
-831
355
684
766
760
941
-862
-687
-729
285
797
381
-757
-285
-651
676
-501
-627
750
-260
512
657
-407
-945
-815
939
675
-128
-130
942
-453
363
-461
185
929
743
796
199
938
-532
-297
-302
784
11
564
742
-682
-274
41
718
-263
716
787
-371
-557
-343
983
714
745
616
-569
9
-733
846
960
-254
556
-475
-977
-143
655
-871
-236
345
513
-222
-529
933
558
-81
-394
77
-420
539
616
-847
-804
79
-4
-987
-465
20
-429
233
404
-317
-963
276
-225
-133
-745
-932
-266
989
-767
789
-43
616
-290
932
913
-228
-763
-866
666
-275
420
194
889
-90
84
-513
-359
631
871
259
-446
-419
382
98
672
-195
-713
-321
226
956
-876
-582
-130
494
-697
998
-430
-151
-455
-890
-90
405
-886
771
365
914
-990
684
987
-714
822
59
640
-718
503
-48
817
-417
-604
108
792
-438
351
-52
-862
-726
-307
688
-298
-934
-25
-345
-746
-409
-946
729
-674
-409
91
497
249
116
-620
532
-30
468
-933
370
120
-170
480
264
955
139
887
928
-605
-865
-492
-346
801
-973
-237
791
892
8
-828
536
413
9
307
480
119
-667
166
-509
141
-8
255
-180
-584
-26
-463
-713
-224
51
272
24
-89
-878
-879
-965
309
-233
-47
-855
110
667
961
-861
112
-692
910
-849
-135
686
-865
92
501
291
951
307
884
-686
539
204
890
-954
-802
554
337
198
183
-380
-679
-820
-188
177
-97
-523
-424
223
-261
-652
-97
-976
67
707
-45
354
461
-425
-921
-134
802
-258
-768
828
-610
72
-844
-743
-44
-865
186
-699
607
549
193
115
499
-760
29
800
-815
101
908
-647
-631
966
-554
-518
778
-487
-685
500
-827
655
758
-438
944
748
919
-151
326
82
-945
593
363
-939
-244
116
-515
-421
-316
-615
-57
2
-585
-115
815
253
317
568
-433
-611
942
-265
-543
-488
-224
636
51
360
-677
526
-647
-334
-519
-547
-398
-863
969
-698
-445
-704
-878
863
512
-895
-443
97
-631
-244
-165
799
-303
-10
845
71
-695
-243
467
-829
-981
-738
884
-996
659
612
-484
-787
536
974
-213
-785
-920
187
842
934
513
-924
617
-201
796
-74
-76
756
211
-262
644
758
211
515
-15
-186
413
-60
661
-600
-217
411
-740
-300
368
-930
408
434
-400
16
-831
-287
-707
0
-423
501
74
-705
957
-309
-166
-164
-89
665
514
813
-800
-105
-707
348
-172
996
-919
284
990
-409
-146
806
994
131
735
340
-375
693
297
-567
583
45
-600
-324
24
119
857
-337
-583
-779
-198
416
180
859
-722
-501
19
262
-292
-231
-507
-759
919
410
-466
982
473
-981
-360
614
296
-93
-952
-715
-150
256
443
-307
645
249
-256
205
303
-353
-97
-363
-780
277
-778
289
-410
-151
789
752
-33
30
207
-640
-638
647
-223
-841
831
578
-753
32
-75
79
-502
512
-367
-484
750
-251
-315
174
-217
762
884
-98
83
-759
586
-66
706
-194
-327
-970
107
643
190
143
57
989
529
-806
674
930
923
-818
7
-298
2
-979
295
353
-224
-382
-481
542
-654
-134
-372
-366
348
-852
657
743
-118
261
596
645
-671
-700
578
524
-13
-609
947
608
-206
-592
-696
-207
28
-128
401
405
-828
287
-165
-971
641
685
7
753
96
-169
-251
-480
37
449
-865
377
-657
748
754
487
345
309
-521
-436
-836
362
-543
597
514
-567
-162
902
-475
-617
-928
882
134
-694
-298
360
714
-428
-845
493
255
-564
336
355
-868
523
-451
19
-986
943
402
172
30
-977
68
775
-40
988
164
-698
71
-416
-639
-455
948
-313
-947
253
-642
-426
-483
626
-549
236
890
-937
876
739
-843
-157
398
-237
-456
115
557
-668
-377
-165
-653
-419
293
-693
-274
-562
-158
912
-400
726
-926
-301
624
-446
-327
-254
590
195
-269
-695
-429
651
400
-643
-234
-237
316
405
715
380
-947
53
-585
-112
645
-472
943
948
-184
-167
749
-275
-953
718
340
747
-406
818
-901
134
-403
605
69
-668
721
-285
-126
-267
-237
614
926
-21
554
-456
263
-791
410
545
-740
54
453
-952
-384
-450
833
546
-546
374
645
501
407
474
-995
-40
-457
404
-675
-455
277
715
353
906
-535
-106
867
-871
632
827
-90
634
26
873
575
-909
941
-898
-396
-188
-638
214
-307
-512
885
-63
918
-179
731
-801
-266
-284
212
570
634
821
-241
-368
267
587
-35
-548
-370
-713
573
128
-662
252
-873
529
-364
966
-428
415
-858
71
-678
528
654
896
38
-504
194
-88
50
-858
450
156
934
718
614
-589
506
-866
-970
573
506
-528
