8615
264
-766
-917
-225
-623
-939
-359
-222
-595
366
156
-327
518
-957
-52
-145
-158
774
966
-719
256
567
296
-560
-607
298
-117
324
-639
451
254
-387
-464
-866
-373
997
930
-53
-568
-542
-801
-522
156
-873
135
69
-277
-886
-42
106
-112
-912
-96
-424
758
-75
825
-205
-812
-744
643
-720
163
226
357
-677
365
-953
-859
168
899
37
114
-495
778
-55
-432
-755
196
-478
384
-494
23
-915
-325
-238
60
-257
-676
592
-282
289
-73
-746
972
-715
-54
495
-43
-248
-722
111
-97
-240
-678
-974
-212
-444
996
-414
-550
-790
772
306
-563
795
-680
119
-244
883
734
-841
-236
501
657
105
29
315
-862
188
-153
763
-446
-652
416
-730
-966
-258
-299
-662
-424
933
242
-633
102
685
-872
-178
-808
717
-870
-380
-446
746
-92
887
292
270
-151
-24
899
439
663
630
-603
539
-247
-773
152
-679
377
16
-161
-244
352
12
-454
-951
-725
649
113
119
427
-873
766
-530
522
922
-124
-313
117
-433
943
468
314
-52
-183
537
-321
-987
710
983
476
-822
-643
-998
-505
333
-348
-504
-358
66
-121
-855
-77
560
-652
38
104
852
-106
635
-268
708
-309
-682
83
289
164
737
22
-699
-710
956
-45
748
71
-285
508
816
472
-577
-646
476
-227
216
550
-14
281
856
-77
376
-707
-181
-772
-980
-260
594
-42
633
858
503
993
-142
54
-389
368
571
993
11
-910
982
121
626
-483
-517
567
199
711
497
242
-58
-32
249
205
397
415
-853
788
-739
-873
632
-546
912
485
-339
-785
-951
-23
185
221
759
639
-602
-291
-636
57
179
634
-918
-885
-894
833
-715
-926
-675
779
-876
-319
20
-744
-632
-758
897
212
-913
310
141
185
138
657
-341
-479
-678
-827
114
566
-198
913
536
841
502
-667
-823
107
729
365
167
299
260
-521
412
-996
-390
-333
-806
529
-440
119
852
-776
114
556
373
-31
825
-1000
-274
-854
-408
985
910
-792
-738
-214
-247
-380
982
997
811
527
-687
-555
-810
739
502
-969
470
-184
703
621
-90
-944
-715
-738
860
-672
198
-819
-417
-597
594
853
-295
348
-682
-306
-745
832
639
734
381
-307
-704
303
454
-525
927
408
-855
766
-759
-581
168
869
534
715
130
514
567
376
952
-226
-372
-55
797
-984
-206
212
-170
-958
569
125
513
233
948
824
322
-977
426
-372
-168
950
-647
263
-562
523
-198
-72
-179
364
175
957
46
-585
-231
665
894
209
-297
945
779
208
-168
-492
43
-10
753
-331
-949
186
-453
742
-43
-956
-13
-605
219
309
549
856
-417
-975
723
-721
837
90
142
730
992
794
232
9
-535
221
-800
-135
79
712
-244
-406
-936
458
69
26
-715
909
-292
-813
-877
921
-214
318
-226
-938
-714
739
-752
379
-81
-833
7
-440
201
-545
-123
-212
-379
607
-943
-940
-296
-646
-998
945
813
93
-772
532
87
60
987
745
-385
832
-500
-466
-100
-772
-620
830
-848
171
279
94
-674
489
802
-110
170
858
533
-387
-23
-726
984
-252
376
177
350
478
-760
738
663
186
918
81
911
973
-343
672
52
487
293
-780
181
80
172
-424
709
244
596
-322
-465
40
-380
-787
948
87
167
-996
479
606
835
201
-838
481
564
-698
-343
-792
466
128
-396
-807
-399
94
-813
-333
982
-477
705
-716
279
367
371
856
-789
-152
-158
766
961
-639
900
-871
781
804
-56
-448
301
65
672
-734
857
-893
89
-150
-55
155
998
10
-687
-324
-373
455
-905
-878
-187
401
196
239
-201
-963
89
-397
-497
161
441
152
375
-820
84
-136
-9
831
-779
-389
-873
220
321
-400
-878
-55
-641
151
135
257
-729
-231
-263
168
-61
693
70
504
-430
-71
725
205
-469
8
40
-327
-65
205
-111
836
-681
285
321
-844
396
-206
-324
965
-842
138
8
-714
-260
154
-973
-880
458
176
-28
131
-879
-780
-966
302
-456
-22
-238
219
464
-10
548
-507
757
-4
764
375
496
-908
-282
194
-647
567
322
-6
74
360
456
-355
79
-63
517
-174
-262
-391
-93
-646
-205
-961
-538
373
-436
-26
-397
277
-142
573
-85
887
-337
-6
-379
611
-627
-782
826
-96
437
7
-694
-780
-651
-305
-356
648
992
317
818
-59
352
-978
971
-995
134
-654
354
888
-46
516
867
-903
-962
136
382
220
932
545
324
254
-47
-276
-322
-775
-255
-788
-82
-869
-871
962
-851
2
-893
-167
-557
838
788
-612
-972
514
-374
-27
984
497
33
-94
-909
113
-460
518
-573
-969
-559
-183
57
-529
-875
893
862
-131
407
638
214
-859
337
-923
-398
-845
-56
426
591
536
-483
-13
-132
674
635
957
522
647
33
-395
668
606
-22
68
685
362
-265
-571
-704
339
-865
-732
323
-621
-851
-795
365
-470
87
-722
-746
958
751
66
-826
-430
-782
-309
-187
642
-835
67
-430
-568
-176
943
-497
399
-693
345
-966
226
-363
968
790
-641
491
350
-665
-659
933
-482
-355
-89
996
-88
-24
-492
-696
482
-374
804
-578
324
730
906
-937
64
-236
-671
-701
413
317
28
924
-193
-667
637
-896
564
-187
-143
997
-819
-728
-41
465
-185
-362
715
-638
-507
283
884
-953
-484
967
-650
370
-854
-258
516
-347
964
-897
-522
953
-901
-414
610
142
458
-453
-950
-627
-833
-949
-766
-551
-317
5
861
851
952
-98
-125
477
910
-34
-703
198
306
835
13
564
-445
-28
-60
864
162
483
-239
635
-522
-468
-324
15
24
-390
782
-672
978
-439
892
-575
143
102
-521
755
-145
914
-593
-377
970
-955
863
-59
-658
160
857
-715
-937
-245
-225
203
217
316
-853
-576
845
473
620
283
-490
549
-402
-338
847
-58
852
-244
-605
-296
-188
-983
-328
506
447
-934
216
293
299
-788
494
813
-257
832
858
-352
-629
-700
-399
-868
-814
-932
676
-866
597
-449
554
852
-691
-177
-627
595
324
144
-258
500
-704
57
-570
-694
-99
120
683
239
54
400
-837
-836
160
590
-649
71
-845
-150
-561
-73
-186
984
22
483
-730
717
738
-152
658
-145
370
-183
134
-938
-148
865
-910
-753
-798
-652
-329
302
944
403
829
403
-571
494
-668
38
396
964
197
-371
246
-793
-493
700
149
-54
-348
-213
839
-212
262
-637
301
222
-176
98
-425
480
-314
239
223
234
-984
311
958
6
-136
-698
-594
939
-602
-111
702
-813
-311
463
-213
958
-468
136
17
-176
-653
230
-946
470
953
136
-273
902
-568
-58
-630
660
515
-258
-57
-415
-461
525
379
285
-947
-999
322
-963
524
-469
-648
-920
-96
-806
565
-5
322
-94
-941
-323
290
980
525
-916
992
-73
949
854
-140
540
-14
980
154
-177
549
529
429
329
902
-600
143
578
-384
-629
-510
-684
-91
576
630
107
-961
-570
880
249
741
453
-317
614
726
755
157
-92
-11
-717
848
736
96
-872
-676
-667
-993
-8
550
570
-314
971
759
-164
183
-189
-716
902
775
-91
-555
-180
-933
-699
804
-248
127
-400
963
-549
-526
-781
-118
-43
-686
825
-676
-672
-161
289
198
55
-49
-898
83
-668
-722
-649
271
614
-433
-689
342
-399
-525
-768
-329
336
-364
-928
938
-331
783
486
-581
289
-596
709
915
847
-388
727
626
-965
-322
-939
538
977
-435
-318
11
-817
874
-792
263
-292
577
-486
-559
834
827
-24
310
-42
-529
241
-952
553
245
-77
707
918
-119
-930
-66
-404
280
198
0
182
-373
-313
-19
-282
253
851
-837
-768
682
-137
-379
-926
965
-820
475
-414
-762
393
324
607
15
133
161
185
842
-582
79
-195
-751
821
-231
601
-839
666
-376
-146
-757
-123
-536
114
-560
539
616
-27
-567
-49
333
188
-7
-448
739
729
-913
47
-622
988
483
-209
-872
-574
572
709
-215
-852
332
975
-160
139
-631
-863
65
774
489
522
-451
926
-695
581
128
57
442
59
602
-950
9
598
136
946
585
705
-194
96
-882
-821
484
196
169
-182
-406
-847
443
636
633
-432
-392
296
-120
337
634
-429
-569
-531
191
351
172
-649
224
-434
-696
560
-146
-28
-300
-230
-853
-678
-403
436
691
15
-439
725
629
-295
-586
-124
-111
-935
62
979
-640
-435
-904
763
459
-306
637
-973
537
-774
-619
426
744
140
943
-716
-745
151
74
-142
925
626
-990
345
-6
-883
954
-987
-407
-15
114
375
-434
918
181
41
322
750
-414
-350
-633
974
-123
-236
938
-787
-574
-221
-427
-251
-243
96
285
-153
-856
-908
399
251
-998
-632
-990
-987
-999
609
665
-462
964
-983
-664
-447
799
296
511
143
-773
-846
152
251
913
697
809
-151
-405
899
903
-238
496
-185
759
-968
-86
-287
258
-121
982
325
628
-106
567
-784
-559
-803
518
986
-475
737
971
583
-266
363
913
188
9
247
-615
-977
733
-985
-627
824
184
-505
862
980
892
-964
413
984
741
758
-733
194
-271
709
526
-630
77
839
344
-424
632
-481
-667
432
-313
-303
-439
776
677
394
115
314
707
-451
810
-508
579
968
-589
-227
157
-939
-820
802
13
-724
632
-1
458
-314
-281
-999
-541
300
-511
775
631
-882
64
753
-239
335
999
-63
-209
-578
-430
-969
-178
880
-277
424
-13
728
566
966
440
248
-854
826
881
369
-595
830
682
503
474
503
-753
96
66
-128
343
171
300
-62
-530
877
570
111
910
342
170
-130
-935
-510
869
256
-682
604
-1000
-511
-827
557
-244
874
-496
578
948
-813
-847
411
-990
295
-278
928
7
-96
101
-626
294
-496
-8
-273
531
-623
-988
-840
77
741
-901
-148
196
-361
-37
829
-759
-638
-885
-542
754
192
-431
-780
406
-102
718
-701
987
255
631
278
-807
624
321
-752
762
712
631
237
-239
168
939
507
517
688
-441
-602
-536
10
-97
-324
-40
-831
421
655
-143
-609
-985
217
972
-765
761
9
-487
385
11
-869
900
-284
-1000
-858
-265
479
-358
-353
-644
-735
-388
-501
141
118
814
-62
666
426
-833
-81
-970
-440
-774
708
-929
401
463
778
696
-711
988
998
644
443
728
615
145
-52
941
-309
-289
-627
351
577
92
-838
-371
874
-3
-433
-941
617
-245
938
-39
-215
-441
796
-36
974
-405
-503
679
723
-609
832
622
386
-459
-988
-474
-445
-702
-440
20
-212
-167
-71
-751
470
-603
-811
71
-128
274
-519
570
-51
665
88
277
888
374
504
-992
264
536
807
732
-514
-91
-869
939
-613
-425
-42
-353
-465
-169
-424
-515
332
-428
846
892
-375
224
-631
48
-206
-648
-550
-162
685
398
-983
380
-441
820
404
-473
109
-202
-76
559
-217
-203
-372
-333
142
604
635
-892
94
337
-511
425
775
953
-419
-145
237
24
-827
-549
656
277
-625
13
694
758
76
-782
67
-996
-411
-250
363
-691
-211
340
798
698
-538
-483
786
-963
-897
-832
799
434
-165
443
-285
766
-99
-65
-522
-96
-161
329
247
-238
-974
962
453
395
-896
53
-5
-651
861
152
579
407
-996
-759
-133
110
-114
-842
-380
109
-59
-327
-521
93
486
542
-894
-414
349
-189
144
829
-278
107
-953
7
666
-418
379
-431
-943
113
-384
197
178
-163
-900
-408
161
-545
-805
-370
527
955
-372
-534
517
-850
265
-239
-435
143
-12
842
793
-688
12
-892
-202
-169
-129
164
779
-301
-935
505
-84
862
-837
622
988
-66
55
-469
-353
807
-168
-856
525
497
-482
624
-862
-879
-586
925
930
-522
-87
54
506
-381
-277
386
-846
-252
-205
23
414
-834
-213
-92
-236
280
861
839
631
720
-867
-196
994
-261
102
-958
689
-35
-292
-533
105
785
-95
-943
-360
149
-141
-48
-569
-778
818
-189
108
563
415
-690
-197
704
784
981
-867
794
561
552
569
642
-12
109
-818
-313
953
248
-317
244
-807
984
773
-76
-341
593
640
941
569
145
-503
-528
-563
17
88
907
-139
-181
819
41
359
355
356
-344
781
-749
61
-252
-367
-874
434
68
180
-463
-475
-63
-441
745
-240
943
-83
245
-6
105
-408
-31
412
893
-192
-517
253
-607
722
910
-214
-991
533
-423
913
7
-824
-996
156
437
311
-306
396
609
972
-675
-101
94
849
-909
-733
339
420
-831
-131
618
100
939
433
199
456
479
444
850
-481
19
-288
-332
2
-885
597
-102
-523
-700
461
185
-756
512
533
990
-166
-642
-872
-48
997
117
-562
661
-298
-467
-255
-211
-52
-726
528
-897
-65
-474
876
-257
642
713
-17
-296
3
807
-483
-789
236
807
-957
644
971
-148
44
-218
783
370
387
-269
-775
-746
402
169
-158
-558
89
-324
-981
180
970
876
-2
-103
-304
-109
900
-437
32
-691
529
-555
184
-860
761
-593
197
424
-314
107
-400
375
273
-950
-168
-930
-803
-789
315
-788
212
-703
-835
-257
793
256
59
830
-355
-92
10
34
653
-913
393
-606
424
-707
-971
-151
-578
884
362
-122
627
-387
599
-96
-301
90
426
68
336
-717
875
333
-889
-287
-75
286
-607
-538
-690
-577
-395
-489
616
641
315
264
416
224
91
562
-284
-60
-685
-477
-606
660
-873
-238
-805
888
-717
-243
-218
632
-644
-351
-495
999
-507
629
-990
-650
734
52
-853
198
-938
-715
-500
-498
513
248
-477
-796
116
560
-370
-772
157
-201
897
475
-528
-93
-829
-154
476
115
275
252
-99
181
-152
924
-854
808
517
-571
446
-744
-165
-344
-92
363
-39
-500
-453
-217
623
734
-391
366
-336
786
428
-296
950
186
-37
-677
367
-510
-756
-535
549
214
-689
823
-197
-15
-169
-411
691
739
856
-114
268
-595
-853
910
25
940
671
-613
733
-192
-534
49
786
24
414
990
922
-548
-378
-9
172
839
-641
581
640
-929
-732
848
422
-671
193
614
863
-706
489
-377
-449
-692
275
-592
795
26
319
-333
-467
-379
327
783
630
-176
688
-15
-141
899
752
-537
-760
866
633
-595
456
-936
483
358
471
-543
-328
-520
791
-463
-439
-476
-162
900
-2
448
409
83
-997
-557
-295
-416
-818
-259
492
878
68
224
935
-81
-565
175
-513
955
482
-958
983
-870
-179
-253
-173
943
-731
152
-261
-254
300
-211
-821
680
30
-51
-665
576
-493
765
-4
828
-911
789
-686
570
526
-756
-323
-673
-525
95
259
127
492
-515
536
491
683
66
692
631
365
-738
-618
86
980
770
-605
-347
820
-170
-281
770
537
713
-581
471
-795
678
839
-586
360
-800
-977
-638
-808
-438
937
599
208
-778
-433
152
708
151
320
-253
530
-12
-591
-301
100
-468
800
-814
114
-95
473
841
-11
-749
-543
-235
742
-822
640
584
-779
206
444
-151
-266
54
464
-792
-283
-788
571
818
954
-726
-715
-546
-616
-717
-244
-318
-513
-928
-867
-11
-415
-427
-209
193
-302
-17
-903
644
-952
-691
-61
-780
-894
-936
361
732
565
593
-564
-184
529
-107
19
-839
-909
575
-192
-971
-668
-518
-419
-658
-930
-863
-764
-83
-978
838
-482
731
580
-901
-429
284
-552
-432
32
472
-952
-967
967
551
-228
-821
640
-631
346
-972
589
-273
-316
340
364
153
-81
11
837
221
-193
769
-989
736
271
972
-384
-587
572
-207
-424
-512
-623
-662
288
773
-659
432
-881
145
-848
-347
-262
-636
-475
529
542
474
537
-856
278
5
778
228
381
-711
890
339
-243
163
435
-209
630
999
-44
198
-214
-204
506
-249
-827
-794
618
552
154
24
-214
918
248
-252
-785
969
-917
425
-847
643
-401
-376
475
-362
-912
859
559
639
-804
129
54
-893
538
490
-507
-396
84
460
923
-64
-288
848
-761
-506
-291
-84
310
-907
664
558
74
227
-99
657
-282
-889
-421
591
437
-844
-960
228
219
787
900
-806
-300
-212
-46
646
744
768
-511
159
160
949
-831
-810
-446
-657
-496
502
-377
-280
588
-694
878
-468
979
-891
970
915
982
674
886
-677
924
-8
25
-638
-269
617
-988
493
433
-776
169
-200
-616
-491
213
475
-216
567
-290
149
799
469
-392
-377
251
-864
752
-177
-288
448
972
-561
405
89
-822
-22
-631
841
-108
379
547
881
-859
898
71
-610
-58
-452
-860
-108
769
-994
106
-314
-281
-451
-631
580
-707
-115
-204
113
176
-173
405
15
-599
-407
74
714
-260
-49
-771
606
-886
888
353
-731
455
-216
-136
97
454
71
561
274
-96
274
351
-251
19
943
133
-310
103
-597
286
944
-532
-189
553
-17
-481
-373
-831
-255
443
-243
442
350
492
-447
183
-574
256
373
969
-515
-698
-534
82
-472
-264
956
440
-1
852
427
-955
-353
-203
-982
522
684
-686
212
948
-209
604
166
855
-388
-501
-740
-906
860
-942
-388
-923
683
654
441
838
-273
-946
133
-881
595
-628
-745
749
448
138
452
-830
-457
-760
-819
601
-131
-174
389
-198
659
453
-402
809
129
626
-337
121
-289
-757
-349
-2
400
331
432
-368
827
930
787
508
471
430
-651
516
770
453
-68
-122
-386
319
577
-710
-679
608
873
-780
647
723
546
346
814
962
-420
-288
-898
-479
801
15
779
-485
770
68
-360
-715
-512
-972
-798
-738
-988
-531
214
-616
-325
-136
-784
320
-302
571
-15
872
233
-661
395
-313
39
-962
-899
950
475
-866
742
187
-662
-758
-377
722
-343
-810
74
983
72
-125
-807
833
25
-870
-644
-696
877
-207
-269
583
346
528
556
957
74
-195
721
-707
738
-493
-831
597
-67
-911
361
-197
325
383
319
-509
-194
-644
59
398
271
83
194
-67
301
459
673
-973
726
-451
-814
-920
-569
-111
-130
825
-325
-799
559
-851
-544
559
817
-541
-937
546
373
-665
-104
-244
-656
-429
528
983
406
434
-488
-659
879
592
275
775
-396
77
-189
-387
169
-816
-615
-404
-986
-360
-777
310
-557
-946
52
-380
-609
-570
-341
358
-547
-203
-16
-598
236
60
-143
587
754
610
660
-287
-444
512
643
758
612
-907
896
-823
-408
-294
-154
-245
-781
368
223
823
-558
965
-356
-161
-987
-570
52
33
407
398
907
152
524
237
-194
-433
-457
-540
-327
208
725
604
-459
-709
-423
-602
-959
-254
-427
845
76
193
-415
408
-675
731
-724
123
303
-961
-644
-515
-4
-38
-125
-955
852
614
976
-339
218
-609
303
-103
-325
534
-561
513
540
-801
301
-87
-752
-987
-14
737
-941
-722
-330
-151
197
-663
-673
45
838
-493
250
-290
538
552
-348
-192
-774
711
-298
704
807
-897
619
510
-661
-59
832
-616
750
24
-217
-585
-222
-677
-841
178
651
529
195
-400
-370
-712
245
-420
245
-789
951
369
109
587
-450
292
-820
-823
-956
721
-894
682
544
350
-37
-996
308
-244
941
424
51
-741
-139
-563
-195
125
-600
636
488
-125
441
-829
221
-749
278
913
-68
907
415
-136
732
-496
-540
16
323
383
186
23
287
-252
586
103
-385
-839
-907
208
160
22
-744
-971
552
-825
-440
-685
665
-53
-437
-310
770
936
-157
-880
-40
28
823
-965
-836
879
703
-547
489
628
-964
573
-563
-962
-559
-625
466
15
-942
-459
-761
428
296
670
175
-724
511
221
-314
-465
252
-602
-116
428
189
-559
127
-814
111
-688
-311
-272
950
-995
947
-160
-995
29
500
61
-70
33
-981
358
781
107
133
-261
-667
989
923
868
-209
156
875
113
-932
-396
-415
-660
-899
678
-655
-229
574
269
676
-927
-20
238
-211
292
-156
-228
535
41
-934
-853
221
635
498
925
-123
-789
815
809
-662
562
582
969
868
-655
-898
-542
646
809
950
399
-908
519
66
454
-785
-777
-252
-340
799
-119
851
996
-916
849
-261
82
-488
264
-400
-882
812
865
960
-668
398
-458
245
-807
892
-96
579
-536
119
244
-460
-6
783
-725
413
-333
-425
-5
-787
89
-411
-767
-830
848
856
-96
-649
737
-90
-254
430
-119
785
925
-330
-963
-970
-575
-535
-356
-238
974
-299
-436
64
35
533
-362
-205
401
875
206
285
-530
940
-5
202
101
-984
-987
-276
-598
980
524
307
667
-842
772
-391
-174
236
-946
-713
-888
874
163
792
836
478
9
-760
-560
-814
-56
408
316
61
790
145
-788
102
62
-878
-548
-490
-560
183
-988
-88
290
-120
-265
192
787
460
5
-810
720
248
129
-690
-576
-7
-340
-716
-790
-807
-48
937
774
992
729
709
465
219
717
680
698
210
-755
-31
569
-216
979
777
511
-428
-21
221
-471
343
767
151
-210
-119
-790
-728
488
981
542
-220
-881
349
640
153
337
-613
-655
-259
-386
-730
328
884
-145
621
-821
331
358
-13
-451
-956
545
-761
-751
462
-936
398
-708
976
550
-784
-503
-687
837
252
-282
-361
-270
-968
-773
-117
767
-983
267
-379
951
715
914
-790
892
-275
-945
558
636
317
-292
-617
290
363
-984
608
-135
-131
-827
-42
924
-225
-403
211
776
772
-528
-204
707
77
376
665
-747
597
109
-407
68
855
-411
-112
-641
-660
-845
918
-800
901
880
892
932
-575
-249
-938
-777
715
602
-416
-504
-828
291
-130
476
616
388
-428
494
-240
160
-802
52
-909
578
221
-675
841
-661
191
-170
-914
-326
153
-516
-897
547
-924
187
-187
898
386
645
-773
-296
-213
959
941
-124
-792
741
-241
462
603
894
-553
-740
-343
-662
344
455
597
-601
332
936
-309
387
-3
-324
501
636
864
199
-739
243
270
-172
752
-193
464
-421
267
590
-873
-21
853
-281
-378
-378
-375
-6
172
-756
974
504
146
-224
-827
-769
-259
983
942
-290
-272
-706
326
535
113
-245
-655
242
-810
332
337
-626
972
620
-863
-46
-684
884
-288
530
-790
-722
717
221
147
436
-149
-925
803
-329
577
-236
-775
236
561
-892
-745
-928
482
-566
17
-915
-275
968
401
-587
-207
-764
-123
-310
-285
485
6
816
-139
170
885
442
145
196
196
17
99
-541
-833
-253
-463
-962
501
-264
-105
-404
-665
-544
659
-608
-309
265
-358
-990
-483
-164
805
-569
-45
-906
412
546
-628
-380
108
980
676
-440
8
143
982
-215
618
713
175
-585
-652
412
907
-389
-520
-822
94
396
752
574
-783
-770
-438
349
-650
645
500
763
474
872
-336
-647
791
-751
20
76
883
-224
-207
-726
40
-945
205
-306
-895
-255
-849
-357
-371
947
-345
-132
435
516
-633
-823
99
753
-782
55
805
57
-848
295
880
895
651
-290
-136
366
329
-380
-11
167
-730
453
493
405
-660
-410
813
498
-126
-574
681
578
-769
-94
957
717
-662
-358
-257
571
-480
112
-316
-601
-256
-360
-693
374
470
-149
618
-495
18
902
403
77
-460
-801
-686
-420
551
-590
886
636
359
649
-215
830
-832
-326
734
561
469
-822
-266
-179
585
79
-593
667
253
276
-374
-303
359
-315
-137
-276
-133
-358
-177
-602
504
401
-994
-761
18
452
667
455
184
-151
533
369
482
584
60
276
248
-649
-199
-989
897
-671
106
572
-345
-74
110
582
307
-932
281
131
-325
-125
117
-283
-971
134
-650
-403
-202
-4
-680
-802
923
670
375
-208
947
36
-165
-639
-457
-359
-50
662
39
-787
-437
335
595
776
852
-200
834
763
976
187
675
675
959
499
253
919
-644
828
853
-751
590
-938
556
-230
810
-216
98
-163
905
-942
411
-659
-670
650
60
114
-653
-472
675
-401
-447
-451
528
-337
266
30
67
846
-221
911
-573
-76
851
378
136
524
443
350
-218
963
288
260
-809
347
823
-899
-12
-193
-229
-856
-720
-671
910
-800
881
-497
586
-719
-277
-91
-381
-213
-630
-357
-965
703
-69
-865
-815
358
728
-530
103
-31
-481
411
254
-21
895
706
848
-5
158
-170
42
-426
-391
742
-60
-287
840
463
-946
-300
397
-949
-999
41
-823
71
304
468
-612
578
-831
-243
391
289
651
-280
895
975
117
342
65
34
953
-428
-356
-711
540
-431
-865
145
58
-114
992
-985
-414
-931
870
263
-196
-884
644
-973
547
203
-109
800
291
408
-645
458
-81
76
797
-248
-353
-593
63
-438
-571
726
389
-289
-933
-403
488
419
490
175
102
-747
121
546
-729
566
432
448
-473
-819
-648
-817
-380
-744
466
610
-42
413
272
569
-459
127
-140
-76
-868
-276
-509
-299
-23
-925
-763
-478
413
451
-821
634
-394
-706
238
-385
-154
-436
400
-863
912
-292
209
-612
-545
662
-335
391
483
-37
-884
-34
585
974
-793
90
933
732
-250
59
-161
534
-537
231
-937
911
-802
653
566
-271
734
578
-93
-822
721
29
-322
-60
-364
670
-596
-77
130
-584
496
-617
828
-320
-270
481
-238
-451
-689
898
208
767
-275
-402
167
-419
-375
-16
454
-553
751
-217
-202
-423
229
-482
831
768
-11
362
-454
-441
341
-404
468
-613
-140
-906
892
-691
-285
74
-502
181
605
-850
283
324
53
668
-195
-270
-869
-746
-93
-747
218
678
325
899
-431
-524
760
207
539
-479
837
-897
878
463
-199
558
-131
-621
537
894
-6
211
479
245
108
-214
-11
-24
888
299
621
-155
-657
706
-374
234
-892
645
-721
-989
920
-103
-590
-576
-12
-735
477
-875
818
578
-63
572
-7
-702
454
-843
643
206
804
637
-484
730
-665
252
777
-204
-413
840
-445
-814
-700
440
-913
249
96
-45
827
-865
-981
230
935
904
-746
-828
-739
-563
-698
-505
-18
748
444
-971
203
-152
-378
-865
12
0
-46
339
625
221
602
145
-797
789
-127
490
534
-338
-104
804
-914
-372
413
-406
650
970
784
-736
-927
727
-925
421
744
-152
-370
193
797
748
-163
493
-269
-499
-394
-654
682
945
-726
-406
-694
944
-936
595
-788
-848
-328
-446
-475
189
-325
-204
400
500
92
31
-745
878
355
423
574
506
566
-772
-308
35
508
369
-122
-271
-400
55
-566
971
-626
-136
-219
-230
-163
-96
497
840
153
-74
-721
999
-724
-952
-548
655
664
-108
-877
-737
67
467
-592
-555
-720
671
-660
8
806
214
218
-846
-801
-489
780
-692
543
985
499
-399
799
986
-31
-156
-603
-459
140
-34
546
-563
-590
-849
919
-842
148
-746
933
851
-528
-660
944
41
959
90
175
387
407
-38
-750
-113
-562
-69
-704
677
540
-241
365
104
-85
847
404
-11
222
-354
983
-344
203
-294
704
-161
-954
-241
-190
-314
652
-523
-559
-144
-119
730
-629
-121
22
379
545
235
530
491
-826
54
668
646
931
-879
666
447
773
815
-838
294
-796
903
130
597
608
767
-123
857
-630
-685
-635
-162
-180
-667
816
900
-218
239
313
-963
-954
-716
-989
408
-621
-780
-836
344
-714
-34
196
-771
-394
608
216
-444
-177
-566
-849
970
-338
-112
961
-740
395
-258
-961
-710
-766
-986
-269
201
368
84
-795
-968
-648
179
-650
459
-721
-743
669
-909
810
-19
-292
-18
529
-423
-50
-534
224
618
-609
981
698
180
24
801
123
-221
-43
275
-472
748
597
-726
-299
66
366
-276
291
52
58
476
-77
-877
722
872
-100
162
-395
-401
309
-330
-716
656
-161
637
-290
-371
914
-421
-429
-353
-205
79
-377
-589
350
-636
-538
-559
646
-893
190
-643
-682
246
-867
134
387
487
40
428
544
-937
-316
-640
253
955
-571
307
-610
17
801
880
547
384
-624
-203
-295
493
643
-884
-676
330
-850
201
295
633
291
-596
-70
-450
395
-330
-73
-862
-844
136
665
-540
98
598
961
474
451
75
-258
437
916
-666
-200
194
329
-366
-247
-35
-851
-844
-679
-560
678
-115
-283
521
-637
-896
187
-390
822
781
101
858
-488
-517
-609
-631
877
-652
-457
-608
613
586
-608
839
236
-889
162
192
767
531
-63
768
-757
95
505
862
-588
750
-653
-940
350
-365
583
51
700
-60
238
-925
947
-706
-222
551
-871
451
676
-577
-144
-977
-247
-569
809
152
883
573
678
-668
952
-816
-687
548
177
659
114
797
161
513
-31
935
-832
411
920
815
-141
669
180
-857
-999
670
984
78
20
486
-882
266
-222
442
363
-464
-296
467
318
326
-502
-964
-539
-831
745
234
827
792
521
-970
386
-727
286
998
-359
361
-493
874
442
-345
-362
97
-877
362
-749
620
-850
41
-404
-214
176
-839
146
915
-6
689
866
-368
-625
-231
991
311
-717
241
503
-843
-20
-818
-779
-156
473
991
-189
-148
987
142
-902
598
979
-239
200
507
-502
320
12
-533
615
-78
-64
105
497
-208
-812
627
337
891
451
400
-622
-615
-380
-158
-648
282
-113
636
-214
-535
-758
-563
-722
414
-800
873
-160
-640
-131
-840
846
-809
392
-408
355
-144
-964
-882
-242
842
-235
874
-66
494
292
-456
140
827
-97
-509
-411
191
488
228
-157
577
-840
360
-201
-197
504
-513
-763
486
28
897
-661
461
-596
-53
-881
-988
913
-905
565
-223
472
-998
-950
-200
453
-330
320
788
-632
-176
-202
-751
309
-516
338
807
290
244
-786
-399
-718
-25
477
-36
504
958
904
-197
795
731
522
679
389
810
-156
755
-153
-87
-883
-355
-627
-940
-262
129
-471
-871
-106
-664
-529
-534
830
-931
-4
-560
-276
192
292
221
-883
-236
-777
874
-287
-269
-929
975
-145
-991
-824
-607
242
797
44
133
68
340
-38
-189
-570
800
178
437
-727
142
-32
623
300
-147
-477
-439
-190
770
809
-728
-705
-807
553
-837
-209
-538
428
-112
659
-935
88
342
-55
-1
-837
222
-746
917
577
-997
-861
-88
609
-88
-270
744
106
104
-645
-213
86
-471
359
-179
-280
-878
-248
-11
407
-501
979
-157
-697
-660
-421
-138
816
-178
-437
-918
269
541
992
78
516
943
689
-12
-963
-722
-756
-495
-560
433
-754
660
191
489
686
227
158
-281
678
-639
-69
411
559
60
-531
-569
745
851
-163
305
996
613
-437
360
-851
357
-241
-898
-200
393
-771
-396
7
-927
-972
643
164
628
-861
-906
-735
-762
-584
885
249
87
-585
-499
-366
757
-493
-933
242
609
556
839
-613
-305
293
-275
-171
-857
-592
454
438
-312
-759
309
784
-740
-852
958
999
-489
707
241
-163
697
-816
-428
-692
-237
-268
-226
-512
134
697
32
991
-169
-174
830
709
526
877
-69
-144
286
-174
-573
997
175
156
-255
525
423
-512
-79
351
-937
-754
0
-469
465
659
-129
-512
-728
24
-745
-789
703
203
982
-866
-572
809
-889
-392
6
196
432
-490
112
-218
-379
-426
-950
-685
842
451
421
-220
-555
-558
-716
805
34
-792
-998
956
-624
246
462
-940
504
994
859
742
798
-429
628
-109
-319
-824
293
-959
508
694
-732
-449
271
637
38
134
999
661
-66
30
105
202
193
810
-129
-607
-411
193
-887
262
392
202
101
-28
-900
931
985
688
80
414
668
882
-742
169
-556
-160
384
-936
651
761
-939
-991
-197
539
-31
724
-456
-318
890
-651
381
558
222
375
14
367
-973
-201
-932
-128
-619
-846
920
-115
-226
-668
911
194
21
414
627
-383
333
-749
-918
655
-275
15
415
-52
672
-395
-105
174
-941
-573
798
889
940
-876
-288
-963
-614
914
339
523
-169
789
-447
-651
409
-531
372
-462
-840
776
810
-86
-549
720
-136
-380
-85
-780
-229
-918
-823
-719
-103
-171
699
-771
-650
267
-783
-591
-269
-671
86
-768
992
398
-974
856
-894
-305
828
-125
-896
640
525
-214
-649
-451
400
-681
-306
-250
-587
518
468
-40
-619
-856
421
526
-721
-509
571
147
945
-775
720
162
-669
66
722
556
189
-407
-624
-907
824
49
577
956
-478
-430
308
885
-677
-908
-831
-347
-932
774
750
-103
40
-228
-514
-188
-229
-493
965
-221
815
65
502
-434
-771
286
-307
-211
-640
745
552
68
-635
873
-160
285
-129
337
549
-192
359
542
104
-606
576
-288
-846
920
696
-542
177
854
603
792
292
-584
690
-155
-149
-405
872
678
721
-775
-835
-657
486
832
-12
319
-827
-306
-345
178
772
-100
-630
979
-918
-749
13
828
-341
959
667
-468
430
-674
-929
467
351
581
662
701
865
272
863
712
267
-972
367
724
-957
-701
882
279
265
330
-421
906
-134
-774
45
195
917
-846
354
-417
377
-491
632
-436
-211
-659
-388
-336
-598
-772
-674
-214
995
-277
420
-573
-523
593
-69
80
393
225
679
-601
166
-799
364
236
-413
994
533
-201
-966
49
674
35
616
-679
511
-907
369
-862
-562
791
-639
-502
-585
-448
-787
-98
-362
-14
-488
966
-142
-48
-734
-389
-274
-742
-390
373
-359
70
-940
261
-672
-611
-203
-981
-734
399
555
437
-732
548
-102
-571
-405
336
33
-466
-969
-735
-597
715
-432
568
818
252
760
-830
909
-211
751
-910
874
709
-538
-355
-761
-216
715
338
954
425
-845
-764
-111
960
662
693
-796
980
867
256
710
-715
-716
211
-758
408
-979
-856
273
-304
558
-402
-158
869
504
-391
531
900
620
-638
-668
-909
767
220
27
351
938
613
-103
-844
-915
-363
668
-216
19
-954
830
-588
449
63
-150
-96
-39
-689
78
-550
-213
35
-420
963
266
804
155
-74
-516
-768
203
102
715
-637
918
83
-854
897
-255
536
689
-157
690
-892
-103
188
139
-973
-29
39
964
-920
290
-113
135
681
761
-102
693
23
47
851
-954
-567
655
339
-434
436
-548
-357
106
25
402
16
266
43
-761
-269
-807
-149
289
140
-297
690
-575
658
-905
538
-51
810
964
-951
-357
458
-593
443
-712
153
-892
-292
-919
-363
859
-129
377
95
234
-787
546
759
663
-195
263
-960
-486
748
461
-576
-351
122
-391
-265
-978
689
36
665
-981
-558
876
233
926
-227
-828
-925
-281
-931
-100
262
-842
-705
491
-451
521
-867
856
-439
355
-277
984
-387
313
-148
562
949
-618
242
303
-909
382
-864
-803
199
431
-930
866
555
291
-919
605
-328
-734
-332
-648
489
517
383
-518
-38
-731
-622
361
-84
34
6
-404
344
783
112
366
-899
-405
-837
-785
-248
955
641
437
671
690
661
689
-646
946
-368
540
-34
540
199
-865
-569
84
-571
-479
-958
-96
154
-885
-444
751
-433
-488
-469
-522
549
-728
799
5
682
-796
611
969
359
-85
734
-934
360
11
993
-987
-984
860
597
628
329
-138
-814
-360
-579
-798
-66
73
741
-82
656
-252
499
442
-720
899
605
512
381
-709
-303
785
90
943
95
-727
150
193
120
-188
-170
233
-831
363
-767
318
100
-185
744
897
-861
470
-831
665
-407
538
639
-296
655
94
959
445
616
149
-320
851
906
-789
-368
-617
9
-755
336
-425
66
164
323
117
433
572
-776
394
-785
-413
-495
-504
-453
108
-656
264
-252
675
-147
-782
-880
-196
-842
-645
-356
-28
436
-951
17
441
213
-607
-337
-635
-148
785
-535
-859
161
-774
572
-23
886
-251
-979
-700
999
183
-546
-526
237
111
-339
-695
-801
-932
-262
393
645
-325
-414
-963
11
-803
-404
-365
-513
760
240
872
-921
36
751
652
-591
166
-237
149
-199
-55
212
672
-880
-792
-509
-366
815
-72
-105
-884
393
706
209
477
-875
142
-994
801
-384
539
-118
311
846
-308
-53
-911
-247
348
801
-155
456
-414
23
-176
413
-209
-954
-679
-293
676
-233
-509
145
801
915
-147
296
-935
-455
-972
517
-463
-326
-968
-5
-330
-859
779
-432
-770
970
934
-182
854
797
-522
-634
603
-646
19
661
-619
991
49
148
-51
170
992
-714
-832
79
-210
-752
827
-682
525
-944
-282
384
-962
-997
-67
68
60
-446
217
362
-554
-688
654
770
-892
-429
-787
482
523
484
314
-309
-773
-395
-728
358
-155
918
-384
481
-22
963
608
144
799
-946
-656
1
93
-524
527
928
629
-321
796
-668
-592
792
578
164
852
-778
-725
-502
-702
535
-875
738
124
730
-991
638
-395
-889
40
586
-287
-148
-968
-970
555
741
13
-874
-507
-538
219
-750
858
-104
598
-102
912
958
980
746
457
82
-597
614
440
993
-843
-254
848
-160
226
-575
-56
26
-180
120
747
983
-427
-467
-595
346
268
-31
951
455
495
-216
291
-913
-965
49
-813
873
702
342
60
-273
-899
-334
16
-718
-190
777
457
699
990
857
-255
-544
332
-565
-338
-738
741
-746
-389
345
-624
480
-158
-2
977
162
-762
272
290
103
-500
-345
480
304
457
-782
988
119
102
-140
82
-50
753
-494
806
-572
686
488
-390
3
-6
-621
-788
441
-480
-530
620
-320
-380
44
-516
124
-276
318
752
513
-209
-590
-444
-113
613
425
749
939
-738
-701
311
-405
-144
9
-194
989
680
215
697
916
113
164
-304
-64
514
335
-850
202
321
-24
273
-71
-427
-216
-546
243
-774
-626
-334
372
510
102
116
-924
-984
-584
-666
728
488
-101
410
-233
441
-556
544
-41
-509
159
653
-348
734
-1000
200
172
960
487
-593
602
-89
-938
790
364
-781
944
-465
-925
-646
-873
421
-488
687
434
-670
-842
-35
-895
817
-313
701
895
-722
782
471
-365
-471
974
916
963
777
85
706
-171
-499
217
626
131
-114
446
-421
907
368
336
657
464
423
51
-304
848
742
437
258
-61
-669
-147
720
189
727
258
309
-368
689
618
-818
321
-614
-642
622
69
-493
-234
-754
71
-454
342
-478
105
-420
-220
518
725
-524
-859
-937
319
898
-76
-466
-759
390
94
663
-606
827
-211
368
-900
-974
46
13
8
-429
945
792
625
392
-723
-763
-63
325
-419
388
-444
831
427
416
567
45
471
-172
-660
252
597
-963
-851
924
-608
-837
683
360
-481
225
210
-909
-926
475
-262
-339
-248
-689
685
710
-559
-691
912
-23
-341
352
800
793
-869
-346
-102
858
-646
-84
214
-74
570
963
625
-944
723
-385
38
-939
-898
-547
217
-82
-643
-684
-480
210
-971
-699
-227
-359
-903
301
460
299
-492
121
390
198
322
-72
-912
-513
748
-148
-845
815
495
170
-536
271
-648
-606
192
-529
-146
-968
941
687
763
256
641
-975
-152
473
161
629
-779
400
757
756
722
629
895
-855
-820
986
-731
25
551
328
-547
-925
324
-596
-28
931
464
-193
-310
-64
378
211
430
-107
-466
505
-702
813
850
-913
-5
-489
348
598
471
-407
-546
674
186
-463
-305
-37
-489
-345
231
-607
952
590
-345
-932
827
-455
-973
785
825
-38
-387
480
-237
646
527
-166
-293
-684
405
-639
700
-252
245
-649
-601
-980
843
664
364
-466
165
612
-911
-635
71
996
898
46
-868
814
-347
-444
-389
740
616
-269
242
390
794
510
-655
-568
626
732
117
366
896
-627
79
883
847
-533
112
-71
-861
780
-268
-949
740
-461
121
911
535
-58
-646
-521
-922
970
860
-442
507
26
-124
671
814
487
546
729
-840
-151
-177
-208
-76
708
-209
-587
401
-890
-334
-395
326
332
605
567
-317
-252
-481
-866
607
-482
35
-562
883
-324
626
-292
595
472
-175
366
164
516
510
-462
575
-420
-621
571
288
-488
757
133
635
-371
-244
-518
492
820
430
-147
473
-622
826
-397
-106
278
974
241
-139
-894
246
-303
136
961
962
-386
-492
246
130
-801
228
309
-624
-191
759
475
-534
140
-825
631
-485
567
-57
44
742
312
88
-81
-642
-988
-312
11
164
-172
743
-124
205
-248
-425
568
767
309
-976
-383
-359
59
-786
632
-995
146
-408
259
-870
226
317
-161
-982
241
188
-551
-188
-986
-144
518
287
-803
390
-782
-827
-956
-3
853
223
946
-375
242
690
471
116
-55
-842
735
-174
316
575
144
47
127
-150
914
775
712
214
830
609
278
-804
-113
-887
-34
668
-410
361
273
-651
25
403
-263
-703
-389
-659
-238
-69
119
-614
-491
-226
870
881
336
-133
816
684
-927
998
623
607
-575
142
622
771
462
-441
-335
-866
896
134
191
-47
-195
-856
-7
606
-345
559
766
723
-253
-982
55
-200
-378
608
558
896
-984
521
-100
-993
250
137
735
-583
211
74
826
419
438
-923
326
648
495
-452
-841
234
205
247
569
83
-134
153
-103
326
-652
-754
672
679
992
67
-294
-156
-267
-254
-955
607
403
137
69
41
-553
-170
-140
60
-138
273
-633
84
150
870
-757
-612
732
285
878
-719
-864
-40
459
-427
990
680
-131
306
-539
-371
-876
-392
706
-840
390
709
39
-706
188
80
-284
715
-723
-366
647
-64
265
738
384
-4
491
-980
-147
-798
-191
685
-539
588
328
-915
288
-340
-879
889
307
411
992
-660
-822
624
483
-327
-99
-578
255
216
725
570
-315
-166
296
-856
-444
-405
415
913
441
420
-199
83
-831
-919
-679
-827
319
389
651
245
-344
960
-252
-895
267
-325
774
814
-881
184
674
920
837
600
-776
102
-483
-894
810
441
692
-19
64
-639
250
-757
-236
-468
-94
258
765
268
-766
439
873
820
-454
57
915
223
466
824
980
716
-324
-96
-763
-470
-775
-506
-237
-756
552
-803
-597
-182
-792
885
37
884
-930
593
-66
-701
-878
-492
-211
-643
772
-888
-601
852
-436
122
-691
-739
-449
-635
19
520
-19
649
-436
769
-329
360
705
289
-17
-627
688
545
472
-455
-799
381
268
-53
-204
385
235
-421
-234
227
-143
-124
339
-276
-95
556
-43
-716
781
-623
954
-663
-760
-335
-781
60
-286
-426
-247
-440
-366
-292
-613
79
-125
-991
-126
-461
-459
216
85
-498
-236
425
-952
-641
982
696
559
210
525
321
-367
-134
972
797
696
-723
-57
452
-316
540
-397
287
-177
-370
-724
-872
-325
72
-795
193
-232
-789
90
253
610
-807
594
-145
246
-779
-992
93
-107
-233
-391
112
98
-455
400
-933
949
738
684
614
-750
28
683
-602
-413
643
-960
-822
130
332
7
388
579
-481
-870
658
-66
-253
-52
425
698
149
994
-979
-891
-187
-542
-401
736
-307
995
852
247
622
52
-323
-993
-792
-152
-824
407
-314
255
611
33
868
961
-504
-470
639
-157
-295
-411
-681
-693
329
822
-157
240
613
217
-239
-149
-659
-397
584
346
947
-207
-228
723
-881
-835
653
-746
-708
-177
-867
-485
-589
-17
-244
-422
2
-728
-878
121
-584
-88
280
-736
-672
901
867
312
-985
-966
-706
-254
-533
750
50
-699
-909
101
-27
-145
-379
368
285
636
-568
832
559
-732
822
392
745
959
317
944
296
852
-797
-330
598
-241
692
895
-45
960
-470
603
239
-144
135
-634
818
-529
753
-950
-632
-999
-534
370
844
679
-805
394
304
145
-643
-318
534
-255
644
801
63
675
617
726
-339
-408
146
570
-250
122
-896
-847
-760
-454
772
416
851
485
702
600
712
-651
596
448
844
-365
-916
-639
232
-645
-634
-406
-911
-664
409
-396
-145
446
905
496
-596
-410
-207
-483
-54
-764
210
934
417
292
856
-489
-139
-765
661
-465
464
954
-3
913
337
325
478
-538
240
130
665
269
-164
-59
-351
354
179
184
-289
924
-898
-48
-32
687
-217
203
-356
-558
-936
709
819
700
-783
-647
-123
24
916
869
222
-905
881
-218
621
356
553
578
-80
466
834
-283
894
-254
102
-349
272
-863
-824
765
269
766
244
-114
-832
-471
482
-219
-632
-329
-953
109
-100
274
999
-329
-535
-130
-693
-599
681
-538
-630
-176
-463
-924
-216
689
-88
-769
-456
366
191
-225
-193
36
-958
332
407
-576
457
100
44
-94
987
812
615
-295
304
942
980
-898
-544
-224
-622
221
845
357
-858
126
155
-643
-740
-862
392
952
-724
889
939
535
181
-640
749
-797
584
743
78
359
-124
-767
598
-760
-871
-651
698
646
-133
-447
934
106
-107
894
-819
351
663
-850
-326
733
-818
34
-687
-864
-577
776
152
-953
463
-958
-148
201
626
-846
-511
-334
-994
-415
-439
-534
91
-497
-48
-313
9
-940
258
921
750
-811
169
243
139
-366
967
-502
-406
-291
893
933
598
-875
678
708
550
480
179
990
-617
999
-381
-638
341
443
958
-177
-538
-283
430
847
52
-389
-117
702
-123
-193
-638
424
-423
-815
-639
352
-801
725
721
-738
-749
-609
-208
-160
776
891
-21
641
190
-487
612
-74
-480
501
246
-939
-99
597
674
625
289
971
180
288
-848
106
567
253
-994
-858
930
73
910
388
654
-371
-459
-16
932
106
-583
-338
440
753
843
-504
700
-497
-354
470
-14
-656
-268
987
451
-555
-636
716
-619
432
697
-117
-437
699
170
994
911
360
353
-564
885
851
-789
45
-916
340
779
-639
-74
97
603
-574
129
-32
-432
547
-15
-662
184
-599
-100
171
-413
-742
-734
-122
843
-499
231
550
338
305
527
-337
167
570
789
690
868
-43
39
-385
-506
269
-815
-395
-38
-170
-92
-459
129
-281
83
549
-81
-795
-326
-416
-282
-790
28
-678
986
-332
-889
-494
321
-903
-202
320
-567
137
-29
13
853
-148
70
-158
518
-230
-33
-39
578
-887
860
96
-957
81
-137
636
718
-68
-80
505
-273
-919
-974
-33
-594
543
292
385
736
-82
334
544
-724
690
-906
-676
-313
337
-10
506
527
915
268
832
225
-78
94
-771
-184
119
-329
-281
931
-205
355
780
-639
991
-589
426
971
59
861
634
-786
-829
-861
-714
-269
624
846
-548
-899
-438
-634
250
415
363
-959
681
-297
-449
-633
-297
923
-24
445
-580
-338
-755
630
-898
831
-574
114
-528
-81
883
-127
5
-963
-533
233
674
607
865
464
370
175
-495
-842
-269
-192
873
1
637
-869
-390
-185
-797
90
-146
594
-382
96
-7
835
374
756
-57
358
332
-952
693
-947
-414
-54
908
891
-661
-26
504
-256
-529
-522
168
76
814
-873
477
-942
981
-999
869
-182
-343
546
465
-93
81
-112
-798
-509
608
-262
323
-692
-417
-143
-240
862
-838
648
36
739
369
-195
-912
-102
782
-77
167
339
-666
-707
-330
148
-584
-743
945
-634
-573
871
585
863
-747
-683
153
812
-803
-183
992
507
-270
569
-679
115
-916
618
-571
480
-48
803
443
111
954
-835
-715
-862
-317
921
-372
160
-815
-674
414
-324
494
862
363
736
352
-652
480
183
871
525
74
-140
918
-240
-852
-686
441
-406
252
-520
229
-854
-873
728
