7036
-124
-880
-65
-851
-349
-331
239
-85
-444
30
511
-15
483
134
788
373
-422
-365
290
-220
888
53
728
847
316
-549
-199
796
-880
-255
-981
155
-973
810
776
214
-257
695
-494
483
-615
-15
-556
-599
-746
440
995
877
506
-776
83
-840
-660
-171
214
-202
678
-892
511
222
-231
-651
677
-327
541
464
-541
-463
341
315
-900
-473
529
-891
667
-207
-547
242
-199
-466
-617
4
-264
151
878
226
-948
-940
-890
23
-711
-552
-217
-342
328
-853
725
-298
-205
-14
203
-779
-400
124
-287
-98
-214
-469
-852
-665
-630
46
-892
-39
389
-329
161
-369
-545
93
-577
-326
45
496
160
-939
56
85
960
-977
-307
-371
644
-710
50
22
540
-209
467
-67
-409
-228
-22
942
-746
108
-35
-581
249
-47
-15
-43
949
288
525
-935
279
-680
633
-422
-334
-927
-747
887
484
254
-378
88
22
366
-485
-805
-813
308
-674
917
176
689
-746
-649
89
-69
377
351
893
236
-914
439
-145
-454
416
223
-562
-226
623
82
-114
-717
113
871
-955
93
-858
471
530
580
137
-331
519
-421
-414
-113
407
-431
104
-912
938
-44
884
687
46
-500
48
-841
-232
-965
-321
292
-488
-561
278
967
330
-574
-1000
-394
681
239
-705
307
-562
816
902
87
518
936
180
875
513
458
482
-301
471
789
-866
408
245
972
40
832
-363
566
777
-149
812
703
-700
-531
-84
-887
213
307
-726
-685
837
-620
26
-269
-240
-411
-522
-221
829
9
206
326
-596
-140
-87
-650
447
-790
-7
-485
367
520
333
73
-673
-306
192
567
-323
984
126
903
-171
-40
151
151
-976
-734
-292
19
-887
612
230
981
224
735
-777
-645
-472
902
-664
-238
-5
706
-671
-12
221
-241
903
-948
-899
583
-65
-286
-280
-663
-895
-57
-888
358
808
-738
170
-376
-395
-203
-594
638
755
-929
-73
-408
-618
-944
961
-916
-675
180
-366
-557
-698
748
-215
452
-128
-170
-909
842
-532
-888
685
932
365
200
772
425
638
-149
-696
261
867
936
-289
-59
-697
-952
869
411
52
509
993
-898
-734
-900
-829
258
182
-168
-854
-305
-404
925
242
-975
-369
581
986
43
-107
986
228
-88
696
-535
-283
928
-241
-689
828
355
-149
-765
768
741
-691
-209
-303
-298
869
-180
561
684
805
-838
364
992
804
601
-510
-510
190
-281
-411
-422
696
390
-51
204
-862
-552
-519
-985
342
-614
689
-870
12
154
-537
563
816
-425
651
102
-357
724
765
310
429
584
-531
467
-963
-219
-209
-240
-73
-526
-325
-977
276
423
896
268
-440
-843
-263
-157
-716
240
791
63
123
-213
93
-817
50
-338
811
967
305
-747
-574
129
-890
-408
-265
-290
-888
850
-477
-195
793
97
-138
261
-171
746
-437
35
-857
214
727
-965
987
780
667
269
382
444
361
-826
-95
-410
916
224
813
-443
592
-489
-720
-837
-968
184
149
681
686
-152
210
-197
957
-434
235
591
-230
126
852
-880
553
707
547
-413
-388
856
308
-131
-218
-412
-58
991
-338
384
-301
-305
-497
981
317
180
236
-521
643
-82
113
744
-29
-273
324
314
-711
-758
-646
-875
598
646
-729
401
236
-545
93
769
965
634
741
-820
-253
659
540
-647
339
677
356
374
411
-987
172
757
290
43
314
-524
319
-83
212
-329
-679
-86
-866
-348
413
720
-435
-213
-834
-373
218
992
-505
59
355
231
-660
-96
763
-198
-865
293
98
-678
-242
-266
159
911
-7
911
-247
286
-543
546
645
166
-68
-747
170
951
-891
-58
32
-528
801
-933
-585
579
12
730
-684
55
562
290
-122
665
-967
389
-9
33
-117
-350
894
-596
450
803
-255
-53
-836
-288
567
-601
559
-595
827
335
181
679
-259
529
536
967
67
705
633
-896
-579
24
-135
-725
-490
-869
-981
-148
-154
-729
289
832
869
-202
914
-491
441
-815
718
-57
448
-845
440
-413
9
277
50
-183
445
-389
951
-733
715
-6
-431
348
673
308
-518
-545
903
994
768
-307
181
-436
-590
842
-636
360
983
165
978
-483
174
-542
895
-845
-497
406
101
-902
49
463
388
579
917
-883
-741
366
111
-192
-573
-383
-508
799
789
577
959
658
-564
-512
254
717
-651
532
-662
-342
579
224
980
-238
767
529
170
615
124
391
680
929
328
334
-500
979
47
-488
114
73
-822
696
670
401
821
-354
-72
-29
158
-598
-368
-979
-104
-609
-765
896
143
165
-841
-447
998
-342
416
285
669
-809
869
444
335
-789
492
992
-249
-442
-814
-790
578
180
-73
473
271
-764
710
-447
-221
-61
66
-140
-38
-934
203
-961
152
-319
-336
-60
-35
334
367
959
-426
-738
504
695
-816
-289
-625
-749
-552
440
-528
-378
-354
389
-563
-600
-728
-302
531
-637
195
163
-373
551
-620
-257
-964
-38
956
-569
-547
-320
-390
-122
-584
-542
-886
310
683
-674
411
-148
-1000
-549
-177
-366
-309
-713
315
-144
364
-864
862
438
314
955
-65
119
-280
116
-162
-875
260
482
541
-282
914
-186
-536
-240
-105
496
255
-858
1
766
36
-193
260
226
-545
-529
-657
863
800
20
461
992
-980
655
168
549
136
-515
88
-245
148
946
984
214
462
209
873
461
-969
-215
-575
851
659
95
923
93
-502
932
-718
-619
-325
292
-504
-694
144
267
608
514
-723
-573
524
333
514
-114
-432
695
464
-180
-475
-647
168
714
-358
-355
607
-953
-523
780
-498
868
903
-27
965
904
270
221
-496
-579
-668
334
-527
-486
996
-850
-675
894
957
-916
-813
-410
-385
-888
246
91
626
320
668
-485
-139
-493
832
242
164
-652
-878
260
-61
-819
-818
954
-488
-835
121
919
-347
544
711
182
-46
-439
266
-990
-535
286
709
801
-197
-736
-737
782
64
-234
-333
146
-884
-811
-892
-242
189
878
-210
807
848
484
504
-354
-621
-584
181
859
197
-125
-71
630
-614
639
-871
-991
955
-590
-341
-539
-518
-983
397
408
-622
-387
-223
-168
365
340
-554
-313
928
-58
610
-862
433
506
987
-785
-119
-19
773
-781
-956
943
997
670
-508
-918
-620
388
870
-817
768
-680
-660
847
204
-361
-743
818
-632
62
828
-216
251
984
468
-134
924
696
-703
508
-719
-272
-437
593
942
876
-52
-517
719
878
472
-674
497
-169
669
943
-22
-738
613
414
-887
-512
-760
685
648
-236
-609
700
686
889
371
995
225
303
276
283
-808
-257
678
-55
-673
280
-91
-424
820
967
-743
-62
798
-926
-124
-518
893
-959
968
153
-868
-711
-265
-956
531
70
818
310
-839
-955
-862
-449
983
892
-635
-663
-216
-650
352
66
684
-866
-876
283
-900
919
795
556
471
-635
897
-703
-21
-68
223
982
-784
660
546
-678
622
421
154
931
975
-939
671
-994
78
459
-706
784
-482
767
994
671
-616
-16
61
342
-259
305
661
617
346
-191
716
533
-167
-363
-969
562
-61
821
112
-327
627
-384
215
348
118
684
547
998
-177
270
-650
945
935
-574
415
461
-15
-200
457
-653
-485
-357
721
-217
-927
111
-715
611
764
822
-265
422
-136
-1
-815
376
563
-627
-942
-744
576
-577
-298
293
300
-543
724
741
-936
-818
722
885
-44
-513
451
142
589
-747
-608
784
-722
143
388
766
290
-88
-736
-778
-183
-351
-912
-102
-712
902
-379
176
683
-112
993
-398
-954
-377
-462
227
41
-287
-91
-369
481
91
396
878
443
354
250
-155
580
-450
-278
-24
-787
989
-336
-912
154
-616
-841
-411
520
196
-358
-888
-946
-313
270
912
-243
324
-164
-241
641
-555
-243
-656
842
980
-306
-33
-348
214
354
-700
1
-620
343
174
-791
-536
-128
-584
376
-256
-990
667
-491
978
-261
96
-285
-403
-388
-880
353
407
-953
282
-340
664
-925
-848
-220
-78
812
718
-981
76
-104
455
778
-711
628
-530
430
-230
-627
751
992
-643
987
-408
-830
-945
72
-457
324
-667
974
-431
-89
771
-51
-725
553
-600
972
793
-209
998
360
-15
-863
-767
-328
-549
-66
-476
-592
967
736
-214
116
-837
-453
463
-940
248
751
-156
54
632
397
-55
-334
-970
-57
234
-314
-231
671
-439
602
126
-991
868
174
-590
445
290
-945
-199
-724
-897
-888
846
-60
-15
-347
-393
-666
983
-317
-765
965
-547
-636
-941
-719
830
-610
963
545
487
-637
388
224
-780
43
487
-402
-311
717
55
-810
-529
-67
-12
-112
-343
879
-376
269
34
-807
743
-448
308
295
984
-420
295
-776
-438
24
933
54
-875
-928
150
755
95
549
781
382
-441
-700
-242
933
145
915
490
-651
-802
376
553
380
151
-876
-590
-672
823
-707
-6
120
-173
441
-922
680
166
-394
-753
-38
-627
790
642
968
-341
952
-752
902
-598
-382
-871
-21
-721
426
592
-927
8
644
-998
162
789
709
937
-542
641
823
-688
220
-693
101
546
-284
37
-794
683
-660
632
710
-486
-446
-638
560
-215
-505
-611
-856
-341
986
173
500
673
-14
534
379
-823
-773
872
294
772
599
-88
-893
771
710
316
504
909
48
-526
-44
-562
-833
989
-943
783
-742
-658
-186
111
-900
395
-487
-37
68
638
-174
-257
805
-211
346
-103
893
609
-46
-362
-702
-187
16
-549
952
365
996
994
-384
288
265
143
-277
436
-552
-130
-212
965
-74
459
-101
513
-787
590
-747
-125
-280
-863
881
-966
503
847
429
869
339
-86
-201
-835
571
521
-983
-577
493
493
427
-620
321
286
-4
-865
207
150
-709
-173
-799
26
-17
350
786
753
-457
150
166
-270
-292
-913
-605
126
594
-122
333
407
-819
141
-128
892
-735
754
774
482
945
78
-280
80
-103
936
-607
-905
711
147
-33
-404
-156
-453
-654
420
65
471
-473
347
780
795
-690
272
-254
-530
918
449
-466
898
-437
270
-768
789
-794
-612
-615
-221
739
729
370
-58
352
-329
220
-453
-895
360
162
-622
816
-188
458
-686
-655
553
-69
-986
-972
159
857
344
-764
-570
91
-999
188
-881
574
-102
409
565
834
-118
-933
870
242
780
757
705
449
259
980
158
656
541
988
996
-564
154
-435
-885
-844
-792
-236
-673
-40
573
783
413
-68
799
393
-531
556
483
243
652
283
544
643
-523
20
207
-394
828
97
354
129
-201
-663
-434
421
937
275
-58
-447
411
713
709
81
57
-855
-200
-492
791
885
-186
28
382
-70
-532
-577
712
301
-807
-102
-61
-623
355
-92
-107
-250
-651
224
460
-37
-954
477
416
740
-810
-248
888
870
327
193
22
415
-154
987
480
-525
-92
-516
140
354
-202
-284
903
117
-11
427
-494
566
883
963
57
-993
-325
877
209
43
835
103
-322
986
529
595
718
-208
503
866
118
-788
396
-193
-202
549
-71
937
-437
-608
204
-152
354
-465
348
721
916
276
619
580
-734
-764
-367
307
-610
-282
458
-451
-813
-166
62
648
-973
22
-520
-932
-949
-36
694
-356
500
440
-787
-816
-359
-460
453
-690
-864
670
-72
8
935
-846
-253
-450
-483
209
262
-780
714
227
766
-562
-389
744
668
-857
-274
154
770
50
-618
-882
153
359
-788
42
-414
239
-398
-544
-249
827
485
120
-755
-706
-514
668
137
-900
453
365
684
-774
-940
-252
-404
-332
-461
-526
880
781
948
872
-89
305
269
659
694
-297
-34
799
-68
-366
-818
-628
596
-249
391
-34
343
248
-262
-178
779
-929
-368
942
-884
646
-370
954
180
771
-364
-198
-166
690
-382
452
197
-326
-297
-258
-244
-223
-840
593
-5
171
-102
-247
-557
430
572
376
927
97
-333
235
959
467
-429
709
-77
-249
-169
599
790
973
638
-671
260
-228
-14
498
809
-628
-746
202
-537
64
427
721
-205
432
847
-335
93
-668
643
766
507
-259
247
-90
801
238
-172
580
-706
855
245
-482
-906
898
867
654
-601
998
796
461
11
-839
-193
107
-742
451
919
-772
-792
589
-110
12
242
-168
204
-925
32
-710
-3
468
-968
-764
-693
-721
399
-497
-147
-298
572
-764
-674
269
635
-390
10
267
619
-454
664
-307
805
-401
-636
-343
313
154
-824
-465
-569
-350
-634
924
-890
-969
213
328
-940
823
-539
-880
251
-710
736
-162
380
-968
496
500
779
-245
-217
951
-297
543
-626
760
-572
629
126
-882
-89
759
773
415
397
150
245
206
568
-81
735
-51
408
156
-793
-588
-718
390
-604
410
351
-856
-474
-880
451
479
356
-563
503
-146
114
308
-426
-594
-293
706
-463
211
-943
-941
704
137
-610
996
230
61
-427
-605
-785
-920
-230
-766
665
6
843
-805
-532
-939
426
-147
294
553
280
965
343
-804
799
-776
823
243
-756
204
831
-836
759
167
-501
562
-272
399
-855
131
776
-16
14
457
-519
844
-650
-683
755
780
-811
-214
52
821
-993
805
-125
-714
-735
362
778
-82
-326
9
-771
-630
-631
320
747
-820
-428
378
-224
-201
-926
469
-844
487
118
305
-812
-659
-72
-732
-117
760
-719
-341
-228
-929
227
-517
-865
651
244
-282
374
674
421
-456
570
254
-493
-655
663
-644
264
-563
496
159
-673
-209
-319
-363
835
220
-16
-814
34
996
-626
-8
739
-741
-17
776
-159
-411
-76
258
243
577
-463
-599
-662
-308
-992
594
870
630
-62
-406
-875
-46
-723
-169
-375
-970
518
343
549
-605
44
165
-412
862
623
106
22
301
731
687
855
445
-59
-207
238
240
240
798
815
-572
-308
987
877
542
557
120
80
-682
-429
891
-418
-548
939
329
-70
-472
817
883
934
-161
336
-675
-795
-334
728
-230
-318
96
539
51
-42
555
-924
-330
-326
936
676
587
-358
944
-262
-494
402
116
655
-888
-968
-403
843
-631
-139
-495
-185
607
-495
193
-832
776
-6
-992
516
582
49
623
317
-993
-287
595
231
-187
477
711
736
-560
-252
509
-725
-201
996
-464
928
-626
-104
-90
-172
570
639
225
-224
-593
-533
468
561
-406
-398
35
-149
138
-571
-637
250
777
-437
-704
279
-23
57
-114
292
442
-912
183
-92
856
-829
-958
-294
289
-125
-811
-500
915
153
-143
-445
932
31
-276
562
763
-837
860
-175
236
841
-465
-203
-670
-156
952
573
-876
-831
724
-836
106
104
794
-18
-888
-576
528
-296
713
-826
-70
433
935
586
-50
215
-393
918
83
815
210
635
456
-515
429
186
-671
907
330
-213
715
938
887
974
-559
-173
804
-228
-249
-71
851
-584
532
45
-872
-168
-532
716
-320
-870
-613
-567
461
53
430
531
-433
-67
732
-462
943
546
-30
-172
693
-506
235
654
649
-39
-450
-255
742
435
817
-949
747
61
764
-665
283
-820
440
-878
404
-501
-617
699
-772
212
637
502
-536
202
-821
-756
-521
966
412
739
298
316
777
870
-905
986
-889
705
-957
-467
464
-309
636
-977
-961
-257
569
-303
-139
-103
825
704
24
970
-440
791
283
-616
-480
898
-503
-827
-772
810
731
651
-392
-815
697
129
244
828
-291
-948
711
-136
355
164
96
-246
940
513
-136
-425
898
-141
484
-979
-58
75
-490
-164
133
266
-190
-603
-935
995
-578
637
60
847
-525
-739
295
-242
401
-758
-488
213
-562
-372
-62
568
-273
-579
-818
612
415
160
-784
-999
-692
811
452
-29
-879
594
999
-27
30
-975
-942
977
-668
-938
289
245
-932
457
259
277
-809
921
-119
688
576
-683
97
-382
-626
963
460
-377
-954
-96
731
647
-931
373
-199
-94
-358
-990
-446
88
-6
666
369
-747
845
-774
-458
-88
270
87
-841
367
529
-269
-387
673
-588
28
-737
-217
887
-911
525
904
72
-590
-477
495
-440
195
557
-37
-343
716
809
-125
-983
560
-761
564
-264
72
446
872
-748
-244
392
21
-570
-227
-994
351
-27
-30
94
955
137
300
408
81
-486
-376
-408
140
-681
241
14
-510
-206
176
858
-821
-744
-799
-894
-208
-769
35
-554
-911
-840
683
106
674
595
597
306
355
50
-391
557
-69
-746
54
-472
528
933
126
643
358
829
-115
-735
-414
-893
-330
-535
345
-652
956
-887
857
125
459
-102
-524
-907
-335
-466
-875
567
-244
854
-31
-306
288
-384
-597
-774
-779
-258
227
415
-133
-254
-68
924
-837
-987
920
-455
-532
-601
867
825
-209
-112
921
-721
487
-27
789
317
-968
-89
935
776
-357
-235
-240
167
939
-111
-755
122
-241
-144
606
696
-268
731
322
144
-122
-845
-495
-751
-724
-703
-587
341
-115
11
-970
392
-302
275
577
-169
-118
442
-476
403
132
817
760
244
-804
-464
-148
42
261
-657
-646
959
799
-783
-712
-151
246
929
-787
-485
503
21
269
11
-737
-865
979
-402
-719
147
235
159
436
162
-631
447
951
612
-951
-265
82
37
-236
-807
666
-906
235
-748
624
372
-509
53
-328
-266
446
-661
-751
-785
274
-429
-299
292
872
-62
-546
808
-669
49
-717
-254
-422
-974
-770
-176
708
993
-356
-987
-689
-618
816
-467
-739
439
-44
-734
-756
-261
-963
-297
784
521
953
-703
-176
-146
-312
-522
697
-851
644
-419
275
752
-257
-43
-850
-547
328
-478
72
-683
-87
210
222
310
-944
-147
-644
703
247
-981
611
-349
-638
559
566
-57
-699
865
-79
86
-273
-662
951
-571
-185
-904
-681
144
722
929
249
-286
286
-827
-646
-268
-961
-948
-110
-723
83
670
478
103
435
-367
895
770
-536
-179
-993
242
-264
556
-85
-540
76
-931
-367
-786
-801
871
-553
707
37
459
-923
374
821
-110
-719
390
-555
-107
949
968
-32
828
-817
867
-937
510
-155
-268
-815
983
-558
113
240
87
-382
907
306
-393
-538
588
-896
471
932
32
-265
-573
-578
993
-112
-860
93
10
-498
306
762
717
804
-857
504
687
-960
559
770
257
-472
316
525
-246
448
38
-343
-512
660
175
-951
-490
232
196
-131
-801
890
-113
104
193
-511
-711
147
-300
-844
-322
-467
617
265
249
-723
-376
648
430
-282
-159
-644
966
149
564
-186
213
202
749
253
119
-143
-521
774
-951
-100
-383
-117
21
-945
157
-309
-75
87
37
767
728
23
-519
-940
290
513
-317
602
269
510
-68
-184
-178
954
-345
505
-685
991
-790
647
-632
-500
670
-142
-1000
721
60
141
-912
-630
-265
166
-656
518
-168
-304
-101
-206
-172
383
958
519
-5
-881
205
-163
-759
-591
-407
-502
687
-110
398
140
124
-710
744
-818
-604
-82
-171
378
-653
-509
-138
203
27
16
127
846
536
-898
318
901
821
175
-296
-649
-296
-233
623
808
-920
652
-529
-768
-497
774
232
-422
-486
50
118
827
397
105
716
-115
835
-184
768
664
-989
172
-881
-948
671
843
353
-68
918
-654
551
986
-855
-345
561
828
395
250
-836
-8
417
-771
-151
-78
297
156
-56
334
-58
-981
-333
19
233
-868
-441
287
-20
361
845
-271
713
467
696
-201
7
312
166
-492
388
619
-967
-851
-50
-77
-768
-879
-133
-223
-914
-685
424
687
124
933
-530
-590
442
-749
273
-420
-544
361
-573
929
467
145
566
739
-892
-691
-754
-388
114
-595
-348
951
-161
286
-185
-772
-592
368
412
134
-178
-31
855
755
-438
139
50
-953
430
-345
-102
637
-706
-403
-551
-516
-419
778
413
-159
-133
892
-680
-929
140
-884
-207
607
-540
488
103
-970
639
-948
342
-766
157
28
-158
304
458
961
-608
749
-388
-34
-172
-138
-475
478
405
143
-39
-99
-467
77
377
783
189
513
829
160
-531
769
209
-248
-432
276
-266
778
950
201
25
-213
-229
-412
-799
138
-628
247
722
48
474
298
702
292
184
678
-997
-197
719
-205
-656
267
144
492
-695
395
-39
92
-566
-71
49
663
-689
775
-275
583
2
-126
-123
18
214
-671
977
-28
449
919
492
-690
582
100
-597
139
-224
78
-329
363
42
152
933
-562
-581
524
-633
-402
-208
138
-276
-295
-430
429
386
58
742
-106
844
451
-285
72
334
-758
766
-209
-363
925
337
-835
372
-30
250
675
-23
-241
335
744
493
66
-896
297
427
335
661
-115
472
437
742
292
576
11
-87
875
690
972
742
847
481
-741
-729
-548
-821
933
-405
-112
7
-926
666
944
455
-457
418
567
173
-148
751
119
-534
53
-758
141
817
303
-744
-282
-245
104
-413
-745
323
-53
-649
846
-255
-680
-462
-685
500
380
990
858
264
-911
-197
647
-56
964
-907
510
557
287
-395
-153
324
515
-940
443
893
276
-391
-643
0
-559
115
-297
906
-178
-733
-544
117
368
-799
71
-155
-684
-977
271
-33
748
410
-857
724
967
540
-843
-245
60
-561
-306
477
611
540
-156
826
-736
-446
765
969
-739
-302
-724
-660
898
22
-258
-462
500
-142
947
277
199
-334
518
244
-479
67
-549
-900
-19
943
37
-433
-231
608
65
198
956
-715
978
-478
-985
866
-951
142
-265
673
993
-239
660
-489
453
-128
906
178
-529
-208
321
-786
-291
-503
-165
-425
-382
-282
-423
328
566
456
-822
946
203
251
-494
568
957
-800
739
599
-635
73
378
707
603
-77
344
909
-171
653
-661
97
672
-584
937
-485
-727
-313
-39
601
425
373
-3
668
395
-971
-528
856
-725
116
616
747
-867
268
408
-54
935
-654
773
647
-132
527
163
-753
678
-309
-453
528
-657
501
155
455
813
271
858
887
23
-970
134
838
904
272
652
-607
974
-306
-333
-32
975
-495
518
420
-198
665
-436
269
-763
-264
-986
601
-72
-700
-300
870
165
812
-620
584
-93
-654
968
-187
-394
-265
419
-18
316
852
144
729
294
-508
846
793
-175
-81
76
687
-560
-671
797
-262
-200
26
888
-935
-872
-466
-32
-207
-654
28
-342
123
474
556
-480
101
-725
850
881
120
-624
-865
-62
345
-858
-602
933
233
-5
-660
-491
-553
514
872
-661
-890
-905
-933
992
217
377
649
-448
794
921
21
487
938
-18
-149
-53
-94
770
470
341
-152
844
-430
-195
270
810
843
-463
-603
11
-587
161
-305
295
-443
395
-511
-740
-20
814
-617
-922
36
-163
817
-263
-973
66
459
-738
925
-372
-245
824
678
-650
547
-510
708
-667
935
231
-333
-834
584
413
-46
674
-561
-850
-918
-792
-331
-219
719
-315
991
-334
559
-358
-937
106
872
-871
-155
894
-282
325
-692
-859
874
-826
-111
809
598
-794
-473
43
212
59
-810
132
-729
-847
362
666
-823
579
-153
-101
-269
38
-39
520
875
931
-54
-175
391
-354
-435
41
-143
-953
712
902
-141
157
-754
-249
-239
-806
122
770
85
-513
24
-855
486
428
909
-904
-574
-340
-137
990
602
235
-226
-586
653
757
-566
-799
892
365
254
273
253
838
-973
-44
-516
-126
511
-501
-101
660
-60
-858
569
164
549
-449
-927
527
-237
-33
-791
-9
-650
-591
-517
-690
390
-447
-991
-309
58
159
857
-473
-937
-986
664
-809
842
724
-181
-650
850
-234
104
-963
788
-206
691
114
113
-224
77
-405
-507
53
-378
-147
-282
93
35
645
397
-380
507
-654
369
242
-549
670
-962
-559
473
-73
101
684
902
-402
-83
565
-371
874
551
-429
-968
794
-993
551
-975
422
46
121
-58
-64
-339
500
182
13
-684
-870
168
-966
-336
933
-38
620
786
140
151
408
564
-306
-542
-868
-921
-610
-609
-920
57
-502
-751
732
130
-742
14
752
-627
-830
-722
698
-509
-716
722
687
-142
757
-238
777
701
-678
-865
-495
-290
447
-793
-342
-537
-525
-458
522
-347
-60
905
-795
853
-446
-1
743
-399
291
-392
-50
-493
-173
639
994
-278
-91
724
354
234
-278
-670
429
14
-724
-193
-487
-871
232
-414
435
-438
631
974
-989
237
567
13
-37
-227
410
-360
845
808
827
946
-378
604
760
-491
27
-35
-208
996
750
40
-501
-881
-323
-943
-304
-779
311
-743
-425
-92
252
-580
156
796
-960
-698
-532
929
971
-683
-736
-17
-128
-278
-413
-536
-584
361
353
425
-470
144
-338
282
890
-539
-849
-364
-933
-104
585
-594
-862
-457
853
480
-583
191
141
-376
460
32
-650
-934
-61
458
-375
-542
989
132
-113
277
-843
795
-855
181
-12
-665
-86
164
547
393
1
-720
730
-399
-762
765
-38
-659
848
272
260
-197
-479
-761
644
159
608
-474
-275
560
592
-244
-366
-980
-143
644
446
-308
387
-345
865
-541
83
-417
568
-448
180
551
-136
130
955
-354
-122
715
486
602
502
77
-583
-952
702
369
-873
-846
-267
695
-838
810
366
-168
-544
147
139
903
-30
991
-512
-442
-383
738
838
516
111
277
888
-828
408
839
317
233
859
-370
306
-243
-216
251
-589
33
88
-229
662
-705
852
-758
517
-613
611
-957
518
-904
83
610
456
-762
259
-454
844
-55
-486
786
-642
774
-792
-86
206
6
-952
363
976
-163
638
492
-484
628
-493
-270
-814
-558
-391
-529
-98
-407
-755
-389
-285
-51
233
-704
728
-544
531
383
-596
-104
693
640
-345
514
457
-570
222
143
-79
593
210
412
657
-83
-906
-256
282
664
-741
111
-461
593
443
-548
-955
892
-370
-341
308
-334
-213
499
-779
-603
-49
210
-303
-655
675
331
-971
-531
-883
-901
562
-799
886
-390
151
50
931
444
-7
809
226
215
-3
801
19
815
930
607
-752
700
702
-628
427
397
-141
-50
-557
678
253
869
114
533
922
705
-747
979
839
-736
105
-507
-380
373
14
994
515
436
715
-785
-110
474
-977
-330
241
-422
703
102
930
594
-64
-381
830
-84
-845
862
-370
-144
968
-321
-612
759
960
-818
54
-230
179
-30
603
-999
218
-319
566
151
-677
-794
-411
243
-833
-336
293
-479
929
806
779
183
933
-983
-335
980
-654
-414
395
-438
-179
107
-475
236
180
-246
-165
-349
-28
535
724
443
120
-434
-772
618
-34
256
-803
576
-489
-364
921
505
-325
-5
-9
416
-921
-47
167
-946
-379
-321
899
832
5
-738
949
70
-835
-410
831
296
-566
116
587
-397
-126
810
719
-127
520
-896
748
311
43
296
-700
-121
-20
-961
501
246
554
704
-474
40
843
402
-707
7
-775
-798
987
403
390
-725
-507
547
-226
-415
416
953
-248
-754
711
-828
520
-188
-20
479
-556
208
265
-201
-191
-608
802
298
-583
-373
-183
-646
683
94
268
848
496
456
799
-898
613
-741
674
141
-726
498
256
741
533
-366
595
27
-524
329
118
-828
-402
515
473
-728
148
300
-933
578
-39
-336
-617
484
-85
-211
493
903
-371
-870
-581
31
306
641
-104
-259
88
-393
-722
63
431
637
226
50
36
351
-272
200
-561
281
-425
-636
-891
-470
799
-591
555
-176
34
-990
-856
-685
-658
709
-747
-578
822
-895
-173
-905
-353
-881
841
16
-82
-747
201
998
-740
380
30
87
-989
659
-987
977
887
124
148
549
884
933
123
-646
63
-543
950
-403
-756
517
540
198
-836
-657
-25
166
945
-81
-432
13
-720
-918
-762
-311
-48
451
715
-952
21
138
91
-786
-860
-351
-182
-142
595
777
-823
-125
-785
284
53
-168
360
-877
-4
4
-387
775
924
-456
752
900
442
-237
901
-918
444
773
444
-51
-556
-879
137
-243
-295
112
-100
-864
-781
-654
770
490
851
960
-665
607
621
765
-666
-465
595
-165
464
288
-721
-775
852
394
-180
154
912
139
-126
-319
-155
538
-372
120
-352
25
744
48
906
660
26
931
302
-665
93
357
194
171
503
-951
484
368
24
160
-654
-985
351
124
-762
-634
-999
35
-228
399
-233
-578
-942
458
-454
-47
347
-594
-866
-923
927
-881
880
641
-509
81
958
-408
752
682
-23
331
-397
886
281
671
304
404
-978
-71
-972
-242
926
22
-186
6
-609
-25
552
-357
-93
-582
-400
811
395
-748
733
-542
-614
858
57
625
-201
-210
-742
506
-610
390
100
-793
100
-887
-609
-229
292
-989
-912
-256
-821
824
406
383
812
-539
212
655
449
-110
-874
580
-912
131
385
-999
-267
590
-644
-456
-463
-601
757
373
799
918
-319
-837
-593
954
148
-18
-495
568
-151
-496
-289
331
31
-753
-169
671
96
-117
180
505
718
437
840
-802
-820
-653
-360
964
-281
-255
932
-459
-160
-767
769
559
374
595
549
-551
-924
623
-529
529
-555
191
-720
240
-737
58
554
-834
307
747
-237
354
400
-720
-426
258
158
350
150
-727
-642
-78
896
54
267
-557
-292
145
668
-221
31
312
90
-877
401
-872
-87
-458
-746
-921
228
-498
266
574
-7
-445
-802
885
-482
-622
362
-570
-929
-302
-338
19
-250
-847
553
-861
-347
797
-91
887
-910
911
-323
-309
144
962
235
200
-170
-574
194
519
494
-465
-619
416
124
944
-685
-640
-696
612
-848
809
-885
-477
833
947
498
468
-925
-960
498
280
904
590
-472
-205
-289
-507
859
75
495
-656
417
648
144
56
395
956
-123
-756
-627
-228
794
-915
782
-308
-201
294
-440
169
-242
345
141
720
599
-861
150
-724
932
-94
265
-147
835
397
-697
-637
-143
961
478
953
485
877
738
-721
592
-957
-877
640
-961
-513
-245
371
970
51
854
-228
413
321
94
-590
928
722
-749
-500
468
-397
835
-636
733
447
363
45
-473
359
-134
-719
54
639
270
-653
766
-142
462
276
-933
-283
-893
-223
526
-919
-220
-711
-875
58
-755
27
-906
132
-854
254
88
854
-875
283
-403
-657
154
-747
864
-780
-364
-615
-633
995
-714
112
-779
706
968
-431
287
-15
283
211
888
-802
123
-223
620
-473
976
-890
949
777
-175
-569
-306
903
150
-64
897
-201
-697
118
175
631
231
-132
-260
717
983
-815
291
-533
-200
823
-946
-447
289
159
218
749
425
-257
314
-227
593
-939
-725
677
-927
789
-961
492
-51
-962
329
-863
676
891
835
-581
-75
102
415
-338
-33
935
-103
-423
-285
746
-315
284
264
-610
874
-810
443
153
618
-915
-80
681
-771
-217
873
597
-679
325
-62
-286
944
880
-649
-350
-234
827
99
423
-290
760
598
-938
-960
630
785
-410
152
600
545
-681
334
113
582
111
-930
-228
-737
991
-124
-312
-540
149
-42
-784
-992
267
701
-872
-247
812
848
307
-435
647
783
674
970
-452
-294
119
473
-413
-116
375
-392
892
727
-866
-780
33
269
461
-944
663
136
-18
-940
-605
167
-648
-796
-422
-75
62
91
-287
391
561
21
35
82
326
150
-655
551
242
-854
-637
157
66
954
-675
-71
72
-40
29
283
-865
-361
-848
-408
-305
489
900
64
812
-122
424
764
809
743
368
-986
-870
524
-395
468
-153
-288
-455
-446
-244
567
-824
-581
-643
160
730
-172
791
-675
885
-27
-750
124
-385
4
738
-862
-880
-976
-787
819
-906
-264
471
656
483
-954
809
-915
-655
-677
672
-114
-890
-185
-783
669
-430
-651
-502
-693
677
-367
964
977
782
679
997
433
-594
458
929
638
586
-531
-31
-236
-817
-543
-116
550
592
908
-975
882
284
-238
391
419
-69
195
603
-829
678
353
-455
-69
-250
283
982
-456
-300
555
-582
76
992
-87
-533
-658
957
-422
580
-498
234
-39
628
-438
924
-81
-29
918
758
-174
-752
155
443
-536
-459
591
-870
358
-452
-932
135
-503
-389
-288
-389
-208
-774
-959
626
-76
102
938
898
853
-706
-393
139
-317
922
-583
842
726
635
-346
327
906
957
-224
-81
-470
601
-608
28
151
536
-529
223
-602
898
-783
256
52
964
238
732
-362
144
-978
158
353
671
-863
-872
98
-255
24
432
956
564
-829
232
508
323
-776
933
394
-890
-67
673
-802
855
786
-836
-291
-523
958
-803
703
-879
772
471
-963
-682
-239
311
188
917
-59
-407
-383
-418
-644
-758
-560
508
-968
40
5
-505
-931
-427
-498
-291
200
75
-13
-646
29
-215
-589
227
59
411
76
787
638
-711
919
173
514
742
-611
352
-418
-680
-182
360
-908
-857
589
-15
356
-34
761
71
-504
-401
-69
441
-497
-845
-41
955
-391
447
-926
-997
492
-158
566
-485
193
683
-874
-755
46
-969
-194
-643
-959
551
-747
-664
309
1
-350
970
-412
525
200
-27
-774
-912
752
525
993
389
-959
81
-642
407
511
212
200
219
301
-951
960
330
352
557
-559
573
593
-674
-250
-383
-802
986
-894
-630
-161
242
-416
499
640
301
199
83
447
121
458
-165
852
412
-70
-468
-552
-1000
-104
-218
-813
-547
-790
44
806
777
729
-221
98
-437
-587
552
-253
-955
838
-319
-852
191
-992
-293
192
-393
513
963
106
679
283
-95
298
991
153
-241
-499
-143
943
-25
-729
-100
-702
-646
-992
336
-831
77
-152
-896
-657
605
392
-538
-450
451
-89
352
-102
-317
-955
-264
383
814
-632
-687
935
-344
-448
-435
212
-700
-439
588
886
907
397
-530
138
427
131
410
-224
-308
-200
-457
215
-738
-568
103
519
302
873
260
-486
199
325
-958
-744
-571
962
-716
-291
-859
-785
795
809
953
-979
585
-171
728
919
-828
-467
401
176
534
-930
911
-200
-655
-4
-1000
-470
879
336
208
853
-857
-354
-949
533
-292
767
16
-947
-81
-497
73
-412
581
-620
-122
73
868
-391
641
-604
758
-649
-324
-902
816
-529
-794
572
333
-922
-819
-995
-621
653
750
862
775
-740
376
-264
508
779
-514
117
646
-67
731
716
493
361
-465
-329
733
-826
552
898
-886
50
492
659
193
-641
882
-544
186
-613
-255
129
26
890
320
-621
-684
914
-403
486
-785
595
409
-108
83
-255
768
-369
-291
719
-618
453
418
538
-259
-990
-720
-305
900
435
-704
-454
489
914
328
124
414
67
701
-761
-871
554
-715
-406
966
-138
730
-508
696
78
-197
-714
-756
-489
301
-326
-50
783
990
762
-171
553
138
-498
105
549
-842
-170
-795
-453
-886
-912
807
-652
396
918
421
806
-361
359
-838
458
827
-880
-163
283
-690
967
-110
876
431
916
-134
-762
171
-131
150
-690
665
684
-39
992
768
238
699
-742
-920
955
-695
278
733
14
-342
-651
928
160
205
37
-663
261
-594
719
-937
-638
167
31
167
-184
-893
33
355
434
462
52
-431
200
-24
94
-852
-434
-520
76
65
-4
-739
484
416
506
352
-679
354
599
-779
-630
-151
870
-128
-1000
499
-522
149
-543
200
-339
-808
462
115
864
930
-427
110
-607
805
-148
661
966
135
571
205
162
874
-20
285
-638
-804
-286
-902
262
122
-461
-703
857
207
868
846
671
-949
815
249
475
-946
739
704
-982
84
-215
879
79
-245
-898
-660
844
911
914
-641
106
-538
507
94
-379
903
-506
920
710
790
700
231
670
-886
-707
552
-100
432
732
-489
-596
-840
-345
-509
-163
589
-735
784
-932
-589
-3
-516
914
-8
-23
841
791
796
-539
409
-655
-3
-257
-808
-531
-789
284
-477
936
-213
388
918
-517
-249
971
387
-367
962
600
863
247
-470
-380
694
-673
230
928
303
-912
-114
835
138
-963
969
415
437
288
545
-465
-898
-973
900
479
-781
-725
964
200
-91
562
-386
294
-773
-529
-360
-328
499
-796
-605
228
-781
404
863
340
93
-577
-98
529
-463
-885
192
-566
-819
-575
-322
-751
-992
257
-93
-590
492
322
-92
-479
-487
-342
65
-545
182
631
-573
25
-694
232
-219
877
-471
746
495
777
-222
787
-707
-238
-139
-347
542
366
-414
559
-664
-690
940
790
921
636
-291
155
777
797
-349
458
731
290
-616
910
-782
273
127
-268
544
-485
74
-838
-294
810
-599
-829
-425
-199
733
-581
151
992
-630
290
-768
954
-550
102
228
564
-401
-223
-737
277
-112
908
-660
357
421
479
-554
219
286
-682
716
326
989
881
-530
552
596
808
-588
-278
425
169
-754
576
902
-80
-858
971
-500
-911
178
-828
-632
85
-395
155
-386
-833
789
-931
-526
-646
-633
939
-811
-655
-538
285
-340
906
-685
-334
813
80
679
-286
-605
-693
627
-957
-255
-898
-936
-795
546
-883
-461
954
-418
-919
672
724
137
-470
975
-707
742
984
244
813
-231
-427
744
-276
-534
378
-595
901
-938
-867
63
706
783
-180
86
-54
243
-632
-312
-636
-534
-335
-532
934
233
762
680
14
-717
-551
-133
44
-417
494
967
299
725
652
183
459
-126
-279
-689
28
60
-386
768
-824
751
-373
-246
13
-619
619
-212
-187
452
574
471
-955
-767
-327
-208
335
738
375
-331
467
737
890
135
505
381
786
-123
-444
779
-7
-423
835
-695
472
-852
-935
131
-102
-348
71
815
891
-642
611
-750
636
-761
-568
197
934
-524
-855
-413
-280
1
-958
-263
-689
278
750
-368
-112
966
-465
-761
-731
17
-867
-904
-654
682
958
61
436
-382
398
748
213
-221
539
-914
-530
473
656
45
585
970
-132
-101
-831
-809
334
127
-840
-310
624
59
-859
-721
-275
-695
-471
911
943
580
876
72
-343
-974
41
8
142
-305
-126
152
-179
181
-303
454
458
-889
-947
202
-198
525
-251
810
-358
-438
572
777
603
-503
305
746
446
726
985
354
-263
-423
-132
-597
596
44
345
-299
-77
814
278
856
847
385
744
-940
-221
-387
747
-199
32
-425
-770
323
702
316
-209
-708
-337
-488
415
-347
33
-156
513
-688
833
-325
116
-859
662
125
-486
-716
17
796
612
58
959
-684
989
348
-936
-264
528
864
631
87
470
-388
918
318
-976
550
6
855
-275
890
-872
-194
-40
90
-69
-412
162
-97
562
365
999
782
241
212
-656
358
484
-401
-300
-522
-884
829
-197
-132
-841
-549
657
967
843
-874
180
-178
-369
858
650
