9645
-966
-38
673
-728
-723
-939
-503
633
-200
192
-276
-566
365
-156
745
397
-284
-531
302
-456
-101
-18
-377
948
648
-751
724
159
620
-436
21
589
-554
559
260
923
-463
-518
336
-860
-805
-452
-511
572
227
-619
541
-678
189
-131
502
706
854
-882
-499
-64
-961
60
423
689
-856
-522
602
-869
-902
-332
885
-531
-400
559
-726
-431
-765
-992
-712
718
161
576
345
-213
-486
-641
-572
-19
-602
-975
112
-383
166
-558
-329
-699
-363
-950
-846
256
-277
684
806
-222
-833
120
651
-810
-795
-208
-443
773
-21
168
545
-652
428
-73
-930
-115
288
586
69
-661
96
-537
614
-626
-567
542
896
367
-211
12
-131
-674
-480
793
-216
327
149
-558
332
-477
470
705
-774
-950
-582
456
806
-971
-10
-884
-817
-414
883
894
-551
-462
599
437
329
652
-701
807
-868
468
-856
-441
-668
710
-425
808
768
-708
36
-737
167
592
-106
86
65
475
-642
157
610
-165
817
-37
-172
-285
-605
-509
-928
-164
-302
834
888
329
604
292
-316
521
-994
-810
-745
-42
-693
982
-659
-230
-603
598
275
33
-822
-352
995
489
686
627
491
694
609
268
281
-702
589
-240
885
625
527
-379
955
-29
-721
385
547
467
589
-54
-193
-676
522
92
161
-4
224
-151
70
144
-497
-38
2
-18
-826
-828
265
626
-86
214
-249
160
517
719
654
648
574
-420
-502
488
-944
-657
866
-885
330
859
-244
687
-172
588
605
-587
-824
-445
877
-927
-620
-625
435
-351
347
871
626
426
802
868
719
333
-50
-484
750
745
-393
857
328
650
-391
-376
235
-320
360
124
-530
-870
-867
595
-592
641
545
-703
828
-511
692
-936
474
706
811
857
469
-299
564
-620
676
-406
279
-308
88
-354
-565
-266
209
-223
241
-289
797
-523
-239
-803
174
-733
-80
222
-873
-248
315
-691
67
285
-686
499
-382
-92
-205
-455
-144
990
-430
-116
-829
585
643
-870
-734
-281
-92
584
493
426
505
-330
-579
443
-59
-182
-40
602
449
-775
464
511
205
-28
506
527
-703
815
-186
-822
318
189
560
849
-571
-793
209
358
-269
171
-190
507
-151
833
-753
-420
836
441
-652
-71
-499
96
-761
187
-993
-590
753
136
-401
809
58
754
653
963
-160
825
327
-190
-876
-447
532
396
17
-146
884
-781
-631
124
273
-897
14
107
497
-9
-694
375
203
-273
876
-971
-188
140
-752
-294
-475
562
-839
310
491
-642
733
-275
-422
-689
-115
262
-993
-785
864
957
-447
-240
795
659
-750
578
207
-91
-104
-79
222
-22
-590
-149
331
517
-711
-210
190
299
-58
272
-303
-706
-230
345
411
-472
-915
-38
662
-28
-106
-623
190
-890
324
36
-712
-134
-857
907
812
-295
62
-406
-559
137
-306
572
964
-228
891
363
149
424
70
-996
814
-601
-317
-920
384
-476
-618
-396
-565
-970
-310
-334
-70
634
877
-640
-983
72
11
590
885
488
934
-146
-962
-483
431
-12
-485
543
-173
-99
10
-441
181
-612
-430
995
-812
126
-281
281
505
351
137
504
95
566
-966
-38
495
155
-342
535
-490
-503
881
595
70
815
-120
630
934
-64
-524
524
-697
-966
304
-893
916
-156
-619
-734
740
-928
-775
890
-624
560
786
644
-101
-876
-539
905
-605
-494
624
193
403
831
-16
-125
-126
-551
879
571
764
391
-115
-871
-646
-392
794
-266
-656
104
542
-606
980
-719
-859
-871
70
846
-342
884
816
75
351
475
-437
-696
-778
-552
-389
236
48
-73
-600
-938
895
-407
-21
-17
-663
-760
-671
732
972
-11
975
319
-552
893
-238
956
670
314
129
-71
-605
469
-718
-1
304
-55
69
-578
410
-60
881
477
361
7
585
-162
55
-900
-277
351
-346
-362
-59
-579
974
-348
-924
131
-157
-832
826
-895
-833
-460
-213
216
-463
60
-844
65
769
-138
-807
-579
94
214
842
-265
-409
-234
-127
-26
194
-453
-758
-865
-164
371
95
327
-594
-438
335
741
-1000
715
779
326
-932
451
-83
-246
-390
-574
421
572
-588
507
913
272
-787
-69
616
772
-270
-906
-253
-375
421
988
-440
-357
-286
11
325
27
-15
190
-747
-514
887
-445
-14
-66
328
-245
296
-34
-387
794
-702
-85
637
-242
-333
-754
-612
44
946
-978
-755
550
99
-381
357
728
-514
-331
894
578
687
-157
-300
352
-823
143
-416
293
-777
406
974
55
561
270
13
-749
7
856
-430
-799
285
-860
-695
514
-973
804
666
-362
304
-407
-380
-390
-933
921
56
-450
661
67
805
309
710
633
187
-91
402
-341
-946
639
248
981
889
168
887
126
732
134
-531
-783
900
-698
-402
-263
-250
602
413
854
-952
657
-310
-212
-709
-530
-360
202
328
-822
730
-104
214
-812
937
457
-75
727
-268
-816
-981
997
693
31
-791
575
-372
-85
793
246
666
-917
662
188
748
783
-473
-412
418
590
-615
-152
75
439
888
616
607
-967
-790
-96
-951
478
601
227
-178
386
-517
-604
-418
-526
0
-541
598
623
71
228
464
-991
444
-917
-936
120
130
388
363
-738
-455
-353
-354
809
172
-984
632
508
-469
-316
-995
477
880
552
-39
-575
-161
-556
-91
-924
46
589
488
853
191
-456
253
541
-729
705
-387
752
-644
-373
-679
-276
639
-301
903
318
579
989
-42
245
346
928
287
-434
-933
-963
234
974
-575
42
378
814
-93
558
-522
-112
-181
-731
405
560
454
706
981
-42
-569
-92
-168
-824
-696
897
428
-835
702
-624
550
-68
-313
-957
-70
-990
867
-975
425
290
-756
977
-441
998
-316
-830
519
660
522
488
646
-787
808
-624
-559
383
-629
-667
516
585
-624
-165
81
-866
328
-743
-8
-493
680
-588
745
211
655
-490
403
-637
772
-819
152
-881
-468
879
-465
-46
469
-837
-907
-43
-334
-709
434
447
-140
-457
-780
218
-959
-461
-358
-730
-189
600
302
-169
-577
-1
-417
-534
81
681
490
309
353
253
-123
-101
-940
-871
249
751
-991
-711
-343
-384
-643
-330
67
-973
-74
-779
929
-625
905
176
-868
81
-943
130
863
-721
477
-884
275
666
-500
389
-180
-948
759
-850
-97
33
-981
-669
814
723
97
-595
146
573
-820
-140
180
-255
767
-862
-424
725
72
-349
726
535
989
-440
70
641
-719
603
-841
-615
-157
957
-995
-689
-364
587
-459
-103
-349
223
790
-84
-442
915
693
-384
-761
48
100
662
-343
260
-679
102
-379
-718
407
-144
101
-508
171
-924
-964
555
501
814
-31
-681
145
-631
-842
194
-735
100
377
998
633
-623
902
95
966
858
503
891
-4
895
729
-178
-838
90
-212
323
-628
340
-41
-868
-451
-624
-315
490
-57
21
912
120
-23
-343
-536
882
-413
760
-816
979
-687
-284
278
-516
-286
486
685
192
932
771
-439
-420
-435
507
-410
-156
-424
-534
-44
-600
571
337
-397
774
465
943
760
-982
-504
-888
121
272
-391
136
27
857
-512
-399
-363
-405
455
415
432
211
-125
349
-931
-777
394
-975
-221
662
-496
370
-348
912
717
618
923
338
364
742
53
681
930
426
-663
136
-791
-991
260
-747
41
-142
-699
-211
530
-337
402
-264
-536
-745
-858
-585
-149
-149
-760
138
689
606
312
-546
339
325
264
899
785
-866
-44
-84
259
-388
960
-592
221
272
-35
445
109
-156
-872
-436
-684
-398
-913
719
463
-783
-863
87
434
271
-112
435
-480
922
-203
-238
-344
-264
65
-423
527
-490
-884
848
167
605
-660
-537
-103
913
-141
-697
-684
-748
-76
-221
913
-872
708
572
-158
-591
506
-204
-569
-648
-318
-470
781
-756
404
-252
-908
834
315
-629
-549
-770
837
-448
-134
234
-586
-132
747
-877
105
565
-155
307
356
989
183
232
-345
549
-258
532
-783
-466
-989
782
351
-736
-940
-411
690
-653
397
69
-932
347
243
-910
358
513
477
-447
-879
812
783
-586
-617
-258
-284
280
-115
874
-169
577
24
948
-386
562
808
577
-508
-173
646
701
834
-601
-875
652
121
958
-216
280
542
4
128
937
-334
294
160
114
-899
677
-145
-40
199
516
617
-82
34
-356
-861
603
-633
-226
985
-643
140
-40
469
-73
351
465
606
502
-526
702
715
33
-749
71
-510
31
774
-556
114
-350
593
-400
-71
177
-44
96
211
-221
515
-867
-736
-921
881
796
576
257
426
-673
-115
47
142
-59
-139
-903
181
-660
403
151
-125
727
121
316
810
154
300
16
902
418
92
204
585
-750
-177
-385
-636
56
841
989
942
46
-7
646
-76
-564
691
133
-723
-918
-523
447
-151
-669
-263
-165
678
502
-10
625
-322
294
-397
-709
-896
-351
-422
-360
857
-18
356
447
511
335
-474
753
-486
518
-232
-441
383
-332
-98
-662
-870
-483
-859
-750
248
135
-5
-394
399
384
171
498
-662
-209
-620
-697
84
51
774
540
-800
377
-232
-638
-653
745
776
-971
-401
-577
-640
734
-788
39
161
-683
581
721
975
564
13
965
-567
983
-420
-816
659
-192
842
300
-734
327
-394
445
67
110
-749
856
152
-990
-928
-850
-944
-851
258
-186
146
-743
-207
889
710
591
-292
-153
-288
221
617
727
-134
-122
-867
203
348
-812
-268
658
-757
-56
542
983
395
-686
599
-954
866
860
-368
879
779
384
527
-93
-797
746
-432
-965
20
953
966
760
556
223
483
102
969
487
223
985
-333
182
-776
-903
-314
858
-585
986
-22
63
331
-380
-95
-864
-140
546
556
-501
-291
-762
-6
-195
-777
345
574
509
63
-289
-4
597
-373
-983
-271
-454
-714
-604
-116
-452
-667
959
604
-103
-971
-101
183
-563
516
-677
3
-828
-40
650
-651
-225
-753
891
-779
581
-411
-4
378
-63
-452
116
855
-759
-789
235
17
927
661
-295
940
-224
-76
-154
-79
-247
978
-207
670
-422
-812
-164
-262
-557
-125
-28
-13
426
201
-929
-186
335
181
-786
682
247
-822
-478
970
468
282
-149
-563
390
-294
-389
-540
794
-605
-888
319
-640
5
-303
-100
507
-537
-648
-947
850
703
-290
-235
-317
442
636
-161
407
425
13
362
-415
761
73
-267
-144
-723
556
-989
947
490
-346
-549
764
-529
-469
-913
-755
367
618
407
-161
-676
43
-342
802
-223
34
56
95
108
192
-538
809
-394
-712
-522
-943
-576
-961
-413
-935
-323
940
-826
-944
582
784
264
876
-802
95
-699
-714
-238
108
617
-49
-36
947
-342
849
917
687
-303
208
612
924
886
-337
760
-585
679
-530
-291
529
772
-159
-946
178
746
781
-744
522
-709
107
535
-765
279
607
496
403
25
114
89
46
607
-309
312
-184
-121
636
567
327
-509
888
-159
727
-135
323
-756
-57
-790
754
-797
-208
-163
-286
14
582
-537
772
304
215
728
485
685
401
581
-164
854
592
846
589
259
693
-244
75
-261
738
41
-246
307
-815
731
-831
-447
-731
190
-818
-533
-920
541
-332
-831
-573
-243
464
-204
-340
550
617
689
-614
-945
-538
-18
500
325
-519
-672
-889
-696
777
-745
-570
66
-179
358
460
-972
-876
386
541
126
-158
71
-134
299
661
-862
67
7
-538
-66
215
78
154
654
-697
67
568
-140
-855
-823
-875
-212
585
33
-965
120
569
-575
-392
280
-1000
29
771
-539
625
965
569
-485
346
-725
982
353
-483
-289
431
678
-700
409
-501
-742
-579
978
450
-218
-451
15
-434
-583
401
283
-866
-769
623
911
-470
0
923
-367
80
147
-378
-137
508
-211
288
70
71
794
-18
-165
487
-473
-825
853
100
-39
-40
493
-166
-707
551
-556
490
-259
-27
199
139
748
733
-687
-786
-738
-247
830
943
151
-685
775
-889
431
-167
270
462
-994
202
823
846
-647
685
-398
-877
-455
192
-495
-353
277
718
-374
202
524
730
346
-698
273
376
-396
704
323
843
901
-189
-153
793
469
214
-476
554
701
742
395
-65
287
-130
113
-448
22
610
-245
-2
459
812
373
-473
-671
-915
-785
-569
-258
757
-316
156
246
174
-232
-830
357
386
397
412
-343
-258
-478
596
202
750
489
-310
-889
599
-861
57
110
-125
-101
-937
952
503
-709
-197
783
-79
-385
-408
780
493
692
-568
257
-409
-212
212
320
346
2
-129
-618
-441
-940
99
-552
-478
-142
3
-264
-602
353
-257
-364
-600
-948
614
-469
776
791
-586
125
388
993
-481
-226
440
103
133
-778
-640
255
980
-648
190
-361
766
957
742
-198
944
620
-394
-52
-29
425
-557
707
-291
-345
-17
-366
-536
-917
-665
-254
-741
-81
-551
-209
548
15
-334
413
935
147
917
-186
-528
-455
-696
977
84
495
-967
511
-923
506
-674
101
661
-810
9
-862
738
-677
-774
-4
-400
648
46
-693
-764
-850
-410
-927
828
44
-382
-220
-324
-414
156
602
787
-764
-94
-224
-532
-723
-597
-713
848
-467
-374
507
921
769
64
-303
-814
-226
-900
893
-198
-375
46
989
-25
629
-407
166
-249
-262
422
-599
529
719
789
-991
986
-843
-33
859
-284
223
295
226
657
657
-434
855
101
-252
-634
42
-439
835
-258
855
-20
-11
-516
-129
-140
-777
-678
-62
-350
773
775
-778
-797
597
381
919
915
513
834
-181
141
191
728
-16
-227
174
48
437
390
-561
172
370
-289
-658
993
900
-632
-213
251
9
-358
-839
-374
-812
397
-285
779
-578
515
598
-718
218
209
-545
242
-638
174
433
927
563
820
-142
298
210
548
628
92
-679
358
955
398
675
349
608
-763
-193
-727
945
155
804
-314
706
-376
706
690
388
400
-288
-708
144
597
-312
616
-447
-611
-581
783
-341
31
994
-77
844
871
-174
240
-851
-727
-549
797
916
674
125
274
666
-871
-584
-156
964
325
-786
956
-720
-424
-729
245
46
-919
161
292
-136
448
354
-30
-800
122
28
997
-124
492
363
765
-432
-108
894
490
737
-502
-81
-118
-927
-842
417
-592
-364
92
101
-224
494
-782
841
-233
191
722
-498
504
604
362
20
593
-342
241
516
-228
729
-796
-311
-271
-356
719
-148
169
-271
-729
-293
-947
-623
995
854
317
421
235
-714
924
66
25
-7
553
-349
556
-98
-840
-637
332
745
47
-173
-505
-332
-131
-146
522
451
740
-602
-437
-606
951
-246
995
-323
639
-777
249
299
456
-648
218
-360
88
891
420
-370
-545
241
-303
768
505
-126
-750
498
-559
-405
-527
-696
672
581
-744
697
131
307
-289
-561
586
-920
-128
-130
-691
514
248
15
649
391
-426
489
-120
874
117
-950
-865
-470
-250
-121
-768
-344
487
478
-288
114
816
292
-813
-927
-932
-832
-573
-69
788
-142
-64
-906
583
610
385
-774
-762
-607
233
626
139
750
900
735
618
-729
-288
792
-960
457
-647
545
-616
-825
221
327
-803
211
878
-378
169
284
-59
-424
-37
404
964
138
-921
188
-236
364
664
798
-787
180
321
-329
932
-784
161
-193
-130
-538
756
-330
-941
42
-842
-99
478
-596
-78
-962
-543
-582
-871
-263
-395
345
830
-3
-274
-420
254
-721
-499
943
318
649
-336
931
348
994
-140
-811
-505
406
-53
-771
-885
-670
-8
-800
-700
958
918
387
-892
-169
873
701
-689
-376
476
-873
-253
-28
-583
898
886
387
-152
-555
392
-409
447
-382
-153
-695
983
884
-448
-891
399
-953
-13
-33
-23
-668
-112
480
-413
-56
-146
433
592
-832
-933
466
549
-830
-371
-440
384
203
54
-367
-590
-831
-986
-379
493
932
426
187
376
-522
-397
228
351
-557
-942
-119
311
-1
-161
444
544
987
872
-675
-764
788
614
924
236
984
716
5
-143
293
649
-611
-81
416
-644
-425
550
-513
-185
-684
506
724
-931
741
91
-90
757
-34
495
-99
-192
712
-982
186
-153
-781
176
801
-227
39
-367
-652
-237
37
707
-67
-133
-257
-642
151
-667
496
48
809
-587
761
-480
929
-203
569
544
-215
838
648
412
921
-286
-991
192
393
749
-918
822
-640
-262
-47
-773
126
-390
-747
323
-286
-977
333
531
905
942
-247
589
4
-989
-877
393
468
-242
849
798
-827
-468
-325
832
-892
113
339
-973
-834
752
-683
-291
663
-67
605
938
84
-535
944
569
293
-419
648
-892
82
354
-945
269
-319
-611
-745
-717
402
-456
323
-28
-25
-85
918
-308
739
-166
486
-916
573
488
620
854
801
-919
139
-171
-749
-59
-837
-103
561
-152
433
-721
709
-762
-99
608
963
780
-17
-592
-379
321
262
-266
-655
-244
-121
-404
467
831
134
-804
-996
113
-588
970
-985
-22
-426
209
-380
-633
-483
85
-237
-691
-985
744
414
-822
66
280
627
311
-616
-731
-915
362
-708
752
-818
7
479
-225
-69
-810
750
-930
36
-95
92
-913
702
612
536
-414
-833
-137
-485
-1
-874
295
-128
-32
-572
-208
128
-292
-37
983
-935
-258
785
-61
218
-684
-240
908
-595
35
814
492
354
-568
-540
-813
228
-310
638
-810
75
-885
350
-553
-451
-884
300
-689
49
896
446
-600
-718
-231
-480
-360
540
751
641
-585
-506
-545
778
113
-548
240
155
23
-441
-607
-109
-880
-453
509
427
782
206
-463
-752
939
-544
-332
396
833
-373
277
656
280
88
-237
-48
-757
-213
-747
-597
-492
-163
602
-203
-378
660
234
51
409
-639
988
-94
383
-171
-463
324
853
177
397
-408
-986
-248
-202
676
-807
-957
756
-30
379
450
201
-395
7
-230
234
-361
-942
239
715
272
451
207
-631
101
-49
-696
721
442
-765
135
-802
-75
-726
190
-848
-623
159
513
423
251
-820
558
110
429
544
-234
-587
405
-320
-244
551
465
68
-583
155
569
274
-118
677
-312
680
-937
-948
489
82
0
343
-102
252
-234
736
527
-14
-493
-118
838
-365
631
975
867
275
880
834
-200
239
-75
-108
370
-724
399
434
818
856
-444
-581
438
-702
-910
-801
-524
758
-43
-574
210
-480
-923
-640
917
162
-850
-645
-427
-943
-995
-784
745
41
852
744
-460
-960
763
394
491
-312
916
-643
993
-898
-264
668
-446
640
866
-238
168
940
-488
564
413
-637
-862
62
-546
284
-999
-187
-760
-171
269
-292
355
580
722
-605
-185
187
904
-39
-786
362
422
322
248
302
483
-301
-187
-520
-336
378
-493
313
949
-405
-652
297
-873
-811
-438
-857
-62
916
-846
170
553
703
-197
-651
-985
881
-31
-455
769
37
-53
981
426
-134
941
233
-142
-90
-246
392
-228
727
41
-756
715
596
163
691
696
-781
-985
374
82
323
-102
-597
819
521
-82
608
-53
489
-738
536
-260
554
755
-13
-943
-692
-986
-875
971
-571
-765
-488
-919
998
310
-243
531
-179
868
158
-957
596
-119
-417
417
-266
-551
131
186
866
693
-421
412
-680
829
-807
865
-512
556
-413
677
-150
-972
451
-747
704
-761
154
934
119
527
-891
239
917
859
-904
-731
604
-666
-106
481
580
-987
-701
-145
-761
765
-463
422
246
143
838
-561
-471
-383
-689
-125
-924
-374
-275
902
181
858
622
506
121
212
-345
290
718
169
-579
676
787
-175
915
41
940
-424
-851
-220
706
596
626
-660
-393
-721
17
520
-89
405
507
854
-326
-838
-914
841
-26
-23
625
-131
-47
997
539
807
-332
-450
-465
-275
-118
819
610
639
-792
-370
-292
-47
-24
-608
-548
-953
541
-103
-506
428
-341
-60
-680
910
-146
-691
923
89
-440
16
501
-818
217
-769
347
-80
-346
608
-349
396
588
337
-745
-238
-338
-727
982
-204
955
524
900
-151
603
730
242
735
439
-444
329
-309
712
812
-881
-754
39
713
-548
438
276
932
-298
605
195
-926
-936
-413
32
-307
193
995
531
-159
537
356
-978
-767
-258
-194
-492
-237
157
-521
-412
687
-243
937
-702
639
436
994
871
-621
317
520
-353
-492
-447
-985
400
338
466
-296
202
-627
871
655
346
-964
833
-975
760
-34
-307
464
-207
43
-958
-443
543
581
890
905
995
-208
621
928
277
555
680
-222
354
171
765
695
-251
131
-28
911
-304
-447
191
75
-663
680
572
-133
146
197
787
757
704
-768
415
47
573
769
522
-935
73
-708
-880
714
124
331
-394
853
-522
647
771
-281
-633
99
-852
912
346
-763
-962
444
508
865
-428
-835
-453
131
-935
-57
953
489
-9
296
-160
-949
478
-559
831
888
-400
-251
-734
-674
-839
829
689
69
-341
341
-129
-151
856
967
386
531
-55
194
290
51
-261
-122
-134
-501
713
399
732
27
116
-372
-367
932
-768
-373
446
603
520
-206
-702
781
610
220
508
633
-132
495
761
-225
-474
-410
107
-29
409
80
101
-387
965
-428
-862
-592
312
-210
-330
-987
-662
971
716
-93
-90
157
-33
701
739
187
436
-695
-911
-904
212
-24
-866
-49
776
951
88
-664
541
-431
989
905
-713
-434
-674
-436
-511
317
-14
537
130
-407
-490
480
363
235
963
-587
445
-516
728
840
-200
724
118
-97
-305
-236
843
-429
103
812
-635
820
-579
-598
-856
922
-825
-47
-533
969
-254
978
-275
-848
619
-343
261
990
-934
-922
999
513
249
-218
466
972
338
-339
38
964
150
-317
931
216
-278
456
-388
-901
59
869
-182
-640
-990
641
-578
-304
-653
604
958
298
-449
-133
673
-792
-710
353
-106
-311
247
439
-211
625
159
664
873
-70
-688
891
-291
-828
-158
-483
-140
560
-555
-470
-403
197
406
712
35
477
256
-128
-54
-944
607
426
-411
-725
-352
-731
885
508
-251
512
604
-164
773
823
-432
-599
-577
621
874
-801
366
690
-882
-413
-344
49
661
-836
-671
921
-937
814
941
-106
-12
212
-285
-805
-783
-407
317
-434
880
-781
459
-479
-841
813
-281
-776
643
-128
-973
-676
-106
-307
-17
-485
-229
921
-10
649
-294
486
-616
-137
-777
154
995
-434
789
141
794
760
-728
-44
-504
428
-504
-683
429
900
577
-201
663
60
232
40
-756
921
664
-582
-124
52
745
-613
3
-14
-62
255
-60
129
182
428
657
-79
666
-222
334
524
262
-411
-970
-412
154
472
-322
-25
104
-312
389
97
-113
226
-675
-881
-664
658
195
-853
905
-695
905
601
887
746
-347
-211
920
-687
115
-378
-282
192
-170
891
688
-808
-805
225
122
-752
958
614
-491
-507
-730
-931
-918
863
-933
646
-881
875
-568
-583
-900
938
-869
255
967
-699
410
-339
-485
939
-48
-642
983
761
116
604
-45
293
394
-53
254
-297
-765
914
-926
-907
848
-793
345
-791
628
-859
-503
-95
439
556
795
306
358
630
249
-982
568
162
805
721
-532
-562
806
-597
-658
-443
141
605
-472
627
7
345
437
17
-325
952
961
818
707
-526
332
-311
-265
957
541
-332
868
-640
467
-775
-836
275
263
-789
743
-155
157
697
936
521
-215
147
-614
-434
815
-294
409
-742
-253
867
61
818
-658
776
-656
-503
594
684
-127
-574
629
-8
-47
275
-631
230
331
248
700
249
97
-463
875
775
-879
570
-239
-891
-810
-475
-434
-611
507
69
99
366
826
-951
-791
80
-685
100
-383
-765
984
-859
-74
35
517
-504
398
778
-403
-936
-960
-894
-257
-737
-32
-363
-648
427
726
-397
-719
-225
-820
-673
345
-749
582
775
942
73
203
78
-683
782
-798
-329
473
-216
-520
480
-224
-366
813
873
280
-255
-129
-929
385
-830
-273
698
612
131
-241
207
-415
-54
-868
-974
-857
-602
-119
-275
699
-736
-303
517
636
-211
-114
527
-419
259
759
399
81
485
227
600
-139
-67
-3
-75
775
-522
16
530
-987
-45
-863
968
-320
-306
124
739
-704
673
-553
338
400
-5
-541
75
-375
-705
-16
776
-435
543
944
466
-982
401
36
824
15
571
914
-484
-886
32
632
298
991
-345
-454
806
-122
-284
-536
833
427
133
187
311
441
651
542
9
816
-717
825
274
418
-32
-504
680
94
695
-118
848
548
887
-939
270
104
370
391
-904
305
-259
-920
-650
-511
-512
-997
57
14
202
-701
469
47
948
-542
604
3
32
301
-8
-102
622
-389
-556
-777
458
-580
-217
-67
-858
-730
175
823
576
-869
214
-76
959
-777
-428
-865
959
-411
672
-932
743
-224
932
-321
883
-297
-580
-745
-477
-534
-70
535
-337
625
234
500
-187
540
-899
474
-815
341
-140
-246
-8
434
155
702
336
678
-577
-178
943
-409
-899
-758
351
-198
-551
-969
731
-806
-760
983
-487
488
-582
-239
52
29
-521
911
-444
250
-523
342
556
192
-989
737
-319
428
518
614
-318
-678
621
-454
-841
170
-14
880
-198
416
-624
-452
-820
-379
540
-474
-954
-357
241
-86
350
-66
620
605
114
-650
145
298
-668
-935
167
-935
129
-354
-9
-543
-449
699
924
-283
-333
304
183
794
253
76
-429
185
385
-611
-753
-865
-222
-26
-835
641
812
-344
-425
-195
766
-205
-551
524
-829
-778
-386
84
60
34
522
554
-149
796
-175
-267
-770
786
771
-787
870
-203
-955
129
-460
-380
349
392
-577
-423
-710
-320
-684
877
-995
483
826
214
-552
311
592
-719
977
-748
-874
603
898
768
101
329
97
598
-884
343
375
502
104
-195
496
533
-129
990
-242
-379
105
186
73
-704
-597
20
-937
62
721
-691
-60
790
-233
-673
382
992
325
-90
-64
185
69
-296
-743
-368
-718
646
-984
637
31
314
-361
-847
432
-48
-831
185
-727
897
-624
-644
642
-213
39
-300
-285
956
-423
-327
194
141
-267
-199
262
108
991
-780
-554
-863
619
867
996
642
648
680
-385
-30
855
721
-311
516
919
390
983
637
-705
962
-370
-745
583
-17
-864
498
659
842
50
582
-724
-587
-791
-541
733
107
-559
-39
-489
638
570
532
-639
780
559
-65
-928
576
820
537
479
229
795
-76
411
-266
563
-6
270
992
-722
778
-938
-839
-722
-287
-383
457
811
-700
935
-842
963
57
-429
-625
-498
-442
415
-450
-291
-303
-516
48
975
-282
699
481
848
-297
875
-896
174
974
751
386
-983
557
619
-782
-634
-313
-437
-410
352
-377
32
-740
700
638
520
-972
-777
-422
-775
-937
174
226
-711
453
-695
-434
-355
-787
485
-45
732
277
110
-307
64
297
-715
436
-696
-176
531
-159
989
-518
-758
-70
863
-907
740
185
202
31
-469
955
827
550
308
-252
-151
715
921
-225
-510
-619
-943
-461
819
642
-307
370
-365
776
-14
-901
204
266
575
959
935
982
618
-63
-348
939
-117
246
-189
-1000
884
-789
418
-433
-245
-778
-189
888
-170
757
904
914
738
595
-370
-620
496
-311
740
-126
-83
81
662
-53
684
645
-646
-833
-190
326
70
142
669
505
44
-836
-606
635
-12
-880
418
-330
484
475
-168
-133
-434
374
-863
351
758
261
648
-845
591
-440
222
843
-319
879
995
784
696
-963
883
224
444
838
816
-109
873
-782
711
473
250
756
114
815
-697
259
90
-239
584
-137
326
-871
165
-848
100
677
-756
-80
19
407
-307
329
363
-74
21
-79
-391
689
-890
-318
-197
756
-625
318
-444
611
349
159
301
915
846
-787
-567
712
477
-952
-542
-247
191
-763
869
-320
-967
342
-329
957
236
-462
243
-230
-18
564
513
-311
-330
318
-892
-662
132
30
496
329
-245
-455
-843
-284
-789
580
-291
-406
-545
402
-818
590
240
-216
509
555
-572
-276
288
-510
791
299
-323
-706
964
729
420
-247
-528
484
-555
135
-653
241
-432
896
659
-456
-200
-245
591
-468
-798
742
918
-430
496
-493
993
-301
756
-676
323
300
19
374
220
-589
-439
-445
-444
68
530
417
42
-855
-132
-703
-423
792
215
98
868
-922
-475
-756
862
185
772
-920
-632
988
-203
28
-808
299
-920
-235
802
430
774
-3
358
995
-86
-980
758
532
-131
554
-239
263
-834
114
-591
-572
746
194
766
881
-787
352
957
-663
-315
967
632
284
-274
-225
-501
-192
112
650
-280
-859
770
-758
264
437
137
704
-721
-902
-831
-881
474
-918
-234
-161
856
174
943
-978
626
-624
232
672
281
483
-517
-345
-86
876
-533
159
-928
733
-404
-160
-474
803
-62
486
199
-347
-764
-851
740
989
-468
-923
129
-413
-497
-75
-499
533
-269
700
413
-781
386
547
-732
934
474
207
512
-687
-594
-270
-13
-81
572
321
492
780
731
-688
-301
48
385
-359
-834
-362
623
-485
-846
282
186
-225
-839
-815
-809
-714
-660
-717
930
527
285
-269
298
644
-348
991
621
-332
-620
-526
-677
252
-391
-521
361
-370
-111
361
533
611
-332
-987
-31
-772
545
49
-370
-316
214
806
-442
194
-837
536
198
491
-644
54
102
468
-911
-675
-937
772
-148
7
984
8
-145
785
-780
-639
-473
922
299
-568
425
-874
-980
545
535
83
-948
-755
-434
-124
37
201
16
952
206
-796
-775
-209
-493
-242
240
-93
961
108
-756
-703
0
361
-160
59
-979
822
-28
742
-957
465
210
-226
518
579
58
842
747
452
-654
730
743
457
382
525
851
13
40
-17
-871
206
-324
959
269
446
146
286
-149
-85
712
3
-535
-1000
-149
-820
792
905
-237
-257
-3
574
393
-977
358
727
837
874
683
214
-1000
-465
243
641
-974
301
560
-650
337
-442
-952
-86
136
-494
-447
-790
-153
-704
456
899
-787
759
-915
-292
-826
219
-129
-255
-222
-164
880
-853
565
-280
836
826
68
480
555
212
274
471
489
-41
-169
-137
-625
811
170
-882
-825
996
-533
582
289
835
608
-269
-923
763
-503
373
-124
-767
-558
957
640
-724
517
971
340
-228
-727
-858
641
728
187
454
679
463
167
-741
-708
752
259
272
716
-123
-680
809
-483
-486
-2
-294
733
-612
67
-142
-406
940
552
-252
846
-398
472
-250
-298
-385
902
466
-579
-389
-910
-838
-215
76
-73
-680
-910
984
372
644
570
722
805
-258
-482
0
-931
779
535
13
-366
221
365
-870
726
363
985
-192
-755
288
-603
513
368
223
243
-916
-900
820
-25
-66
-297
645
-239
710
370
-297
-757
417
-76
-627
779
884
-744
-149
597
-295
292
-278
-687
112
596
-108
708
182
-556
-898
286
995
-665
-218
-481
-275
22
257
-314
730
-744
-873
-232
435
-390
-773
425
917
284
-718
779
-607
-280
5
928
418
-561
-206
-323
398
418
-132
269
966
314
-974
62
-664
996
125
-499
-316
461
19
905
-645
-667
-311
-666
179
-813
790
865
823
-299
914
-517
-757
402
-275
420
333
15
-596
-667
-408
266
110
601
-142
-522
-387
201
-555
-493
431
83
331
905
-52
-122
-862
257
-854
93
-833
-832
437
21
895
-15
346
701
-984
942
-238
25
942
683
-772
-941
625
271
35
127
-892
-209
831
-680
296
361
-761
-580
359
-582
964
834
-947
-452
-240
-621
945
96
77
-452
-655
-476
483
622
-853
385
-191
784
936
-957
709
-814
-286
-874
-682
62
-713
-999
494
-835
390
514
-602
644
-619
78
393
-231
629
755
-310
-363
541
-812
-958
-568
-956
-816
-975
-460
843
727
6
-697
854
458
217
-680
-182
494
-602
29
258
348
-76
-857
-932
809
371
299
256
829
709
-579
257
818
787
683
-852
-885
400
-93
-819
62
650
770
209
-320
108
378
-570
-133
-399
-305
495
558
532
-97
228
-271
-733
-324
486
532
401
391
415
-93
890
154
-744
936
-15
-527
900
-371
-234
934
-678
556
51
-711
336
101
-779
-8
-46
-581
-312
0
866
-69
987
-80
730
-870
-829
551
-691
-262
140
-310
-85
521
281
-749
211
-921
-820
680
-973
257
-750
-441
474
367
438
-772
799
246
965
-721
427
-758
193
189
-335
-652
655
433
237
-852
-900
398
762
308
-628
603
462
96
595
764
496
389
92
-534
378
925
262
478
345
-268
-97
-961
-447
499
-71
549
-786
407
-839
745
293
-164
-594
491
600
-901
862
-913
889
317
-996
-874
-970
-101
742
-556
498
500
523
-925
-923
-70
-934
84
585
-663
-667
-835
293
-379
868
-157
631
-801
134
-187
-118
451
323
-126
-152
-79
-67
57
152
-986
404
-965
-120
-633
424
-417
-138
-998
393
-862
-904
865
923
-216
-212
-173
22
-332
761
-344
-695
895
-364
-464
-754
-856
-129
481
-855
809
-725
-228
842
386
351
91
98
-859
529
441
802
-83
-304
-275
-162
-421
468
-635
-175
558
206
-741
-246
110
441
582
100
-122
146
-112
772
540
739
-433
219
366
522
99
-101
186
-135
699
-89
-727
-777
228
-525
-246
-684
350
-966
183
-631
-19
846
-538
-498
329
-759
-962
-123
242
851
452
995
-811
845
-767
495
611
-247
1
163
-476
893
459
-32
-953
732
-664
-34
-604
-44
290
352
561
903
-102
230
-419
-255
326
476
-644
680
-555
704
96
-766
-784
961
816
-336
128
242
824
-313
-650
-770
-964
-225
554
262
378
-555
-909
-794
347
75
-273
53
310
-481
913
-181
274
-279
-427
381
309
78
-944
-765
45
-206
-936
-37
826
282
-675
791
-617
928
-364
-895
-221
591
-754
382
-784
269
-983
-96
-441
153
-845
390
-538
-630
-666
-802
-696
295
100
-69
495
421
-112
626
-176
-581
982
237
411
-159
249
770
-635
823
-56
846
4
-718
-181
-181
550
-255
-64
193
-386
30
76
-551
-483
-193
608
-852
537
636
586
-198
-788
-884
-203
-842
364
-776
14
398
-446
705
579
745
217
589
602
-727
581
-692
524
608
174
952
365
-305
856
523
-984
-342
-849
332
235
759
-700
401
508
-587
959
600
-105
601
-113
672
-635
323
358
274
-902
-257
602
317
-773
440
-583
-513
-678
-649
-884
47
-128
-631
726
-361
486
670
986
32
624
45
-377
741
887
-170
897
345
-127
688
-4
-619
-50
368
-297
778
-494
187
-333
628
186
-302
-593
527
749
-867
-670
-109
-863
947
-957
171
-170
-76
264
964
-989
329
490
257
-773
-348
113
-597
651
65
-367
677
180
-898
305
685
-113
711
179
-705
402
-743
517
-909
-995
-119
-29
727
513
653
-89
856
414
327
-865
265
-473
-349
-696
-218
997
502
-836
771
148
-107
262
765
734
-56
622
-62
258
643
-907
-36
-527
596
158
280
-635
876
343
-427
430
-428
-428
40
202
273
-570
317
111
-111
844
407
-200
-43
-522
40
-357
-887
306
221
-13
510
758
753
-305
-583
-88
-686
-714
373
-515
-896
-75
-429
380
817
-634
162
654
-895
766
-135
-635
-137
-956
-320
918
-237
649
-305
-268
-732
-440
-306
875
950
-468
-564
-555
-536
8
-212
604
507
-409
-695
301
39
817
698
-299
216
-970
480
-277
533
266
-132
-694
1
-83
-739
-295
874
-474
295
312
127
-917
256
-919
-945
-160
853
-599
-468
-807
-7
-630
-593
-914
941
-978
-155
618
170
882
-122
-433
-597
-60
-634
251
248
787
-139
703
190
402
-303
-751
938
-472
779
608
356
423
-201
-81
504
-858
29
-223
239
125
76
-241
60
-659
-962
-616
627
954
-777
582
644
535
551
-135
-107
-676
127
-638
653
-203
-688
894
381
314
894
397
-295
919
516
910
-972
407
-990
873
666
802
33
-728
710
-240
886
723
516
-376
165
-346
-63
-630
29
-287
62
118
-351
-947
756
631
967
646
753
591
-871
-103
-576
-689
26
-293
343
-269
-14
-269
-774
-951
250
-315
812
700
467
-916
6
-831
-240
467
-768
269
-604
769
829
657
118
-81
675
883
737
342
-937
-230
-936
-710
599
-618
-250
-51
881
-535
452
673
354
358
-972
-434
-936
-155
538
44
-552
-273
939
270
636
268
-531
603
-700
119
894
-454
-211
-565
448
745
688
413
-671
-118
-607
-411
569
-117
983
666
157
-368
171
136
81
-465
394
-767
283
-744
-139
317
-734
127
-168
-449
964
56
887
-345
23
813
-589
-147
-425
-449
412
-704
-242
87
321
763
386
-569
532
-896
-599
-574
985
997
-937
-156
-868
-104
-408
927
897
383
249
-540
695
608
-816
938
-138
-166
-20
-978
872
-625
-585
24
84
-114
327
21
5
-447
-588
918
633
912
405
-780
757
-768
-349
-993
-586
427
-849
226
-654
-291
223
-828
781
200
-781
-979
104
-539
-970
-942
835
344
-320
-128
483
-130
-472
-302
287
230
535
782
500
-535
136
-974
-375
-841
-533
-698
-227
863
809
-226
-213
187
-687
-241
-161
-954
-63
219
-525
747
368
491
-973
699
-56
760
479
-406
834
757
94
295
506
109
-98
983
-511
132
-278
188
-704
-499
885
-505
-758
-200
-717
-249
411
-667
695
252
-227
330
343
29
-439
620
332
-46
-934
717
197
-433
541
755
-742
-386
-604
657
-434
-600
10
772
-50
-737
-990
-852
-937
-501
296
-395
580
-241
89
881
436
407
-402
-461
-70
417
-862
-549
686
-923
-379
9
-511
82
874
-624
-994
838
411
-824
-677
201
924
-576
719
183
637
46
174
712
488
564
-881
-722
603
-63
-946
986
768
-559
-610
-276
-73
-381
-378
-987
789
-475
268
-662
-715
-867
-208
151
-675
742
-209
-418
604
-171
-217
-325
704
472
-182
389
452
-582
-132
3
262
117
503
-392
902
84
942
908
-86
-700
-498
-23
-578
503
496
-17
-119
-444
667
-508
-692
-98
310
-772
-237
831
843
80
-370
-127
-377
702
489
-775
510
-195
806
-287
76
-373
61
321
70
902
954
-775
943
-141
-780
-563
-970
-610
-162
988
-227
-434
-554
975
276
-172
-981
11
372
832
-260
-653
728
-432
-228
-210
197
103
737
736
986
-443
939
-985
114
-872
-702
469
-394
895
-856
-316
880
775
301
155
-5
132
-190
-36
-250
-962
-107
-298
295
-443
299
-306
748
562
-853
902
188
587
919
167
29
242
342
640
-386
604
253
-6
372
169
-676
199
131
-283
-684
-441
306
-294
54
855
-799
-449
-393
-330
-362
977
-753
-395
-574
76
-703
-485
-653
997
-523
786
-238
56
913
961
461
-758
550
-25
-641
-854
-25
-271
-453
233
564
840
-840
82
-332
-934
790
-569
-911
851
-721
-182
509
-728
-216
-843
387
-705
-586
87
-471
-962
414
972
-95
623
821
-969
142
173
406
-66
131
655
-990
-877
615
109
273
-934
277
-573
-682
395
-496
-975
-847
102
900
-100
127
430
327
69
924
388
831
596
-264
-159
-179
-319
310
-49
966
-946
65
-699
-989
212
-806
-579
766
921
285
403
173
971
386
748
-37
636
-529
-192
-639
377
986
438
308
889
779
299
440
-465
800
-17
115
587
699
-436
796
755
598
-477
18
-903
583
597
-664
-646
14
491
894
-461
283
-942
795
639
-916
-538
950
-991
-732
-502
612
523
792
962
-980
713
771
-147
967
-195
-887
434
195
-856
-504
901
-618
-975
394
-762
-337
-731
-617
967
376
971
-168
-616
407
82
806
785
-300
-390
513
75
-954
268
-964
811
998
-441
-922
956
-523
-312
723
920
105
-955
681
707
866
950
423
324
-917
-480
559
-256
-307
224
277
-876
-851
-368
-673
319
885
-983
412
731
-417
773
-687
326
-450
95
398
17
855
922
-448
692
861
106
-385
-613
539
499
71
210
-951
-835
-235
936
786
529
455
531
508
-158
102
-688
646
970
-705
-875
-688
880
-100
789
-364
-461
-270
-818
-494
54
292
627
953
664
644
-479
258
-498
409
593
-410
-272
-883
-423
64
733
45
-882
557
827
212
939
880
-113
-383
-969
-654
-331
-796
-75
263
-259
120
-883
-341
-526
538
211
731
-216
-457
-143
-80
-175
-780
678
-923
701
-473
794
-678
796
611
-931
-654
-304
561
875
151
-236
-455
190
190
99
672
320
-60
-426
-949
570
391
926
-942
-722
657
-118
-768
-450
719
197
-953
-616
-431
-800
800
-962
714
-744
704
70
278
-445
-970
91
-533
732
705
-947
-728
728
558
284
-357
-236
-834
172
-769
-211
838
-283
850
764
-239
-998
-972
924
432
-668
523
169
-958
299
836
119
398
0
-700
-772
-83
-742
572
-869
-795
955
-821
750
-721
-386
333
719
-870
-113
833
931
777
-794
-711
-189
375
994
538
-327
731
-225
116
-365
-122
-477
-549
455
185
-342
-93
-300
116
-644
874
-144
281
-88
672
-765
-657
-672
-638
431
-221
-416
643
715
696
508
363
-325
-273
629
-566
189
-206
311
-187
-574
90
-846
-79
806
-496
275
766
142
32
255
-870
-754
-630
-229
759
405
451
283
-346
69
-584
485
-766
-334
18
-719
474
855
677
-608
-394
-913
338
-939
203
103
925
324
-423
-707
-551
-330
737
-732
462
-922
292
-72
877
-997
-105
-808
-630
-366
-317
-299
-584
-504
-312
309
483
929
498
-444
-457
600
-60
904
-498
-301
-80
480
982
-431
-680
472
416
259
-385
891
741
-315
697
-138
-749
-408
433
53
309
-531
-743
652
-207
719
636
-540
763
-642
352
-560
295
308
-953
123
-196
309
452
-656
-348
24
266
-924
559
-692
0
500
407
-727
-479
-457
14
-635
528
640
-365
431
969
-925
-524
411
355
769
-67
-262
625
386
207
-426
-920
877
124
215
-102
-297
63
-203
-63
294
-888
-502
775
432
-843
419
354
-923
-580
-733
-115
-779
68
-524
-15
-320
740
-293
68
585
115
886
616
-202
-737
997
-381
934
-199
515
622
-561
13
431
-553
-157
-929
-213
-430
-978
673
560
-340
303
225
12
15
-912
-225
-359
178
964
-467
-165
840
93
-337
470
-295
-489
353
-614
-611
388
920
348
-556
948
976
482
595
-192
-187
-326
-646
-77
-738
8
145
-585
-925
986
-593
568
31
185
-275
-970
752
270
431
332
-885
847
-126
-312
189
-539
-44
327
301
939
828
222
973
-587
-486
311
-834
-342
905
-74
99
-192
-511
-873
-290
-653
313
551
-9
177
-726
171
588
421
-865
704
513
-578
489
256
-632
619
-722
94
-260
517
-207
-402
999
-455
749
4
84
-688
-901
-137
255
-371
-365
322
-328
723
526
983
-714
593
394
112
472
-950
-457
-349
998
997
-305
-495
-233
126
-333
-740
476
647
832
611
249
-993
-176
-869
516
956
-388
-309
438
200
335
404
270
22
-202
-725
613
-833
-300
757
-708
237
242
-402
-991
276
660
485
-383
40
-74
504
855
-353
405
391
-30
-877
954
-920
-891
979
513
-154
-632
984
344
214
-708
-592
-958
25
972
-744
-116
-185
479
-934
23
222
746
-992
212
182
577
-796
222
80
926
951
800
-213
-886
-6
-585
258
-407
396
994
-11
-717
-448
647
-206
156
410
623
-431
740
-138
977
265
90
-684
716
-958
268
372
-834
40
-454
843
290
536
745
399
70
-534
-509
-587
-102
268
251
-924
757
-73
142
277
577
815
-251
-246
-890
44
327
-696
-475
512
444
962
-998
-843
924
-573
245
-28
965
472
66
260
987
-88
692
942
602
272
-624
361
520
-817
-651
454
902
-181
-182
-278
244
-449
-720
275
-844
562
-889
361
22
-636
60
115
-125
-201
463
163
-26
840
66
591
244
537
382
-499
700
236
-208
602
-870
-67
-575
887
181
-211
275
-832
184
-153
-874
-214
558
993
-469
-103
-698
353
-240
-53
-186
969
666
165
12
929
-319
-233
64
975
181
542
629
677
990
503
350
663
369
827
669
967
910
-469
-841
-481
-682
713
-61
-438
298
-864
-527
944
655
-494
-681
604
-34
-84
534
-164
-648
-137
508
-91
278
-34
931
272
382
-233
471
-348
114
689
-780
961
802
872
845
-442
-175
-697
-855
192
150
394
216
-592
-727
-417
116
760
-675
569
-525
-30
989
-799
-8
-84
-993
-375
857
275
-331
-722
-421
-357
-14
-166
-983
-871
-375
242
164
542
-975
-861
276
800
-106
708
509
838
889
712
-131
-801
-553
322
241
-784
-90
-283
-137
873
284
-617
527
-366
-614
-542
-86
-617
518
407
-188
477
758
-81
591
-464
-776
719
389
234
191
-985
-802
658
-729
-9
898
543
601
574
-794
-184
859
-687
403
-631
559
693
-411
340
347
-839
655
321
473
-798
939
-669
484
132
63
201
531
-518
428
942
-398
-669
-897
126
524
633
346
805
501
-449
-467
-491
-332
-970
-2
419
-755
348
-872
-49
-36
-718
671
335
-34
248
737
-521
-951
-57
952
-858
973
186
-963
464
-366
-694
806
-604
576
-267
272
345
157
234
-904
-198
368
-540
754
-214
805
-79
-899
230
-902
685
670
-970
-922
-16
88
128
841
-704
334
713
559
260
-1
-392
590
119
272
554
-706
-107
-473
-149
648
-251
-541
-41
-745
195
-967
797
-149
-983
426
-947
93
-823
192
-850
-51
458
-137
734
647
28
8
-873
-236
329
-959
-502
-884
-293
-368
-53
-279
180
910
-887
310
-610
-904
456
151
-241
313
-755
-430
472
-652
-523
939
-102
-964
867
-402
118
470
820
197
96
310
528
410
79
567
-801
758
-493
-633
437
967
419
-802
972
384
-765
895
-868
-614
-145
-666
762
488
102
594
-502
-775
-843
412
-558
-873
462
981
-67
-548
-794
335
985
532
-632
97
-82
-899
-23
-962
26
859
265
-289
-594
936
370
813
207
-56
-559
219
233
-389
-402
655
887
444
-759
1
679
503
467
-884
-450
199
-858
354
776
732
610
-147
665
-341
-683
719
21
-256
-57
843
345
63
495
-372
148
-712
-11
355
-907
-359
196
766
-334
-371
-981
788
130
386
-991
-323
-360
553
-253
-82
124
-682
300
-78
504
87
127
100
-980
-335
-60
490
126
-891
973
107
913
258
-333
272
353
996
226
216
-631
523
-994
-762
81
-570
320
469
247
-690
945
-852
520
-897
-495
413
-357
273
532
407
-437
5
747
715
639
-5
-245
-917
-488
960
-597
750
-26
-588
-193
625
839
-119
-148
-504
-243
424
-409
-94
-741
-18
-593
-231
348
-156
548
-152
576
-836
834
-408
723
-857
574
-653
-548
35
-597
186
-97
994
-838
18
687
518
908
296
-124
120
676
774
965
632
638
-115
-814
-930
-89
194
-256
-385
-457
-362
-671
-837
18
685
-928
-269
102
-369
-345
-183
-543
-899
349
111
-925
-548
862
-463
748
-515
-856
15
770
637
-16
659
0
151
304
929
-130
-488
669
-901
601
11
872
-748
-512
498
577
-68
826
70
467
394
-169
-330
-815
-743
945
411
-581
-23
-866
956
252
118
389
813
818
-186
-805
-542
59
731
-791
-302
-743
248
892
-665
338
800
904
209
-905
11
937
-310
207
114
-232
388
-849
489
-201
-241
680
-468
-615
-569
-291
-62
369
745
575
510
517
262
-505
613
526
-160
-241
-918
959
546
765
260
-976
365
333
305
-506
188
778
-908
128
-199
105
713
-159
-632
-93
697
-347
-751
428
-358
-319
-261
-492
318
-724
20
-134
971
-620
445
-568
347
-418
-446
-161
953
-770
-504
992
-468
-913
398
307
49
-49
534
-280
-896
986
-403
-872
593
-254
294
439
-521
216
-75
792
-518
233
38
764
67
312
382
-839
-32
788
602
899
-937
-875
-220
-566
855
857
-365
656
-325
757
-78
-827
-952
202
-951
-671
-123
614
71
413
-326
-460
466
-866
-352
945
773
463
-344
620
295
986
-600
-999
-756
690
945
-895
-731
-208
-212
-982
-941
-167
-302
399
25
584
-837
844
911
-819
-690
856
211
65
439
-274
938
-283
-666
-966
-221
230
116
45
477
-833
-63
-195
-577
-180
-7
733
-347
-250
-875
-620
-869
143
-995
236
625
-932
987
329
-770
-502
-69
467
145
654
-658
882
307
493
862
902
-152
885
-804
48
-427
694
-571
-63
-773
337
-301
109
961
-53
271
442
-496
797
-75
363
-473
876
800
980
607
640
52
713
953
355
-790
-633
-124
-24
-251
-385
-214
373
-988
-534
-950
942
-495
478
-640
-753
614
-612
-880
854
879
-302
243
923
-422
-508
312
-883
283
98
-229
923
-564
-138
370
779
-462
-52
-876
-262
-725
302
501
209
115
-357
493
-976
-315
724
438
-406
830
563
-236
-996
526
-745
-97
-485
-936
128
11
-551
-375
-812
-311
-28
-651
764
102
-677
-388
-113
-191
-82
972
-744
858
-159
48
-714
950
-516
-25
128
351
-814
-993
451
-792
428
447
441
783
690
-156
872
-805
-987
-269
-956
-12
572
302
-638
-175
440
562
618
-67
-602
-276
-649
-541
-15
603
447
617
226
897
-678
-407
373
-332
-591
-855
409
273
-700
892
387
-816
487
-430
192
754
10
-534
661
-41
372
-840
-844
-756
779
-110
670
-767
-717
-668
735
313
-911
67
410
10
42
-81
754
421
-611
-911
995
143
-999
-540
347
766
732
304
696
-832
-822
-303
910
-588
-762
38
-667
-324
-224
-666
-435
-38
91
989
575
71
233
115
-222
-430
534
-66
743
-218
-770
110
49
-459
140
710
612
-288
576
-678
-631
504
-373
516
-709
-401
762
513
897
760
765
-952
-296
-979
-237
843
941
799
308
166
644
951
538
-524
983
-405
397
-32
-65
141
234
105
680
-995
511
63
-444
-913
758
-501
-626
-521
-501
907
-455
-79
715
-870
997
221
795
-147
-594
-297
-206
634
177
-987
-796
-284
-837
137
108
-175
847
486
342
-484
-172
448
118
774
-999
-340
616
-936
374
86
885
403
-480
386
94
344
937
-806
-391
-956
162
-235
-11
-77
-403
9
379
150
-493
-217
931
-210
-561
149
752
136
437
554
297
-221
659
-254
-459
-68
-142
560
338
-149
-472
515
-382
-826
-722
737
19
-957
473
321
-630
-965
535
-203
235
-70
-184
820
-105
-653
55
277
274
881
243
-137
-177
472
-162
334
171
-455
-879
503
-205
68
-182
-483
371
344
-653
308
-404
710
-576
-541
-431
708
-987
319
127
-979
-15
50
-890
-27
268
-102
88
-789
632
813
684
-361
486
-598
-721
-78
-39
-868
393
981
-801
-856
-681
-6
433
-491
490
287
696
-69
412
697
394
-61
-742
772
384
623
114
104
181
787
-422
-616
493
224
427
-44
-801
-334
152
-17
433
111
-705
-501
511
143
-486
607
-201
-373
194
-38
-429
-898
50
546
-236
-71
35
-491
-408
-333
-39
593
-8
-275
713
591
721
115
85
377
-515
-146
198
108
748
-122
741
-983
388
-363
630
198
131
-585
817
850
-132
509
478
965
230
-383
188
485
381
-924
95
677
946
-173
-668
696
550
-168
897
-845
383
877
-978
-671
-748
-805
-758
-64
555
657
540
-264
-276
-993
951
460
-926
354
696
-535
302
858
-705
923
7
663
920
511
754
35
-11
-941
-391
440
-502
-230
-517
418
-892
380
737
143
790
-519
-456
-13
-78
-690
640
-983
-703
352
96
99
-817
-218
-381
-334
694
-413
-269
-527
645
368
-224
-228
44
360
-707
782
183
189
504
856
-779
-919
-204
-643
-157
-833
117
-6
394
415
-441
819
722
-120
379
-7
273
-713
-770
-345
613
-34
-312
-500
-983
-703
478
371
455
537
261
253
-965
507
-92
272
575
883
-812
-759
552
-550
-553
-562
-564
-602
194
-706
927
-160
792
-935
473
737
804
716
-443
294
466
-636
168
259
267
404
-164
-156
-628
-334
457
-386
-350
-741
-961
-397
180
631
674
-27
-660
-825
-286
98
-333
267
-379
525
-616
640
611
590
845
-634
351
799
-913
-496
-595
-873
-705
549
20
-924
-638
-973
18
657
-191
-541
86
-681
-66
-361
-754
-496
228
-560
-419
70
-119
989
857
362
995
-675
414
-863
-268
-219
-686
361
947
589
54
633
-232
837
-746
342
964
-522
-370
-318
27
-685
-984
430
-369
877
-842
592
330
262
168
705
-505
-243
-533
509
974
776
-993
-707
-310
-720
307
353
-967
326
-610
822
-129
771
-291
520
599
670
-12
145
248
390
-973
