1886
52
590
675
464
581
981
-116
91
-972
-212
470
-303
149
-711
-215
-376
-558
470
-992
624
171
246
296
-368
615
658
404
219
152
341
-307
-753
-739
-704
-186
746
977
-566
989
665
-192
-904
-451
-626
266
-795
-655
717
80
-290
-444
563
492
237
804
148
157
-193
852
287
-513
356
-832
-48
-951
-221
396
-477
288
-361
917
-609
-439
491
-215
711
156
301
-30
744
164
465
-755
-177
-734
-203
121
571
-207
652
-917
122
-795
250
-657
-493
-275
-437
584
-913
-457
-912
-280
-60
-142
-777
236
959
-641
-443
-129
-114
-95
-685
-977
-776
35
579
332
-518
169
-67
-180
-194
-946
490
43
-615
44
-244
560
18
571
328
-949
938
-208
113
91
477
871
-430
60
659
-868
-120
-99
66
354
-438
639
836
390
-394
-822
-511
126
-951
-502
649
443
730
-458
-96
830
883
-399
38
903
-723
921
-430
-40
744
-707
42
920
212
972
-478
147
-930
632
494
-721
794
-118
-858
729
698
495
-427
62
-680
255
-482
374
-634
-578
-628
650
-177
92
563
-138
9
423
-904
649
474
608
634
-918
-92
763
-356
-411
-801
-160
-159
531
-495
494
290
344
-548
-33
734
-75
-396
599
-257
157
843
534
-187
757
-549
669
-351
-43
512
-35
-208
811
-576
554
338
255
-217
815
166
-992
-445
108
-716
445
505
-86
-570
496
866
-722
-28
-75
-811
492
586
89
274
-349
9
-946
56
966
215
714
324
-917
-317
-626
568
-948
-823
500
163
-341
-882
34
418
355
-455
364
-381
-183
-674
150
-383
818
-104
-298
-975
-307
-957
-888
-472
353
691
-917
87
721
388
-791
-188
-4
-545
532
-682
-830
-907
-805
-772
959
-821
-548
907
-772
50
195
179
235
-46
-975
-948
-704
99
904
306
800
-392
-766
-422
-383
312
290
-160
720
122
370
207
-526
652
75
-532
578
-976
-797
-369
793
36
561
-722
972
765
-820
-616
-993
127
801
171
-248
-934
115
35
382
725
461
-224
-1
-880
-317
546
-287
-279
-361
404
-112
-339
-137
-446
-714
-872
579
88
-103
395
-724
-680
335
-199
200
-601
-916
286
658
677
-836
-84
-129
-248
780
980
-917
420
418
-675
514
793
125
-460
-886
568
-298
-911
382
163
-330
-207
789
-735
-350
37
433
618
-926
855
-892
661
-721
116
-517
620
-646
794
-305
-728
-663
-497
-111
415
-852
187
258
-906
-50
-204
-347
-636
455
228
-580
-490
78
921
-786
-104
140
216
-741
742
-772
-481
230
768
-354
-186
513
227
-454
-639
855
-710
-270
-155
98
-80
241
628
525
-448
-945
-489
339
667
838
423
-714
-283
415
-57
508
685
-730
210
-412
567
668
-419
-522
152
778
-152
-199
-195
339
230
478
-471
-285
662
569
-935
500
-338
559
-59
-593
259
475
597
-81
-344
-837
493
-559
960
-984
-777
-793
513
227
940
-724
-617
-342
286
387
-30
-119
37
-456
190
-786
276
-360
-995
101
-137
-52
931
-638
235
-385
429
493
570
-687
-898
934
658
-203
-24
-150
49
501
-284
-209
176
-731
782
457
-904
325
-497
143
-907
127
-56
-73
-890
-143
969
-338
-339
-923
91
996
409
363
-256
-124
-786
-904
-843
689
862
727
768
331
-42
446
-948
-79
759
652
542
-879
-224
-817
228
-373
-923
818
-631
675
-147
675
359
-715
909
-974
-295
-141
-83
-443
236
-518
-172
-744
770
-973
694
626
626
-299
774
580
623
855
296
90
-461
-381
-1000
83
696
231
-175
142
212
245
-69
-806
-962
-871
564
208
257
-741
9
-372
428
-982
-62
565
995
329
-920
-338
-378
-474
179
-699
-69
-411
20
-439
-742
747
-581
489
518
-426
-986
-264
83
-646
-457
-580
-824
-586
945
-315
627
-171
-721
-85
227
593
737
-464
534
-238
772
452
991
-925
-452
-873
771
726
-896
762
-271
190
-558
879
-356
409
-54
798
-810
-895
-497
-759
-662
-952
961
631
-474
-767
-651
141
547
-370
-706
-661
-669
-637
933
338
-778
-983
820
739
-359
543
-876
-733
-596
459
-223
-710
717
718
-825
-245
-522
518
828
894
416
397
682
601
-861
318
134
-787
331
936
722
-115
-72
283
539
937
466
-257
-240
-600
167
-381
-736
-876
723
-509
350
799
-853
-892
-460
772
742
-359
-879
-24
-264
887
-895
336
-260
-11
759
636
365
397
-471
-608
-623
112
-472
-125
-957
678
155
80
747
-461
679
-54
-484
-251
221
-547
-486
-311
112
-737
-410
765
353
-154
232
48
-487
-637
-88
470
610
-853
-344
792
-174
471
226
344
709
769
-487
-190
-985
143
-418
813
-213
924
930
-671
-230
-735
387
851
235
483
-763
44
-341
-74
-866
-24
186
-768
621
-39
946
744
712
-804
-156
-340
305
691
-799
402
-267
241
-815
-185
-751
-763
836
307
-351
830
-157
-259
310
-851
-750
-22
674
151
-380
-127
-93
-23
731
890
-613
-426
-86
757
-136
-420
-567
-264
772
-587
373
848
-117
473
273
-777
-172
-671
733
214
479
-634
-399
-174
281
40
262
-221
415
-517
417
450
92
411
-163
-32
512
416
-284
995
-832
828
665
-469
180
-798
-683
-989
658
641
125
-76
676
989
-996
-125
-89
319
882
378
-973
210
985
-941
-158
-594
127
353
-657
883
997
777
941
-821
-285
-370
-287
658
949
363
-931
-655
598
536
9
53
808
-833
144
607
285
-359
692
-76
214
-606
783
389
-299
-277
984
-199
-656
-994
238
117
-139
-725
-684
302
868
897
-215
-858
446
-679
-989
-750
728
508
-969
-628
924
-539
-889
-540
-100
-431
936
481
-349
51
-577
-634
-198
-604
200
-769
-540
936
931
-502
711
171
75
179
744
-406
-924
-584
-527
686
-575
-437
625
962
-993
-666
960
326
113
456
-403
413
232
-179
935
657
-193
13
-764
951
-47
27
-639
860
-473
941
-89
-402
530
-805
598
679
865
480
849
772
192
-738
453
837
-339
-386
791
205
920
148
105
-8
-282
-783
-39
-836
-670
-989
-313
56
-255
-201
752
122
880
-849
380
-83
-996
-866
480
303
510
-641
960
-336
-495
-762
261
486
-799
830
-905
270
-14
498
-137
365
762
-969
-756
868
12
550
280
-990
-302
296
565
51
758
-614
370
678
-851
-321
-108
221
-751
357
411
-163
-599
-177
-254
437
-665
498
-286
636
349
764
-60
371
413
78
609
649
-196
-582
440
61
658
-265
-102
-498
497
-815
-858
-865
224
430
844
-138
-45
123
304
-269
-264
-315
-930
462
864
-364
836
89
-264
706
-784
709
259
825
-474
-992
214
-870
46
-837
943
-823
905
186
-45
102
110
-907
563
71
-571
-644
-390
352
-178
983
485
-523
623
-933
944
806
985
-744
249
537
-506
-593
-829
374
241
-207
-838
395
673
-381
-83
656
-685
-754
-723
-43
-285
-990
784
183
904
171
34
529
-535
763
-902
431
-976
-633
772
-50
-247
-114
-544
-96
790
-236
294
-485
-77
-867
-877
-479
961
-828
405
-518
-31
555
-736
-899
318
-307
666
942
519
191
-583
-431
440
118
983
540
-331
18
-657
-21
370
839
-985
-915
-30
28
777
-692
586
-484
-112
234
144
-790
811
150
-747
-894
657
846
-707
-309
498
-113
-985
-584
934
-552
589
-178
-156
-868
-422
-657
737
-203
-942
196
35
-506
803
-230
784
-295
102
20
344
728
930
734
652
-201
-387
-223
-199
45
240
-318
-555
-604
358
278
277
566
-704
-736
-536
-393
-920
-790
964
690
-320
274
-837
-948
455
-389
489
-396
247
357
349
108
862
391
-542
609
662
793
824
85
947
750
260
446
777
910
481
136
824
-799
961
373
-843
23
-236
149
-794
869
547
-528
41
-725
474
-368
273
864
-704
412
79
686
388
383
-247
-949
-491
856
-167
684
-882
154
389
-994
237
35
630
-817
-65
857
-441
-506
-566
704
732
-397
197
361
508
-527
536
-523
253
-56
-596
695
-469
79
-546
-889
-204
399
-363
578
707
579
781
735
-954
-820
-656
-52
-721
-768
-143
39
-716
834
68
570
-413
-547
-3
-995
21
-87
835
847
941
-431
-175
799
830
539
777
-972
710
-266
261
-995
283
562
92
-125
-319
-647
-115
-342
-443
668
746
998
88
-200
980
539
-485
-137
-305
-212
-380
514
258
357
475
-460
958
596
307
202
104
-126
-616
663
933
-912
897
676
-255
956
-734
-876
188
259
370
758
-287
64
-301
980
-989
-957
-973
248
-201
-867
-162
62
617
-57
766
20
60
706
-32
-499
-671
441
292
902
722
-590
-367
-368
524
724
-494
92
-585
691
-607
-140
996
-138
-993
550
-702
-662
557
700
-516
-161
-263
-874
226
-432
969
682
-45
-752
557
-447
580
960
100
-382
-145
-115
30
-308
-661
-890
-519
973
-524
-693
-709
752
-41
432
-726
339
-291
337
-437
-250
-911
-399
773
511
95
491
-911
811
-678
313
337
-849
-854
546
-86
-675
-687
733
847
-927
-711
-684
251
-117
-164
341
-278
167
-194
146
-11
600
-37
264
-951
355
-151
-196
-141
311
-999
-767
-454
-213
160
727
344
240
668
861
-506
-347
822
247
-108
-198
339
-678
674
348
-379
980
-659
-162
276
697
-615
-663
165
-871
808
186
453
-67
-364
986
965
-80
175
-901
673
-70
-844
-179
574
806
553
673
-688
806
-636
-363
597
-931
103
-370
786
906
-855
500
744
-204
786
-633
-734
-735
67
623
125
-703
-800
-239
-412
-153
267
-323
279
-377
-497
-460
808
-774
-491
839
-477
223
-570
-405
567
-355
-99
617
356
51
728
482
899
608
779
607
108
862
833
566
-551
536
897
-824
869
285
-519
776
607
829
-743
262
-63
-176
-290
-534
-408
246
-919
-308
-609
-599
251
-225
332
206
96
-242
-265
-629
-394
190
899
738
280
324
58
-581
-517
-720
-375
992
-620
-394
901
-574
-285
-979
-216
90
-159
225
-372
-231
258
99
291
-688
246
496
-160
-324
-654
-434
-842
425
-283
259
-52
711
-38
480
105
650
810
-37
481
-773
-917
-310
-452
-692
40
411
-689
-871
254
