9746
-534
-800
479
-672
679
892
-691
461
-813
313
528
531
-985
-554
-699
227
-70
326
-286
-275
-60
180
551
-56
-834
951
-720
641
-455
112
-860
896
-489
992
-291
-425
-230
167
708
132
759
-505
56
37
-619
231
843
-933
280
-397
-487
327
-219
33
758
-896
-494
366
-509
-857
-756
247
493
-62
803
-524
-398
-139
-202
382
-464
-433
518
194
-4
95
-294
189
796
215
-401
-665
370
-679
297
-36
645
575
-549
309
-787
263
975
-538
875
-886
-686
864
-173
-642
847
-954
-9
-255
-602
-979
945
662
729
525
876
-116
307
836
-944
-183
-938
-502
568
-185
-193
191
961
-539
903
528
962
846
-55
-776
467
550
171
403
731
832
-693
-690
442
44
999
-230
-865
654
-951
-624
-761
475
-563
-2
-749
-675
-895
751
740
373
-760
793
582
863
-838
-768
-746
-767
732
24
-575
-914
903
-329
411
343
-472
-743
-7
897
595
-35
827
274
-59
861
793
36
-315
-309
473
-68
661
-954
187
-28
507
-820
-655
452
-394
-646
-274
320
688
-434
89
-517
-289
-579
-386
921
-361
-975
289
-926
-448
-118
-992
-526
255
-682
229
-547
883
-229
-348
848
-754
624
535
-862
-289
524
-924
-614
888
-330
247
-966
433
299
-127
937
424
894
-435
383
-510
90
923
489
611
-429
-277
316
758
-661
695
518
377
-192
-387
112
441
-750
600
-33
421
531
-166
634
-863
855
-200
-954
-678
-614
-270
749
0
-895
797
638
245
-232
-737
-739
-879
523
727
715
-112
-144
966
-512
-120
-942
174
533
-646
-664
741
-514
-972
852
-875
-716
-159
776
-524
-415
-626
498
-229
-91
410
552
-618
517
-839
-114
-25
371
-987
-795
-841
-904
274
637
281
-946
571
-213
-772
-837
942
-554
-338
855
577
-277
584
798
448
-911
266
145
-635
-505
35
359
-814
89
44
689
349
-959
930
-996
232
538
351
239
-835
783
-60
-269
-653
434
-139
962
-289
-199
801
505
393
243
124
-121
-326
-615
-933
-200
-273
831
-725
-101
125
-903
702
-242
-959
522
-125
-229
-494
568
689
-4
-986
-484
479
123
-963
245
531
-988
-722
396
806
155
317
-894
833
-758
821
-107
118
-365
807
-255
204
36
-657
20
952
824
864
522
-747
-342
-532
567
721
596
-511
499
-829
-875
755
639
860
-591
514
486
217
83
88
-258
-206
62
-959
-18
-974
593
983
649
84
-888
-359
-71
710
527
-600
279
-387
130
-402
855
-747
-577
91
-464
610
-899
477
104
200
630
43
-337
963
864
-546
882
820
329
-659
80
681
800
-541
633
-520
369
271
994
-617
-472
152
180
347
455
-21
-171
124
882
691
590
833
-552
691
859
845
380
-910
594
885
-175
596
-741
716
-684
-383
670
254
259
-123
-583
421
588
628
-128
203
-336
-889
-1
-419
38
246
60
-584
-165
-780
-569
836
615
290
-605
953
-884
657
-914
849
184
-120
-804
-708
-7
-307
834
-582
800
36
174
217
526
402
-140
-21
-245
764
-140
-878
789
-191
-617
-965
-427
-32
-425
757
590
664
-354
988
175
922
-777
-569
184
-52
-207
-790
777
-915
-446
-920
773
-959
-408
-600
-443
72
-597
19
-422
655
334
-248
394
-302
564
204
-356
-660
751
-207
958
877
579
738
403
710
633
504
443
52
800
-404
826
311
-514
-950
-614
878
597
526
908
753
-864
-803
650
-53
764
467
-600
-206
580
-908
-231
-109
-252
417
254
463
-801
-566
297
-276
-68
-694
848
57
-5
-333
-980
-669
70
807
417
-211
-622
992
-968
767
-75
605
968
-243
225
-407
100
-398
-546
601
-98
234
743
-78
40
-647
-982
-299
587
-485
227
-1000
-735
-615
290
-461
988
4
792
-253
74
530
337
174
-256
-430
-501
-620
-461
-195
-42
558
-123
27
-397
357
380
-673
270
898
-977
-511
872
-98
-470
470
-115
-459
450
957
69
-613
-558
280
102
187
-862
197
534
776
329
-903
-738
-974
-471
-248
-214
-808
441
-445
285
-524
689
654
-415
-297
606
-324
-548
449
453
362
302
-915
676
726
-665
-185
-812
-86
53
811
491
360
-373
267
622
-605
-690
-211
-237
-377
-327
607
-572
631
-400
696
400
-175
-383
-228
-677
-880
406
171
150
382
87
-186
-839
100
29
-305
605
-369
-63
-947
166
400
867
441
141
449
23
-56
-340
351
233
-460
-189
408
833
41
-264
-509
-350
778
-998
582
860
621
-362
-889
769
906
-494
-301
-459
-149
-761
53
-210
912
173
-76
363
962
-82
251
-95
241
60
886
241
477
942
742
-667
-435
-363
-127
-935
464
830
-279
870
574
-352
-217
665
-583
660
244
323
869
229
644
-695
-638
-483
-353
460
50
127
269
-205
-437
195
-754
756
-102
-901
931
545
34
725
-292
-177
-576
-983
655
-62
-772
434
897
-331
-98
-919
-11
230
-598
-259
-770
477
-230
479
-477
172
-809
-230
-898
-846
276
992
-192
106
935
-305
-699
-863
596
370
-161
21
-89
164
706
-8
238
-817
635
-796
-367
994
-434
-472
-897
98
730
993
198
-937
155
756
271
-777
156
-777
-957
240
247
-817
-562
-865
-453
-716
-369
-882
889
-975
-120
665
251
-888
-23
689
944
19
147
714
-808
356
283
-289
-55
-83
-98
-874
-324
172
-229
125
-857
190
834
-189
-952
309
711
-620
-918
-204
210
108
-153
-409
454
45
539
191
-276
940
-768
219
-437
245
-949
82
630
271
3
157
-717
-407
393
850
-573
-844
-936
-166
211
-997
-453
-444
-354
380
-443
-717
653
810
673
34
428
-500
-10
-88
-87
-579
614
951
-564
198
4
-962
-18
-135
16
14
-841
100
-687
473
-792
-571
-499
-410
369
-51
-584
-687
-207
-291
38
-368
-664
461
-129
-383
298
380
542
159
-542
-399
-779
-349
-752
176
-95
118
-303
216
-522
-476
153
681
487
-947
-432
98
-188
262
-698
217
-80
412
-908
-780
973
-488
-927
884
231
-578
-275
658
-822
304
429
-606
-944
287
996
563
-197
257
459
216
-853
-194
333
-863
-947
-828
801
434
-175
-85
164
-571
646
403
-206
-420
820
-231
-95
590
965
697
-197
-765
-528
813
-58
619
644
179
-895
-904
-610
684
733
156
951
-991
-219
972
830
384
668
-268
93
853
834
-859
297
996
-318
601
-485
-334
-453
-169
935
371
-183
-190
-122
349
655
-180
-140
-756
-412
-792
-937
-673
343
12
810
528
-641
501
-970
-799
612
149
140
226
-844
743
-559
111
-717
179
-378
613
-30
317
211
-539
874
-664
64
-943
-283
-632
352
324
-614
837
-854
-65
-509
507
-363
93
44
334
-833
-729
-725
-773
-790
340
790
-230
291
792
549
128
-479
-338
933
-255
-169
480
-458
402
-730
691
210
-165
-574
-880
-885
-533
446
-116
975
-41
-378
-199
-118
251
-758
709
-471
513
-974
-240
-682
766
275
-740
629
745
-116
973
-438
-744
-963
-81
-540
275
453
-121
-790
873
693
914
513
321
951
25
-793
-679
-715
-842
879
186
839
-944
-935
-723
-259
2
-627
726
564
-165
-220
511
265
158
883
656
312
-727
373
-231
-449
-158
-876
642
500
478
-684
42
175
-437
-596
-981
-171
-387
-910
175
-125
-538
769
188
387
-98
362
474
558
-765
-620
-682
494
857
-447
-609
767
-222
287
-515
-431
953
-857
49
-292
873
725
-328
-495
-694
-587
361
937
123
-906
-786
-83
251
-66
63
865
289
-726
905
-83
-692
768
-898
-759
597
-477
86
740
-735
-302
868
-639
-942
413
579
-113
-228
-715
591
420
-75
-288
576
-171
326
421
976
676
-18
-422
-546
-889
534
-121
971
-287
815
198
-366
-401
199
506
805
769
667
-503
-942
-286
-986
664
964
662
328
561
294
528
-798
819
178
-467
-99
-393
-552
304
234
-550
-838
219
-460
443
-140
230
-638
-237
-935
944
616
-308
-936
623
-723
-16
-675
-347
-632
767
-636
657
-909
-36
857
-881
898
757
315
621
-291
13
-33
-117
552
-329
528
-673
980
-175
419
770
750
-165
-583
410
469
-510
30
868
585
-34
351
573
-17
132
393
-450
977
-311
315
-126
130
612
-163
-634
479
-243
122
-292
-351
664
-423
363
-65
-551
-614
-666
-559
35
811
775
-945
513
554
-104
-537
223
-603
-210
-594
150
-611
179
-546
210
873
-114
-675
-206
951
-463
526
-532
-243
-769
-719
570
-674
-840
-123
725
-824
-750
718
-292
874
486
737
705
-718
20
-563
-32
580
403
868
29
311
-519
-554
-119
-310
227
30
-608
-812
-813
-170
131
329
515
-426
173
904
-694
-614
900
65
442
-639
-435
84
-110
193
-260
-763
-505
-360
-665
-53
554
-754
-698
231
-666
182
458
-62
57
435
-825
-16
-643
440
815
-144
561
-361
-100
581
-472
42
-567
463
-82
-480
-723
674
291
912
870
137
-763
-231
-258
-397
-322
-550
413
-629
-441
-947
986
-747
-489
-2
127
-140
141
-359
-312
-791
-730
641
407
422
763
701
104
321
-742
-690
188
-380
527
-677
-524
-735
158
-67
-20
-654
912
-729
769
-754
88
-372
561
40
129
-988
-627
2
582
346
-643
-257
813
733
-640
-619
17
-618
-290
-783
-310
761
13
-523
907
-940
668
-660
-88
260
816
511
-798
-409
264
224
-591
-899
-561
-461
908
-953
-723
892
840
226
810
-189
-965
-35
561
52
748
-395
-52
-733
-919
322
722
-451
211
202
-423
-22
570
-973
-310
255
401
774
304
-464
302
431
60
242
-96
401
905
686
269
-378
759
1
-537
612
790
-752
523
59
688
-567
-762
299
355
-971
-877
35
-71
570
773
260
-234
-803
-530
-220
-914
820
554
-770
-863
122
-133
-234
-908
-629
-127
938
-227
735
-762
101
-37
724
-621
749
-241
-445
-157
140
-821
-859
-62
-197
453
-497
-863
682
-777
-632
457
797
-921
-117
-776
33
-546
-9
-675
-500
56
-764
-563
689
-233
337
-784
-237
739
441
-853
-575
450
-428
-70
-928
-192
889
-998
214
-869
224
-432
274
190
597
-6
-182
-552
346
592
476
360
612
821
326
984
693
608
-512
211
746
-622
759
-109
618
-925
-971
555
975
-802
316
-450
-831
-43
466
203
-339
-798
-187
518
-587
252
-289
-813
-174
-398
-107
545
-764
423
-310
881
-694
314
-607
114
-84
736
-497
59
-539
641
-705
484
207
-596
-497
497
-9
327
311
347
-497
-793
-390
125
722
168
885
-24
530
-711
-380
756
685
-456
244
131
318
-203
979
-205
-944
-250
-125
-95
-867
-105
574
-652
-667
-933
-620
-627
-454
-61
-721
185
408
-678
487
368
274
-69
-350
-3
951
-721
899
-406
196
-473
435
-392
643
786
429
520
-431
955
-253
-647
-147
-109
-897
270
-725
-218
-588
891
-535
924
-990
-964
825
-289
-552
418
285
-204
-285
-245
465
-776
949
-979
-110
-280
993
302
-691
-371
-877
-813
-910
-942
-67
-332
-378
-829
875
168
776
-892
56
-206
523
635
617
-137
930
491
-472
154
-645
718
-901
-906
-846
782
114
136
790
240
-512
-809
-808
-67
977
-687
-353
-98
986
963
-167
-220
-259
-748
-532
498
475
846
331
263
-492
251
-700
11
-565
632
-938
662
-347
520
-17
344
656
232
-236
72
-417
-774
282
-676
675
560
240
929
534
-89
-432
88
-415
-834
-613
-947
46
-511
-303
-347
503
230
914
-732
-755
-253
702
-23
133
-550
744
486
-899
659
-934
991
380
-188
818
-306
-441
-593
-374
-111
303
-184
-586
-239
248
-974
22
607
-171
-267
-870
-675
127
-627
981
-905
53
-366
-149
908
860
-256
-60
-499
375
227
610
-464
579
192
351
593
-791
-414
576
22
-713
816
-138
734
-952
-472
739
981
-434
-966
57
-266
-142
419
-898
-50
467
-923
-324
-807
170
623
-747
747
910
302
-893
-291
-397
368
-739
961
718
608
-906
180
-733
-861
208
-144
767
-610
462
939
770
66
503
-513
-636
565
-875
215
-120
-114
-867
834
141
-371
586
-729
593
325
-478
502
177
-410
-342
327
-932
587
965
337
-730
765
24
760
-697
930
-839
-172
-941
454
-299
923
-747
-604
208
-694
244
337
871
-587
-104
485
-318
-584
-187
758
662
-599
966
707
-89
541
117
971
-902
-845
-249
-8
-328
513
-667
203
-978
345
-156
852
-463
-969
-506
-51
-224
-374
170
-699
-398
60
94
-988
-82
-464
-667
112
617
-649
451
-229
-183
415
644
-570
776
489
285
-937
-203
869
-565
370
197
-4
136
-697
-137
938
236
168
884
-634
943
196
677
-801
-868
-187
575
-171
178
-413
-599
496
196
371
334
-431
-464
-65
574
-652
541
-861
-737
590
-611
-255
97
-919
-398
-382
-274
57
-931
922
96
826
705
-682
-979
696
646
-219
894
235
410
-496
-19
-275
562
440
668
73
-482
-582
-605
689
-390
-559
289
572
-368
-824
-812
234
747
298
899
-986
71
-440
-728
551
-12
-346
-37
-654
-758
755
-598
256
-986
212
261
40
226
-324
-379
856
258
809
-404
-219
138
-819
-488
829
318
184
306
21
818
-577
-717
-796
112
-613
885
-277
-569
-992
519
-961
864
712
539
-251
412
-580
778
-296
794
702
-313
-726
149
630
816
-91
377
535
32
77
86
733
-94
-476
-579
374
369
-23
-393
522
-230
110
789
-984
-621
-428
-526
-466
-203
773
-507
-620
-396
542
-253
-666
-177
839
977
461
-205
752
-681
-72
538
42
480
-4
-272
352
-163
-475
-762
32
953
952
944
841
231
-57
762
162
600
-609
-569
-923
-503
-14
137
-937
-310
-356
-579
-860
-295
532
-947
187
-4
721
905
-652
509
438
-832
-678
383
795
-120
505
-273
666
-355
388
-121
307
342
179
-708
-644
227
-552
102
-391
-606
636
-96
532
193
-309
917
-135
-578
-231
-581
976
747
-897
988
-265
-563
22
46
-148
-781
175
-331
900
163
-420
670
699
-368
959
-948
56
-808
637
352
-356
826
-322
-559
759
949
131
75
71
-789
724
-893
-641
-764
198
856
256
-593
102
-714
230
979
-603
-619
-127
660
-817
878
-259
289
841
-147
641
10
-649
961
-607
-16
-617
209
896
980
829
-775
614
-911
476
-142
-358
-59
-386
223
-180
-822
-528
-701
-622
660
-51
-640
780
483
-826
747
-842
999
-950
-724
810
259
-312
673
239
-757
-962
401
626
807
412
126
-17
682
939
-956
156
-692
-525
238
-126
-350
-19
791
441
528
-858
-226
511
-75
685
-557
-427
-972
-310
-33
-73
-909
378
-784
-795
780
667
657
-14
-575
-224
-568
-792
-916
-447
-776
438
196
51
-329
8
-132
575
458
513
294
530
-339
-712
133
-383
-33
124
-544
-618
-103
-652
-526
-181
-65
-392
-274
-270
-657
-826
-385
686
263
-990
-82
-718
-221
-51
-35
964
-220
480
544
110
-148
-299
-805
-319
-363
-494
-218
-587
-319
-813
878
946
332
-700
-731
84
142
-536
665
-513
269
504
-222
-625
-608
-421
597
-743
830
-466
678
500
452
993
522
-146
421
14
-742
-3
987
630
883
834
12
-998
-101
-901
-455
499
-402
214
-272
-274
70
-499
-239
904
361
963
349
273
-852
9
-214
112
22
-595
899
244
-273
-609
-580
-543
-57
-447
20
703
435
-533
67
235
-46
537
-13
760
765
-879
-613
598
253
276
597
-739
-825
577
817
182
-638
-544
659
246
921
-718
-936
584
-500
306
-74
-794
673
-472
-591
-636
-1000
-310
569
681
-676
303
961
-294
741
242
-133
533
362
-801
494
-281
371
141
617
-214
-979
-824
-526
-289
343
-358
311
708
410
-651
694
658
-971
-801
664
469
-186
187
-952
-759
868
-304
401
397
-7
184
-123
-377
925
55
-630
-348
-930
694
206
-326
-212
59
-548
-660
-224
215
-889
649
461
939
851
113
783
488
435
437
959
2
-116
-518
-968
-976
-551
-486
-108
434
104
663
832
-673
801
124
79
507
839
-238
-7
737
647
-564
564
818
-514
96
907
-262
-777
435
650
108
577
-625
-196
42
382
195
-436
-13
376
-857
855
200
895
-565
-621
572
-386
-869
-87
-88
171
-223
-131
393
-212
-217
574
791
343
-313
-295
-254
-334
-671
-328
-821
58
280
-24
-148
-609
-615
328
133
-677
-295
-483
84
67
763
755
-848
-282
426
445
690
771
57
-643
-111
56
-155
32
-935
677
-317
400
-26
-354
475
-115
515
15
-368
-730
761
282
459
81
-58
876
-588
26
669
125
637
-264
-749
-666
-182
-341
653
-531
-752
-222
643
-372
-183
-135
-847
768
978
-721
490
-867
353
-555
-631
-929
-202
-493
358
587
-228
117
834
-892
-36
146
-849
-743
-689
-339
-258
-149
78
516
886
13
936
-202
-834
340
751
786
727
494
31
-150
-39
-625
-820
278
681
-346
-937
-987
131
-610
300
783
-166
-272
715
790
-215
614
-62
-86
613
170
99
-469
465
-451
631
-679
557
-460
543
456
-787
-3
962
-880
-671
495
952
752
790
-369
737
818
504
-193
995
378
-590
33
-561
200
564
185
-449
-931
847
-512
542
-663
993
-667
-893
403
552
782
28
-701
964
-964
-77
697
-883
108
-641
784
-787
554
826
-451
-180
-768
-950
353
-489
125
-241
862
-772
-368
-872
-633
53
211
882
-609
-178
821
-642
51
5
512
861
548
-355
-919
346
-403
46
-315
-219
755
-932
424
-872
-502
-14
-903
231
-732
-916
258
89
-652
30
900
253
353
373
71
-901
454
-153
174
-215
422
793
377
230
925
-723
116
182
-271
406
-291
-453
23
746
467
508
-942
-30
-998
341
-393
769
-758
-294
-804
783
791
-311
543
433
-932
-437
-286
694
257
-409
115
-944
571
-316
138
-851
-446
-56
492
-222
-578
-239
445
-829
426
287
-222
-159
379
-131
-172
16
42
842
529
-956
717
-984
796
-280
788
17
229
410
-626
-304
-749
918
-532
-445
-307
-66
349
443
-264
-685
-631
749
218
610
-870
777
382
-546
-236
-828
785
-427
-523
-652
-967
-14
262
855
981
-705
66
-48
-882
-315
-354
128
477
994
-618
429
39
-939
-119
-239
419
-104
-166
-398
237
-486
-792
-567
994
-391
-569
321
219
505
717
175
-265
-141
-503
-376
-287
493
-467
-29
-671
-718
-68
-789
-754
-722
190
737
257
711
865
-499
-107
-357
-806
-994
890
-845
729
-938
680
609
250
219
113
635
-8
-245
416
-845
44
-113
781
786
451
586
770
529
669
-321
-104
356
946
-387
234
291
591
344
267
246
-130
4
-252
77
-12
-336
-651
-295
211
829
381
155
240
730
-683
-762
-465
-258
-794
-413
762
336
-885
882
-447
-282
641
375
43
-647
10
-631
-566
-639
417
834
-755
-222
457
-381
206
-221
-850
824
-804
-346
-100
-781
196
601
158
424
-616
185
111
-28
-399
637
-339
-437
737
710
155
-179
705
497
741
756
745
437
302
-948
238
832
726
783
-859
-359
104
940
294
289
-65
-717
-532
-948
-984
544
-24
453
-398
-206
-171
-557
-574
311
551
-538
579
934
173
525
-917
920
837
504
-695
355
-562
-747
379
165
-439
186
940
362
-23
445
73
889
457
19
500
577
-20
-205
642
-868
-672
743
-688
-243
940
-642
67
-293
521
-512
828
954
540
832
-758
626
-751
583
-135
-674
-413
-814
-296
-236
-88
634
-936
-484
122
-916
-47
-962
-848
565
335
-148
-5
-564
377
-871
620
-724
-526
-730
915
-132
824
647
834
284
-886
-202
-32
318
519
-333
761
-641
-767
-218
578
705
49
-637
603
-42
36
441
-674
571
-302
-985
131
270
-961
491
-186
-946
395
729
-880
-194
212
372
833
325
523
-692
-704
-443
660
-812
-583
133
150
-706
981
-162
-797
198
-328
286
-574
632
-93
-548
792
494
73
-966
21
-550
-193
-128
74
-803
141
-838
264
257
625
16
-733
-871
-142
670
-842
-77
-302
-161
-960
583
173
-53
-19
-641
-434
122
319
835
529
308
-277
-240
163
566
-256
-556
629
-701
-127
-856
-880
837
84
-278
802
-418
851
631
-666
368
896
-319
-126
212
-378
-670
-118
251
-790
-466
-478
895
656
750
-784
613
-358
-18
928
978
-644
-796
785
-121
-422
-357
-419
-470
386
364
-987
498
-218
504
331
-129
-222
-939
-359
451
669
-398
-465
-31
954
-184
-118
-111
-963
351
416
140
-533
90
536
698
-454
-560
-987
-794
247
-632
500
507
-393
-656
-741
-706
821
-710
-959
-281
-742
308
-947
-35
-981
194
374
540
972
-470
-535
102
-158
444
697
99
-201
732
449
902
790
509
725
-561
-746
812
-121
918
-237
-186
-443
330
-361
647
607
-762
-408
-656
598
-67
-228
68
864
466
-393
-337
-888
342
-171
-876
-189
478
595
593
813
704
-329
817
-830
-597
-64
286
232
865
487
-560
-199
146
-859
599
-513
533
351
241
376
-779
749
-616
713
38
-504
-773
-593
130
465
791
353
373
-898
-238
-640
817
703
357
560
847
-705
691
-287
851
278
473
-202
-358
-597
36
598
-877
919
26
465
871
-603
230
26
38
773
836
-781
-513
735
-684
-969
-500
-491
974
368
-8
-942
-781
24
-274
782
-980
765
175
387
-238
-162
431
-870
-231
114
61
-562
633
-24
-18
-733
554
-872
-572
495
123
-552
896
-154
783
-996
-463
-156
-794
837
887
2
659
473
-359
44
-929
-765
175
858
361
449
429
394
-472
60
429
462
-705
853
952
193
843
170
64
373
972
-121
413
-343
413
618
-366
694
514
-385
-885
-120
478
-518
-458
170
990
-302
75
-118
-10
-38
777
-500
565
924
974
474
951
223
274
-856
-313
-41
913
773
-433
715
67
702
190
-111
-182
-99
-220
742
487
-385
-531
506
602
-780
-873
-601
-956
639
-958
483
-22
-772
-60
-853
-488
625
86
607
-96
-35
110
717
-210
-626
-615
517
985
-817
373
-197
-696
-50
-872
-597
846
-117
-815
87
851
108
-151
-36
817
397
-907
-157
-568
-891
-53
-29
14
-636
-529
131
87
57
-807
909
284
336
708
782
-709
-952
-859
27
-277
3
246
941
795
-538
-978
-547
246
128
719
-358
-844
936
684
-809
240
-897
5
450
593
-796
176
751
-360
6
-122
-221
725
180
-857
-340
-698
241
-949
814
-434
131
-330
-536
797
602
790
709
-719
510
156
-913
-887
-351
501
-114
34
739
-220
829
-160
180
814
13
-517
-539
930
-717
515
759
819
685
-527
357
131
467
923
-306
-851
664
-556
-998
-305
671
238
158
659
-694
508
-966
984
93
-391
-801
914
449
-1
-850
922
-811
37
-308
611
-609
648
721
-517
-480
756
544
537
-282
-145
865
-934
-917
-206
986
-222
266
197
204
529
-766
-890
-87
147
658
70
356
884
564
-192
225
-321
-361
246
-277
-607
597
858
484
606
259
-314
551
447
407
57
-135
775
115
-737
254
33
719
507
24
728
-939
580
171
114
886
425
140
-166
-678
561
-409
856
389
-589
223
-672
-571
255
448
-348
375
184
16
406
-567
-641
-940
-259
298
125
864
-685
-834
588
102
602
-722
-941
656
-599
876
604
-920
807
835
739
-540
-366
-451
-355
799
603
-737
-286
962
-478
543
313
34
810
-218
-449
819
-759
480
532
-245
-353
735
-638
-495
-240
-177
-806
35
-161
677
-899
391
-664
257
-236
9
-22
-285
748
-348
832
-230
-511
-372
-485
-474
-10
151
-242
367
-865
-548
-555
-385
-101
-573
-398
666
561
476
-891
-498
-539
-468
-440
21
-89
930
772
-761
617
392
-364
-403
-373
629
-940
-272
-91
447
117
448
-160
-706
-320
-367
-495
891
-812
767
643
-89
-594
-142
-816
-328
-124
-180
76
718
846
-17
-546
148
177
445
43
242
713
-473
-655
768
-493
310
253
-972
356
-872
473
364
-391
770
-811
936
-611
-955
-479
-450
-48
571
21
193
-790
-112
-450
-868
268
237
565
551
558
-241
-612
780
987
934
984
948
710
-342
-874
203
519
424
-388
-462
5
394
-803
-925
370
245
-825
-50
-930
-996
797
-670
473
-62
-4
232
616
924
445
345
-718
836
86
-864
-936
218
-835
106
992
-715
-294
-550
-627
679
151
-87
300
-913
422
442
364
-232
384
-484
619
-881
-570
-408
-182
-30
-795
-373
348
-189
315
909
-416
780
-64
895
-328
124
596
500
-170
319
195
-250
482
-660
343
-951
10
-488
-726
-163
-185
-279
213
-195
-873
661
154
708
77
344
795
607
209
-765
406
669
-651
514
-642
-988
-779
-170
182
-211
-119
-687
-644
767
-597
689
-465
-999
256
675
639
521
389
281
848
-262
-744
374
810
-886
-513
-939
-880
-231
104
522
-357
-979
-113
832
-269
979
453
-510
313
352
675
-555
-956
-123
-277
-334
358
737
-921
978
906
224
-223
-511
588
-863
830
-203
341
-362
664
936
97
612
934
-223
767
906
-150
-798
996
559
231
746
-500
-92
572
-22
95
280
-846
516
-868
-86
-306
607
677
-727
-813
-921
870
376
-153
-862
-637
237
688
109
-35
-712
219
-763
-592
-287
-631
-158
876
-518
471
-98
382
196
376
-701
811
-579
-831
-223
904
-634
-976
-641
-359
-157
-374
-39
996
860
80
-24
-991
-223
-3
-992
-783
906
-865
-781
247
-292
-721
402
-873
215
335
691
426
-868
799
-994
-773
172
731
657
353
860
-299
452
266
213
554
-569
-832
-809
516
359
-838
-883
-916
-801
-718
252
617
283
-386
-42
-471
440
445
219
843
-921
-80
-961
-265
-239
-541
-154
155
-635
-313
-197
210
236
-787
-112
-877
-531
497
192
388
-100
464
-704
984
909
391
389
-980
326
585
879
106
243
-691
-830
280
-541
-926
-571
449
-144
-864
515
-467
-244
365
607
-881
-26
984
-379
859
-804
-603
-564
-782
539
181
-761
-485
-495
-158
-630
-384
-892
372
-502
866
571
-285
269
490
-486
9
369
-770
507
691
-711
443
-985
804
721
-635
869
-522
50
680
-7
334
337
650
-386
-294
-302
896
-594
-294
-677
-374
-99
313
-685
-69
-314
70
873
-936
29
-989
128
-115
-556
-743
488
54
633
-874
-616
-223
861
757
903
542
31
392
571
911
-890
419
729
-270
-195
-184
570
-696
393
-485
-578
-719
887
-222
954
854
480
203
-915
-381
-466
-262
-671
623
-24
221
-787
121
-151
-819
-537
-383
671
99
711
-208
272
661
-762
677
647
204
869
780
283
-301
731
-595
-640
526
662
-465
631
-395
274
-665
224
267
-937
673
705
15
-980
-887
-946
-2
-918
-425
856
883
-804
-443
243
-595
-734
-114
638
-421
-747
980
-809
38
-443
878
-9
-501
-994
-948
537
771
8
633
-983
33
-963
700
295
-120
-618
-805
-294
-361
-625
-500
-687
226
425
105
-939
125
398
-128
-198
-521
-625
468
-316
-127
681
-349
807
-886
-890
533
630
296
303
-930
-35
-731
31
80
922
-764
-525
784
758
446
878
706
610
-899
729
372
92
773
-201
-763
833
-870
-857
-992
236
-638
-13
377
-435
-665
613
514
997
-359
264
250
-403
-594
348
371
-266
391
724
62
-245
912
10
-682
322
-157
-909
629
-254
459
-932
-697
-577
-944
195
-247
-16
-285
-413
-435
-126
-265
183
301
117
-854
655
890
612
-209
-656
864
434
474
854
-137
720
407
917
-663
-613
-617
-355
411
-590
-105
-436
618
405
479
-931
355
72
-76
526
766
-665
-501
-513
72
756
155
406
812
-499
-243
-448
-50
968
-397
-302
436
-896
578
-755
-848
-471
253
32
-962
286
-689
-376
-297
333
-539
450
-768
536
-202
-384
-558
124
-929
-486
-122
526
-97
-772
349
849
28
-898
-919
52
113
-831
108
-727
69
-28
-965
-895
120
22
-130
-286
-628
-393
-569
-806
-930
823
652
-435
-688
80
-717
987
372
-177
809
-963
775
220
-338
-67
-809
-916
-431
485
626
252
900
48
-499
718
555
541
478
240
-617
-925
919
-969
345
-690
-720
-37
-603
54
127
156
21
240
166
-142
-10
-690
377
594
132
994
-582
76
797
-527
-781
-991
-364
-462
111
866
-28
357
-202
228
-146
-688
148
-608
-526
-123
-492
-585
38
-913
-610
130
358
411
26
391
776
324
-225
-969
-102
-889
157
-747
-981
-315
-877
-143
114
-378
158
-46
-929
970
-849
-237
780
410
-808
-924
-432
814
755
-287
688
936
-914
703
514
622
-186
99
319
629
-897
413
-764
-568
-626
-207
822
456
660
-298
447
-354
-537
903
25
91
430
952
-986
704
152
51
794
330
-134
-193
-458
-811
164
626
-799
817
894
893
-364
882
564
406
691
865
-53
163
-957
672
-481
978
189
59
-325
261
-659
922
-925
379
135
131
-831
-406
775
924
635
-88
-781
-290
445
122
831
-683
-695
659
-196
595
-41
-483
831
165
442
-554
938
462
1
-110
89
-257
839
430
-613
-856
344
-795
298
391
512
-885
889
-417
737
-474
985
53
-576
477
-105
-156
109
217
-250
960
462
-984
-251
-169
-953
368
269
644
839
-416
-710
909
754
418
-381
-804
-217
349
-457
-646
797
-312
-939
-297
-785
-984
328
7
-431
-966
-867
662
-339
-532
-333
780
447
-715
894
972
537
-875
584
-938
-893
55
117
508
803
-828
97
82
582
-655
264
990
-680
-120
97
-305
85
324
-344
811
-756
-811
471
304
957
772
-96
588
303
-591
-183
-537
560
376
133
686
682
-687
-101
347
-258
695
-971
335
-896
528
487
-862
-513
75
346
-782
-273
809
20
631
-795
-879
614
-265
-130
-809
370
213
733
359
246
19
-737
-373
-743
153
220
-35
561
-898
-932
-314
447
-381
67
820
-920
-577
939
186
176
213
-820
-815
-731
-286
-821
-708
-74
674
796
-422
14
-238
773
-843
864
-720
849
151
736
-962
446
-468
-916
950
20
-782
-698
-793
354
333
79
-34
-538
-857
113
768
-936
-300
456
259
419
836
-33
637
-222
306
-157
404
-557
-727
-26
660
-901
951
-878
447
806
969
-361
-258
-872
917
-941
-698
725
-537
-83
550
570
547
-754
-707
134
-135
349
568
-968
-921
230
313
54
88
-58
659
-713
858
-635
-527
-306
989
-368
-425
-365
-472
-734
-591
-656
117
-674
-905
-715
413
-276
98
728
30
-403
-344
700
232
-755
243
-755
-217
-715
960
86
587
345
-750
223
-733
4
-873
822
520
622
675
-40
806
-344
-104
412
-219
148
-73
781
550
259
720
-62
680
-4
-42
-804
-629
70
-498
747
-244
-541
229
-739
334
-839
961
245
-150
-611
-288
163
-915
270
-979
-59
-48
-5
945
-902
-379
771
-779
207
-67
456
-938
280
-346
318
-143
-116
-558
-251
622
-371
-637
464
-246
-429
210
466
764
133
686
-459
-375
883
50
-154
-542
578
0
208
27
-123
-279
35
-521
-940
-882
545
-497
-292
-112
-171
961
611
-716
448
-91
-763
-93
-351
827
384
-146
608
32
-151
-290
136
-144
522
57
-513
741
-840
-639
195
93
356
166
-206
346
686
460
630
754
977
183
155
407
208
163
814
801
-917
224
965
39
-579
346
485
-803
245
-330
819
823
-722
-391
315
-260
493
-957
-74
374
424
-456
108
-475
-226
-49
6
-237
662
-316
-610
-110
855
72
133
-862
945
200
113
-305
-633
747
-254
-265
-998
-812
-769
712
19
-136
449
-792
-916
-711
-869
-50
443
385
-796
-2
844
11
660
611
586
-710
-121
-684
-150
925
-576
-984
-347
346
13
-538
-913
-665
-669
374
-616
-247
310
-285
-609
-653
-441
914
718
-272
-37
-357
-106
491
-13
470
-808
-805
509
-110
92
-163
919
-930
338
-839
667
426
-861
-153
795
472
563
666
122
588
-603
-198
917
-413
906
-640
28
943
-216
-918
-831
720
-812
62
412
687
-421
-325
792
500
-398
459
350
-233
-808
789
-436
323
437
-144
401
279
546
-655
791
-442
-412
-955
158
686
182
666
-463
-923
-814
87
-72
-864
-789
61
-599
-467
-470
-555
875
656
-44
888
504
635
-204
78
350
359
618
990
643
687
415
452
-941
-197
-60
16
712
-134
-874
187
-140
296
-992
565
61
-865
-786
858
581
-950
-695
-541
-619
-331
-973
88
-266
608
433
-157
44
418
912
399
-368
378
693
-896
-600
481
310
-243
-27
684
558
888
120
45
401
-194
273
56
732
313
6
275
-233
-174
573
-489
-789
-396
-250
-588
730
-915
216
-816
-321
-947
86
576
-765
-319
830
-737
793
889
14
-357
-121
837
227
447
-431
623
-33
107
-29
1
166
-928
-549
423
726
983
17
751
192
273
-411
77
823
505
707
-405
-492
-586
84
-626
596
-707
756
243
606
-861
-116
-600
-107
687
-132
600
-634
462
-473
-418
-946
512
-278
619
700
-496
714
306
-34
961
-551
-192
763
68
-571
137
-260
-250
-819
845
-344
-890
-623
938
106
-459
-667
507
977
-971
737
-450
932
420
472
-444
-865
-686
947
-111
-689
461
522
771
-634
526
542
175
636
572
550
-938
114
943
244
-137
356
719
978
751
10
859
430
-197
715
645
336
542
-305
474
-636
-130
414
15
121
-552
-454
440
-955
-124
-761
178
-30
931
-221
256
984
-604
933
-909
424
-905
886
449
-765
361
694
-600
917
-306
-771
557
961
-20
-928
717
-694
403
-997
-172
-388
-53
-127
-548
341
535
-83
-51
531
-203
-429
-749
-662
967
-455
-642
-350
43
-885
242
-485
-794
-960
926
383
32
743
-662
818
969
861
-791
808
-22
238
462
-845
-266
308
-357
615
-562
-511
-731
-99
195
-666
-861
512
903
-210
485
-617
-563
-38
-270
-961
-353
-439
-583
933
541
419
-247
941
-973
-142
-932
-383
-524
-802
846
218
770
996
-597
-316
-496
-670
-985
817
-385
-159
407
45
-860
703
-468
-312
154
504
-448
-651
-396
321
-327
895
-613
161
298
-685
645
925
745
-802
-617
-242
587
771
-719
-384
539
-103
-9
-598
-342
655
-911
53
-815
877
24
-598
466
-231
288
637
524
690
597
-928
204
732
-210
357
-272
8
191
868
-808
479
218
-891
-762
940
677
-565
-332
-109
-41
-722
452
-334
459
691
450
-558
-153
297
-618
665
-425
-62
-810
-800
-318
412
-951
236
-929
987
486
-629
352
-363
538
525
331
810
648
-643
538
-418
-534
-726
-71
-187
774
-826
-580
-551
348
746
67
843
-420
-956
-426
724
341
638
218
-426
-792
-772
86
804
891
-622
-481
-390
-471
-16
-386
331
-825
779
-428
325
753
-1000
420
227
274
568
670
-913
787
923
524
-351
106
-110
117
-503
4
-747
208
-75
974
541
-509
-417
989
544
-984
-489
-450
-153
720
-712
-633
797
-606
-631
-293
502
540
290
-355
441
426
-119
988
-116
69
-920
-195
-357
354
397
-169
-860
43
126
567
-734
-741
22
451
-365
3
-47
315
792
730
-33
876
137
257
-407
831
643
100
926
606
-496
732
935
-169
-368
-591
-33
41
137
-99
-23
-886
857
476
93
235
611
319
259
563
542
-32
603
72
-810
720
662
-259
252
-916
-92
357
129
286
475
246
-629
240
256
888
625
411
822
748
57
893
688
-150
-165
-247
-540
306
402
713
-769
132
911
-786
687
732
281
264
-656
-699
-731
-207
-793
910
-899
131
-764
-39
465
10
-936
-816
695
-124
-717
563
-481
-811
-744
-500
40
856
479
-924
-519
-33
-601
430
-819
-37
-874
-336
494
-665
174
419
988
255
143
176
395
110
-381
650
-362
292
-71
-838
-493
-729
-127
-891
-75
881
-543
-678
120
-361
-974
744
269
-199
426
-99
930
197
-394
-743
-100
-458
52
-192
851
-949
-341
462
603
-910
-201
-732
923
530
-267
785
-148
-888
487
589
944
377
-540
-577
-788
503
-81
894
-957
639
-14
-540
-688
-978
-1000
542
255
-524
-812
-288
-679
721
609
949
-21
-308
-778
-140
-846
818
-571
303
373
379
-239
661
142
-72
634
-169
-138
-647
167
-664
-548
-517
-402
-883
2
-226
866
-29
453
309
522
784
-826
-857
58
658
-646
610
-960
-764
282
255
398
-273
-984
-704
303
765
975
-298
199
-7
453
191
955
754
336
-115
-982
-835
-382
-94
583
362
-510
-249
52
527
-552
-836
620
-527
821
-742
541
466
-179
-124
-255
948
-638
459
-328
219
926
832
-557
-880
-836
-363
-817
289
-940
-579
-965
-426
-623
738
-536
655
817
-635
-707
890
-440
-689
916
-128
-783
550
-187
-145
659
972
60
578
363
-334
-583
-868
-244
393
-796
227
-160
-887
-885
105
41
426
410
-617
40
992
982
674
665
-156
998
255
25
-836
-690
-830
902
125
-823
-30
-575
791
434
-759
-622
415
-433
136
953
-646
-565
199
460
628
-385
-647
178
17
-36
-403
-198
-165
471
818
793
-550
65
34
-242
-271
-958
-225
420
-955
658
204
227
457
-844
146
387
-764
431
194
927
852
-950
-614
-158
-500
115
-319
848
-743
683
12
-621
-46
-206
323
-463
414
-149
686
134
-113
396
-200
4
-84
725
230
-301
-132
458
529
-954
270
382
206
-228
390
-210
-929
-736
546
951
-461
-546
90
-939
-232
-671
-410
-391
-879
-674
-615
-507
-782
-153
507
-552
920
-179
869
-991
-554
-587
789
721
-646
-539
-670
290
-259
444
-55
-675
649
651
661
-83
-410
-364
-194
670
813
-963
-568
257
-610
497
12
703
412
-797
371
-537
-363
704
719
534
416
448
-92
770
-321
-199
643
451
340
816
904
511
-272
476
457
-160
-746
-663
111
-829
863
518
33
-592
-234
732
107
-687
-701
443
-466
-94
-187
-814
-271
-317
376
762
-219
940
-281
385
22
558
587
-130
253
-270
-207
-171
-702
160
697
521
-65
238
730
617
0
-669
-108
-359
-649
-313
590
830
-485
-151
461
-795
896
-868
150
16
-61
783
266
622
-148
728
-112
-362
-699
44
-287
624
-966
-259
-227
880
-506
-495
-165
-160
-611
394
-467
937
985
632
498
-83
-341
-681
-76
-92
-525
982
-766
64
315
470
-871
-129
-99
-934
59
-210
-571
-415
385
-299
498
270
-740
-462
197
816
-457
-267
268
-717
-999
213
809
-830
-345
-946
346
646
502
696
-850
-672
702
389
-627
335
426
278
982
-305
539
650
-346
398
-116
-859
-540
-916
-687
-631
-822
-962
89
-189
13
207
-46
900
221
916
59
-694
-200
458
37
571
506
-849
-894
-946
223
41
528
-90
824
647
991
11
-916
-910
29
-282
-458
-561
804
905
476
84
-871
-118
-513
388
917
522
-434
-711
-272
-75
950
413
361
408
341
-843
194
-342
-292
59
-1000
265
-351
86
-959
594
-972
-600
446
-771
346
-332
-480
466
725
602
-105
-916
-683
144
-955
456
679
174
-800
713
59
598
-153
-308
564
-433
332
915
-103
-147
-993
33
-664
-898
-548
241
-662
-781
-261
-429
-702
-615
725
-173
334
-989
182
-777
16
-746
894
-650
-185
592
673
32
134
-234
558
-659
278
-7
957
518
-825
-908
978
538
866
-859
14
286
538
-363
-348
-539
848
166
-423
-857
70
648
-748
97
-117
-713
134
-7
-347
-827
-205
-309
493
-16
718
-363
-988
-257
867
-308
564
894
845
-71
513
-252
-408
164
-434
109
672
795
-149
537
-135
591
636
-224
504
-453
309
304
-802
33
-798
516
-523
-269
259
-77
-269
363
-859
-477
428
808
-21
616
-156
37
-277
172
561
-473
389
140
815
836
-194
13
-307
314
-37
-246
644
-861
793
299
-744
-733
825
243
471
843
-488
-938
-865
142
-787
-283
716
-852
140
808
-497
160
-472
-825
-822
243
-716
740
615
28
842
-712
-951
-459
309
633
42
266
265
-108
-93
816
-685
-435
-870
223
842
849
-763
62
309
-284
-754
-774
422
-437
-993
-382
-828
72
140
-782
-442
222
687
-6
-85
496
527
987
-921
-550
-614
253
56
-773
-847
-737
983
782
243
445
857
355
353
-729
613
639
609
372
-640
445
942
306
692
-17
-899
920
-833
933
-886
778
-520
-488
-383
936
236
612
552
-460
598
304
201
-195
622
891
-962
349
-280
-699
261
92
-819
-601
227
95
455
96
997
417
341
-627
753
-516
-162
19
123
-765
515
684
-445
-721
461
653
60
-524
38
-832
-536
-432
435
-334
991
879
719
-454
62
910
275
-139
91
90
641
-294
743
-284
15
-849
925
100
145
584
311
326
-480
-970
831
-795
86
-588
-909
-285
491
729
-926
-558
-407
-917
-125
546
-4
-303
-348
503
982
898
848
-666
-689
-961
490
-515
-199
618
-186
828
33
-254
87
404
257
-100
-509
762
259
-240
-158
663
-128
189
-379
383
407
-519
868
-260
-343
760
-800
-969
944
-120
615
339
976
-408
-747
-282
-586
-493
471
708
-627
365
-388
441
-769
760
740
-477
232
-29
-886
-966
791
-640
-82
-51
462
-687
747
235
328
-82
871
-262
-470
405
-759
439
370
94
548
843
124
474
162
182
244
312
620
-566
357
-701
-795
855
992
-660
743
-546
760
31
309
-476
-710
884
-369
870
283
-363
404
-476
-375
-105
18
91
579
-889
-968
690
565
-462
765
-848
347
416
650
-728
614
862
642
979
365
312
306
89
-741
-689
-638
-773
-362
-4
-373
431
128
705
-620
73
134
376
-43
-973
982
-309
44
585
845
559
829
-413
30
461
275
-208
703
-178
-442
971
990
-813
-795
237
897
510
-701
-833
538
-735
-738
537
-55
-319
-262
140
571
-138
476
473
-303
-942
978
-132
-181
347
-448
184
339
-265
-539
-48
663
243
412
511
-274
288
94
-139
-389
-166
-859
-657
271
454
588
482
-775
-520
354
-813
-904
223
685
262
834
-227
-438
-703
-995
-58
-285
-244
410
-764
-230
423
-511
-91
290
616
-248
-734
-628
223
-387
-372
463
440
-605
-939
17
477
-503
632
-286
533
-235
-665
-648
-963
816
-481
948
-239
971
-86
-813
-888
-208
384
497
713
515
-773
137
381
39
-954
263
-797
-291
800
814
-503
247
803
-779
-242
266
988
139
-654
946
230
-756
822
-865
-488
668
-235
-290
-489
-479
798
-478
345
765
-131
657
-936
-856
-27
-309
830
-916
-563
-75
99
650
148
404
-879
26
-798
-651
-848
-305
-548
137
291
393
163
702
141
804
-630
249
321
-498
691
-2
-410
582
-747
-942
-685
-448
667
-824
-468
-107
-388
-920
633
743
34
-514
703
-383
-631
-338
-530
189
-521
453
679
592
706
-54
-281
-704
-446
180
740
-155
-571
821
-606
333
600
532
-189
202
-855
-519
-39
758
-538
449
265
-393
49
-735
-962
461
819
502
-393
327
521
-149
207
-90
-464
-843
-954
-22
-935
-327
-272
536
-632
733
-486
-467
-321
-373
-779
796
146
-271
961
-205
-665
358
791
156
-84
343
947
415
-716
-369
-468
-171
-257
-538
689
135
-315
-288
353
405
-849
982
167
-766
451
290
-351
876
618
451
-437
-166
-929
193
285
543
134
714
-963
-373
-138
-693
2
-224
-348
-966
519
-863
606
512
968
535
-559
868
-99
-131
952
723
400
235
274
-165
-437
657
-626
-426
147
729
-491
68
-805
-833
-237
466
-297
-564
628
-521
350
-275
968
284
-518
-254
-862
-709
960
-909
403
816
-890
-515
237
-467
-874
442
743
-230
-162
527
-948
121
-896
622
-176
-936
-899
28
-127
-417
905
-435
757
569
859
267
694
687
36
-874
-489
-464
-55
-475
-447
141
-498
474
702
544
-543
-476
497
685
-271
94
672
1
505
-859
272
-313
-372
487
-853
-567
-594
-778
144
-316
557
-757
104
260
923
936
-624
638
-375
-554
-424
333
961
-499
951
179
-96
-846
-840
337
558
-342
901
483
44
-707
-994
-46
-520
598
-682
461
-896
663
459
274
-559
-231
-688
949
-838
352
-40
-685
354
941
49
833
563
814
699
749
-415
-592
-220
-42
491
564
481
984
461
704
-902
-993
-577
796
-429
941
-562
636
803
-218
453
302
-893
616
824
649
-795
-903
-772
790
-915
808
918
554
-592
774
543
97
56
-931
608
103
514
206
-16
-657
-299
-455
-905
-969
686
-59
-738
-366
-772
768
-794
757
165
-784
737
-466
467
151
-928
-403
-977
133
314
807
-264
199
598
799
176
526
-634
309
212
59
-640
-5
-107
-843
-295
178
-104
-179
448
-460
966
-343
-251
-198
96
285
-924
-771
100
328
-302
-855
-412
457
-989
846
489
-590
-811
-480
-892
-75
-52
735
684
620
-709
-239
713
725
348
922
380
585
668
525
633
-418
-874
-963
226
594
138
813
289
152
426
437
321
47
993
-522
442
126
992
164
87
-852
-809
914
-506
235
988
140
91
69
762
93
-415
-962
-663
177
574
473
438
741
-254
743
656
11
-852
-807
191
57
361
-153
752
161
-22
10
-672
-389
-352
-205
693
-610
-969
-898
-12
-770
-164
-799
-894
191
925
943
299
-217
-405
-886
-360
-398
-914
-812
81
431
-490
198
511
343
553
665
940
414
-674
418
-150
691
-796
-869
957
818
127
-708
-955
376
161
-231
939
-906
-575
421
-168
-738
-677
564
829
-454
-652
878
466
-739
551
927
-50
-575
689
715
80
383
486
143
-872
-210
-434
546
-587
-334
-33
43
860
-907
760
-548
130
148
-377
-804
-442
-64
711
-573
-723
-891
-534
398
635
-105
719
-830
91
136
96
797
-725
-42
331
-728
407
225
-581
-136
-719
-822
-766
212
-822
551
-11
-303
-832
-732
180
841
963
-909
-92
-261
229
676
-901
603
62
-657
696
-166
-423
446
988
-560
-929
968
-295
166
-338
728
69
-800
341
-932
-5
167
47
-775
-498
-475
521
-164
555
858
994
-68
-38
779
126
-773
560
-486
103
-118
-699
624
-528
-132
-963
855
775
-557
-747
85
743
247
-437
-334
375
357
-934
-966
-765
692
-399
926
-892
-78
-673
837
431
781
-562
-960
-601
-514
-7
60
447
752
522
-80
-368
-433
-203
-635
-492
427
-6
101
621
-677
891
-211
596
-738
-501
-436
-271
700
271
-594
-108
76
20
962
-529
-193
-452
646
16
-743
806
853
-978
-208
521
726
431
764
-947
246
-189
463
502
352
33
46
557
-39
284
-659
-451
536
178
-7
-201
-686
849
-481
-157
-220
662
-374
-556
-727
-637
345
-91
28
-868
447
-666
407
223
-12
-978
-263
-162
-327
-293
-138
762
441
-35
-327
733
-917
891
-75
307
-237
337
825
-714
-408
807
577
-347
-944
383
393
-175
280
474
-419
324
976
967
-965
606
-749
841
-310
-947
-780
180
500
-856
-556
596
-481
184
896
-662
-935
724
-474
836
193
-457
472
-952
883
-144
330
989
-37
598
982
742
-37
934
-1
-869
280
938
-478
149
766
-264
72
278
147
-588
184
179
-407
179
25
800
-899
-899
-379
630
-387
-370
-166
-525
295
217
-134
942
732
-247
482
-251
-605
-282
-393
949
-71
-144
300
-427
-154
748
-192
352
380
280
229
605
-39
-292
-837
-644
107
654
-837
159
803
-110
832
-45
946
909
527
922
576
836
-809
231
-453
-554
-365
565
733
994
509
-813
-362
102
-835
-416
-88
982
959
431
802
-795
-190
983
-908
371
-212
-870
-991
-557
-309
96
-653
-440
630
175
-168
-644
994
105
969
-804
593
162
-340
115
773
365
575
849
83
-718
-219
-473
562
734
814
338
162
-170
-978
130
409
-871
-833
246
296
18
-814
-570
445
-361
529
765
-462
561
240
624
-990
568
130
335
76
762
200
887
272
599
452
-318
-666
652
-164
988
-194
-805
-663
66
-382
19
-81
-199
583
-479
-121
-775
-702
467
-600
724
984
-300
-811
694
302
697
-128
634
703
183
-517
759
44
511
-865
710
317
-936
54
-143
678
-937
-606
-295
-523
-99
945
948
-489
-292
-888
-783
874
-697
-548
-871
-419
-10
607
52
-732
-525
-760
-235
136
-908
-565
-108
-453
853
-232
837
-999
641
192
234
-518
333
865
-494
-540
-111
-750
396
-931
276
-198
-564
413
707
-165
-599
194
-147
-980
768
-146
558
-779
-71
715
-714
-525
564
303
-715
-773
-817
442
422
267
-41
284
853
92
-680
196
878
-108
84
-637
484
-264
796
-658
-470
334
813
418
-191
480
-151
-846
639
-355
881
556
-136
-343
189
-997
28
-715
-648
197
461
-375
-38
724
267
462
483
17
349
-872
529
636
-674
144
-321
-312
-462
784
-22
692
740
904
272
-811
-211
206
-617
894
19
545
776
642
-964
574
-922
-656
573
-501
591
-580
483
289
46
607
397
8
121
-667
-188
-230
718
-972
-999
905
-603
780
-727
-612
802
858
127
-796
715
870
-282
126
-704
445
-55
785
827
361
938
630
-475
203
-165
-136
657
507
-820
513
746
406
561
-476
789
-938
367
585
-814
-928
996
-158
901
999
896
77
-885
494
-813
274
11
666
180
-564
602
-811
924
-860
-117
-849
-291
-343
-959
927
706
828
194
-344
644
472
843
279
149
-193
378
-408
-403
975
-116
-728
527
627
451
-700
824
630
-653
-207
-493
146
41
261
-101
327
792
99
798
215
-254
404
-214
-51
128
944
-664
-114
910
-627
850
88
-314
718
113
56
583
636
-345
600
-575
370
-762
-636
-224
-94
-709
-451
195
437
-565
535
-296
-144
-488
189
934
994
-801
501
-106
409
-942
-35
910
869
45
836
635
-588
-681
-522
-357
429
359
927
373
920
-576
465
309
10
-421
689
-680
990
-881
11
-912
175
624
-202
-572
-574
641
-831
856
224
839
-323
788
-126
539
165
-797
261
-869
-249
-709
813
959
103
-316
101
-605
-663
870
740
838
-213
-477
523
-243
101
782
699
804
665
-345
36
370
805
-107
536
-8
-361
-66
639
551
848
-458
531
443
-287
513
-437
471
706
-730
404
-850
-622
595
635
59
-680
-633
-88
750
-680
-640
-267
-748
-735
-30
-996
129
-797
112
-530
541
-402
-454
495
-760
-395
-77
303
795
-703
637
-732
749
-461
-125
275
30
-831
755
765
84
-350
695
374
799
-124
335
-399
299
-422
428
871
258
196
-709
902
811
-282
540
166
771
-262
-50
55
342
-878
392
902
202
373
967
782
-935
555
143
-165
-87
164
448
346
-535
-462
967
493
106
-233
-675
474
-665
-248
-752
-829
227
-943
716
-416
-674
931
-490
-632
979
-984
37
463
-63
-873
125
969
308
-813
137
749
816
686
565
-843
-487
-997
-763
-399
-31
-368
309
-485
927
10
461
565
312
-165
625
590
925
350
-141
212
-479
-901
325
196
-171
-714
-497
-835
-270
706
345
-686
883
-589
134
-434
812
337
525
97
666
-24
-156
-599
-183
717
428
908
252
-485
708
-671
-532
586
698
831
720
-399
-155
45
694
-765
120
-647
-805
-667
851
-188
-675
607
-164
-486
170
-367
438
-33
916
-387
-773
437
515
-398
987
-405
-457
841
-607
-913
313
40
254
-541
749
-157
21
973
-921
-861
-542
601
214
15
440
762
33
486
485
109
653
-241
-572
334
-840
-664
-689
-732
213
-534
702
455
-380
-34
-400
962
-691
537
-187
-781
-7
-910
-697
-544
-450
-684
387
515
5
-882
-569
214
9
232
233
-358
510
561
145
273
507
643
-300
412
229
504
287
-18
858
118
-788
-417
183
-443
-460
-52
454
466
-527
-228
-632
652
-146
990
139
-37
-306
462
-392
176
-90
-794
-709
-536
440
-271
160
986
-835
315
7
720
-2
-700
627
-222
-34
-429
84
-83
-744
359
-337
99
160
-455
-345
124
-311
-115
-677
-709
419
-233
-884
-725
-466
475
-680
-56
-353
909
-312
202
-162
-874
-126
267
218
56
-868
-70
-519
217
510
-360
96
443
994
-944
-356
12
891
-828
-70
-279
-289
-270
-471
29
-557
837
-806
983
162
360
-559
-934
-424
-699
-261
-385
-95
108
635
437
-231
959
83
-472
-640
-790
-565
494
908
304
849
-962
-421
656
-322
12
-13
454
241
735
456
414
938
4
90
228
469
-501
695
951
-272
479
804
924
-517
-924
164
-770
91
584
690
-941
683
-245
-527
-535
497
-53
750
623
264
616
-194
-863
78
-729
185
732
428
962
963
-145
93
204
-973
-270
-835
-749
98
-544
960
286
209
768
-947
-523
-137
-798
-523
-49
-266
244
-941
310
-487
-220
-239
-104
-708
-368
836
647
