2884
-521
797
995
653
-32
-782
-21
777
503
463
534
-432
-119
301
-477
-2
-695
210
-599
0
182
-117
-596
541
-935
-479
-244
-942
-691
190
699
650
26
-694
-631
-228
-864
-546
78
734
-403
-599
-109
904
268
32
-739
179
490
-400
663
97
534
256
-198
982
-108
898
620
835
-563
-552
195
-221
-921
-221
628
559
589
-74
557
332
651
121
-182
644
216
-422
952
66
-193
125
-236
-41
-308
628
-289
169
768
-214
-815
-389
785
714
-682
-600
-478
-451
-311
393
-774
79
140
-842
-557
-621
-831
-983
-351
-275
-936
222
60
-435
246
854
-484
-276
750
-261
-223
-706
287
142
-820
919
-903
124
-578
-613
-836
-625
-213
-114
-528
97
-87
218
-373
363
987
766
-430
-949
-603
-973
-672
484
955
810
524
-129
298
-31
185
-192
499
869
975
819
704
722
530
725
452
-539
652
-385
-221
546
-116
877
-646
641
314
877
557
-460
-939
931
-276
-93
-37
778
-815
-936
-43
-252
-824
-953
-499
914
603
-587
780
-977
585
138
-220
630
323
80
-121
821
-397
347
19
-535
889
227
-822
185
-253
604
2
398
519
727
-619
-737
689
321
-714
476
-828
729
-431
-815
207
-817
925
-582
573
-1000
914
693
248
206
817
690
364
132
388
599
884
7
690
-367
899
-591
687
613
912
999
622
693
623
529
-876
-610
-392
330
27
-787
375
-83
-289
-830
815
-945
-936
-643
139
-372
661
4
419
362
833
-234
391
-390
85
970
507
189
186
-815
367
-350
-647
171
234
-771
-591
453
530
148
-701
-65
-277
995
270
-484
394
-177
-382
-29
372
-72
-765
738
-376
135
-484
642
645
455
877
-971
601
848
675
-788
168
-562
-829
405
-731
352
-286
994
544
-948
-876
-475
252
960
255
727
332
692
-245
-520
-983
-373
-408
-720
482
-407
268
-348
881
-354
40
181
534
735
-699
-798
-574
886
0
45
322
416
944
-341
278
708
64
-635
-835
996
573
-900
607
28
45
825
903
423
666
-318
-870
-960
-630
585
152
-618
-740
-962
174
-295
-207
-475
614
-127
453
-590
-836
-561
553
561
-563
-422
-738
610
-210
955
-737
-735
-458
-75
-805
-556
-727
-949
846
-707
-654
-106
748
-113
-755
-258
441
878
942
117
-24
-545
529
-141
-787
-113
-241
300
529
-865
473
-690
146
652
-859
-201
548
797
-686
-813
25
-443
-471
274
776
-807
50
-408
172
-564
160
719
492
485
-918
471
-334
-830
-985
877
-693
438
-555
265
-358
173
-586
33
-247
289
-792
107
269
-891
528
-992
980
558
-126
-308
446
-174
-721
674
933
120
667
189
475
-977
889
641
862
-69
-90
543
-341
778
367
471
796
-588
-816
-392
191
-831
522
803
-411
-284
624
846
-814
933
431
932
-712
-499
-105
-263
-917
-566
490
315
721
818
255
21
-696
613
-877
-851
787
987
798
877
-301
652
-995
799
686
-290
530
369
-338
-151
612
-121
168
919
499
96
-41
807
924
225
678
-96
-971
206
-665
611
679
55
-494
425
-267
943
-948
-133
-819
471
-925
-863
745
233
4
-270
-574
-943
314
522
-621
534
436
953
101
758
-447
-1000
92
-721
-86
-57
-547
-934
-804
-766
154
801
-528
-110
-612
-127
-23
-641
684
347
-86
771
-34
-635
321
-166
-982
398
-764
-522
-536
910
278
831
-361
123
710
-841
-53
712
-139
811
-959
-136
-542
837
-977
640
899
-162
237
203
-702
258
874
551
306
348
-515
972
700
928
729
141
-38
55
795
-841
-753
821
787
-522
930
6
317
-857
-283
-537
-165
-552
582
674
497
-708
-143
-623
-228
250
-913
-493
319
853
-896
172
-740
-985
753
-618
-388
-74
-887
438
-357
-184
182
-71
835
867
-657
-930
-749
-707
5
-387
75
-574
251
164
-361
660
367
-685
134
445
-268
301
150
800
-675
-369
877
413
-40
-179
934
-13
805
152
982
719
-238
972
-101
-189
932
277
976
-286
-140
641
-385
-1000
660
-864
-732
-729
-180
-887
585
-964
-587
-425
-909
191
-880
-560
648
-455
308
165
204
-432
179
277
807
718
520
605
-636
16
-816
-646
-424
-390
-718
543
157
-648
-821
706
331
-65
362
800
546
129
549
-783
198
-624
-554
710
-153
-886
326
287
923
402
-651
57
939
-113
371
-347
-41
-754
-147
-701
886
451
231
717
-321
45
-910
-352
685
839
91
421
546
778
-528
351
-133
320
-369
844
-644
-717
-371
-610
392
4
496
-636
414
360
-614
913
323
-611
-990
-626
921
-774
-639
-661
697
-172
-411
16
-622
268
805
626
-435
-362
290
-686
-52
-139
-218
591
287
834
381
-389
67
-884
-164
-437
-504
-775
-654
72
-355
-534
457
-477
-855
92
393
454
-983
507
-790
693
-879
-319
883
803
-15
700
244
-608
726
-674
-772
-832
-807
-146
760
-105
920
508
249
-223
959
-751
833
-194
355
228
169
858
907
-247
338
539
219
-683
-234
771
990
-67
-118
-170
559
363
323
629
612
882
-271
184
392
-423
940
459
19
-941
202
-145
-855
704
763
369
492
156
1
-88
-770
805
-641
-280
247
-726
-596
-861
-146
-930
660
-561
152
-580
-20
-109
-917
-731
-80
-101
542
85
266
187
895
-717
-639
991
-512
103
-948
81
-145
486
-255
132
-880
280
671
349
265
235
4
-94
-934
-480
-900
-693
-602
-605
839
356
-509
-183
469
-220
314
386
-592
-104
-517
221
822
-951
-751
491
226
-260
-963
635
886
-88
-302
-603
103
-878
-836
434
-923
-300
317
680
-42
-356
470
500
-802
-688
-338
-288
-932
992
354
276
-252
84
-983
-216
884
-364
627
-376
326
214
318
480
273
706
484
775
-852
18
-332
824
-544
789
-949
-230
857
-317
255
-494
-807
186
120
-177
-503
182
651
339
-947
-592
-780
929
610
-643
720
-687
86
919
741
-751
-588
922
-706
-570
-613
-844
566
-912
-805
863
256
-85
-917
-789
673
465
409
-652
171
-67
-209
-61
-138
731
30
-656
-803
876
538
597
723
949
674
782
224
950
-390
509
-869
472
743
170
806
-544
566
311
833
-944
-279
-47
-196
-963
-625
-878
572
-389
-225
-572
-215
-748
-143
48
530
-25
921
-43
-451
141
0
-764
671
-25
-543
-681
436
628
-947
322
332
-337
44
785
-894
-636
929
65
874
323
40
204
199
845
254
-932
-602
444
381
80
-934
111
771
-836
-715
162
-306
-390
175
-532
918
671
-522
722
55
-599
883
281
585
-508
933
-839
206
172
924
540
151
492
-685
294
-893
-715
811
-161
-587
-870
-975
-677
865
840
-469
11
-989
883
-364
-99
717
716
785
-290
27
-769
191
943
547
808
187
-539
-786
885
222
-982
430
-153
355
-78
812
-46
-153
536
-273
340
-725
-250
-662
722
200
963
-990
-114
177
-409
266
373
-674
-645
254
677
-982
43
-887
283
874
61
-589
-118
-537
-325
922
-56
-917
731
-837
690
-891
-463
221
-176
744
234
971
19
-378
-39
-196
-549
516
-609
-671
773
907
819
970
-222
603
913
-491
-301
-661
-593
-268
383
33
-262
-807
-329
-806
239
-911
-495
375
-939
-133
880
821
760
612
-475
695
561
-736
207
-446
-544
998
637
613
-708
-568
84
754
865
-674
-211
-866
-904
830
-58
321
-860
586
184
249
344
167
664
802
-217
965
119
746
-989
783
-204
-796
919
-463
786
636
-176
561
900
-399
390
-772
36
-108
840
-546
979
-52
501
-995
-214
243
-105
-654
767
-368
-214
-11
644
-318
-165
-940
618
725
-469
511
707
-156
595
67
772
732
945
-334
-279
937
-752
-613
722
-305
694
859
-693
903
214
-512
442
-556
198
-250
-31
-159
-292
704
340
985
-895
644
-940
-414
311
739
410
-426
-89
947
447
112
-525
700
-872
720
314
971
-769
-565
617
486
924
-798
-849
-579
-750
-356
-775
-119
-794
-749
-916
36
-517
841
626
260
761
-668
-709
517
476
461
-364
146
504
-639
-75
-16
-535
-446
-795
-137
-439
-259
-568
-658
-517
-392
-1000
194
-763
200
881
370
282
-484
-458
-454
917
314
-206
475
-590
-92
-567
-253
-266
903
-499
206
-337
432
-708
904
117
778
982
-963
320
968
860
-656
-941
-533
-492
-444
-922
449
-247
-278
162
-213
383
-40
-586
346
-267
690
-938
549
419
-520
-717
-247
-909
-20
261
893
-340
-50
-268
-544
569
-90
439
866
824
461
-605
780
174
376
469
428
-169
-127
427
-47
124
388
173
752
-483
-972
57
209
-962
-504
988
-279
-849
725
460
-556
482
552
82
622
193
192
-731
-81
-424
694
-399
-815
910
-5
-457
575
-351
748
-706
-596
767
260
-873
-132
-575
-802
-66
771
434
149
252
296
189
-549
554
-954
-188
-158
848
-529
381
122
443
381
-473
440
380
-617
-6
303
-35
956
-772
-563
575
223
-208
-539
864
207
154
404
-520
-431
-211
-62
466
-324
277
760
-217
929
528
952
-251
53
-794
925
-305
301
314
496
-241
421
633
131
-585
813
-896
-370
-844
144
906
325
67
882
342
-814
-226
-363
583
-236
-497
-88
101
547
-523
-995
-192
366
-732
309
165
-61
-393
-533
-630
-821
-511
-471
739
-464
656
971
903
507
275
-658
12
494
242
-764
478
539
-36
-1000
-785
-961
14
152
185
-881
207
803
-385
365
969
-495
-270
-153
-879
441
-562
524
-664
643
-572
891
442
-821
-269
763
-173
-530
-272
-863
-351
-539
-412
-991
325
811
596
-572
291
300
-324
-399
425
-756
-315
491
685
705
486
248
-386
-274
614
778
-483
-964
-977
-917
228
-873
78
-807
756
-301
439
44
253
-470
598
-192
-26
435
400
708
-4
-193
872
429
-441
-653
957
-665
328
-723
-400
970
-33
-874
-284
53
490
35
14
201
439
-825
-756
116
-278
792
690
121
-230
364
351
505
293
560
974
240
-636
324
265
-82
-662
-569
-873
-480
-170
-69
38
-742
-953
853
-716
-988
431
-829
119
414
336
26
-563
561
67
698
445
-460
344
848
-388
344
-824
25
-644
-880
854
222
399
-976
900
-415
953
193
657
289
675
637
-224
205
-708
174
-940
-93
810
766
-841
-396
814
-662
-694
-490
406
-696
-169
117
-196
34
114
-409
-917
-370
302
794
-991
987
-933
285
-80
170
-659
872
79
-442
-71
-328
782
130
-792
779
631
30
-562
-172
-177
758
-252
-340
715
487
-767
102
-304
61
-633
-724
3
110
-614
619
143
-835
-772
-776
-924
61
-733
-755
-340
-478
331
436
122
85
-328
-337
-612
420
900
-382
-817
595
295
942
-751
723
373
202
337
-947
-271
304
82
-612
879
-783
559
132
342
966
617
-14
-92
388
380
658
556
-965
320
-281
651
763
682
-485
681
-284
-846
99
586
856
-800
333
-268
-417
864
425
-965
999
564
-847
471
-794
-151
-569
471
-690
417
-71
-785
-69
-1
451
-723
-500
-766
-558
-134
683
-72
-176
987
843
196
-95
-937
-227
-405
-743
-189
-449
-584
-537
729
-670
-145
-62
-584
822
-930
287
-796
-188
399
412
-66
-329
458
-468
574
88
-905
592
-756
-331
386
-770
-977
-530
-137
-304
-99
-357
525
731
0
-979
719
138
234
448
389
439
383
41
97
-890
-271
994
-667
-114
-951
991
466
837
-751
-692
780
-825
-801
133
-103
-462
251
-735
-840
16
817
-564
-322
-398
34
-368
939
854
-427
-689
-901
101
411
416
857
508
-432
19
398
964
-275
-941
247
-432
-421
39
-267
419
-766
-284
909
75
-833
-237
96
414
116
-550
-715
-353
985
-950
865
-355
-304
101
-487
217
-410
905
478
-351
693
926
-664
-242
-297
-984
-434
-394
870
648
-960
991
926
325
-200
193
947
563
-379
151
31
526
-137
802
-732
453
-823
-999
-17
309
-105
272
893
241
929
-940
-952
251
-280
273
-406
-702
742
288
851
152
-950
161
437
-786
304
464
-981
-530
95
439
234
244
-164
-256
944
891
-115
133
-119
320
-9
-489
-735
-283
-568
871
-845
-636
849
-333
768
-451
-837
-288
-692
286
-421
-255
114
511
-736
-78
-377
-697
616
-269
-548
-162
-141
-444
29
-209
495
154
-698
777
-510
-69
-74
916
-970
-21
-597
-373
-289
52
-819
-55
792
-469
535
68
-676
-475
-145
193
-16
598
87
546
909
721
140
179
-677
97
508
-179
985
-846
-11
-60
-470
717
-488
-716
-919
319
587
275
-835
-651
-866
706
-745
-763
-394
454
-568
764
-875
909
-896
976
-917
-657
-879
753
-698
259
386
609
-172
442
-113
556
57
-964
206
662
860
318
748
160
44
765
118
711
592
-406
-604
-519
-229
-175
991
580
-722
231
-700
269
200
607
-800
-470
-279
-279
811
-163
-412
-167
-831
397
194
-641
235
-606
-893
-776
-35
-883
96
-175
184
786
556
-733
63
-957
-151
543
-377
-870
870
-714
424
-302
150
550
-384
82
-996
-467
407
280
882
955
253
-290
793
664
799
860
363
-929
792
-6
860
-618
964
-577
799
891
320
-165
-459
204
877
525
336
-877
-12
530
229
972
-397
-5
240
613
-379
393
-222
49
-480
728
-267
200
952
821
320
799
-287
-771
-667
687
530
580
680
245
-620
495
251
-570
-103
750
628
-324
-118
-727
832
-591
41
-346
-640
-282
-747
900
514
289
492
-728
-181
-382
-917
-959
-96
416
688
-646
899
-940
944
187
762
-127
-267
-196
-436
575
-769
120
741
-989
332
634
665
444
322
-730
-331
813
-424
-906
721
786
117
-977
-191
-255
-512
48
-149
-642
-506
-457
-989
74
-245
-144
465
-327
-73
-630
-988
-417
865
424
-848
-713
-870
-15
-349
816
944
-812
518
-204
-269
107
-177
-683
181
-549
-429
-969
266
-938
-664
276
350
-755
-376
480
-698
5
561
618
846
-748
730
-613
338
824
160
-994
936
-491
-353
-516
235
713
-692
866
755
-338
-241
-942
-449
299
974
819
-28
151
-444
-154
-657
-501
-336
-282
838
115
122
683
829
-143
176
-581
37
349
847
317
334
-931
-819
44
-307
925
-605
-28
121
-164
345
-612
112
531
505
-1
-250
-126
-971
73
733
328
484
91
-448
-946
-153
587
-39
-15
-902
-564
883
-677
198
-411
-519
237
164
912
-3
-997
828
-495
-875
292
-421
-959
176
540
-77
694
967
343
-612
-559
-834
-348
72
51
-551
532
-603
364
475
535
731
274
-774
129
-11
-53
895
733
-868
808
-663
-370
959
-498
-543
382
-241
-879
232
613
535
270
-212
824
760
374
601
171
514
995
-579
-540
-848
408
676
878
-806
-535
-798
-890
669
436
-65
-282
-616
-614
844
748
509
302
-268
-170
-760
-199
541
-612
-277
968
30
505
-105
-109
-309
695
424
778
763
71
-872
-595
970
-310
3
-376
555
495
138
-150
-939
266
97
401
639
157
819
244
-314
133
-459
717
-150
-45
-520
400
-55
485
952
-676
-925
769
-703
-659
-899
989
418
475
-991
574
-407
-990
-62
-373
-82
-737
-963
-162
-180
452
778
-121
-822
297
-621
44
-281
495
60
-576
564
66
432
-386
619
858
-996
275
-499
30
404
-570
138
166
-716
901
169
-437
-286
-739
-680
909
590
853
509
464
891
888
874
-524
743
-115
-769
128
-186
-107
698
-501
221
-768
-151
774
-518
764
16
-567
817
-117
230
968
610
-177
-342
-462
470
-539
-509
-425
103
-532
853
643
527
-368
223
