5838
-199
-761
753
530
644
632
-806
792
326
259
-912
-320
621
-928
393
-420
593
-824
-762
-920
-891
-102
-240
-576
700
-661
106
-113
-744
-435
-250
773
829
891
-477
980
564
174
-812
343
-116
47
-628
110
-996
410
-762
-213
-461
-597
881
-477
-657
-617
-184
-863
-532
537
815
253
21
-456
105
20
-970
-414
-361
916
-782
984
75
-602
992
-75
810
25
-752
171
-592
343
316
-660
-930
694
825
-574
-530
445
669
-613
87
-640
-534
-251
124
-757
-536
-878
494
-73
450
328
962
-293
838
-728
-67
-349
240
-280
908
-779
496
175
513
22
-329
701
-489
888
881
-427
262
206
189
472
-158
-738
-824
-610
654
-799
-314
-653
574
-646
-942
-868
682
672
-274
-619
110
-262
675
137
302
806
-372
-275
-649
-650
974
-311
-415
-232
-609
388
-944
337
936
235
-886
101
869
-163
-877
549
-375
-410
20
-875
-290
-426
-198
393
-662
-130
-374
-101
-131
790
114
-484
-985
302
-373
997
-250
-385
-966
712
221
-964
86
-952
-495
-85
437
738
-819
362
-65
582
-107
943
355
-122
-841
-271
728
137
-995
-180
891
252
79
-635
-568
-937
182
-405
356
424
-533
758
-761
542
-786
975
375
947
-701
571
463
-186
518
468
414
373
-737
-10
-4
516
785
-525
-616
28
-180
-972
-404
-877
-942
-931
610
-749
263
-868
864
490
753
-467
-850
-562
943
-851
873
283
-10
-615
-129
250
919
-782
-389
-161
-452
-289
283
255
-15
335
-4
-948
143
-422
695
751
579
194
-203
-559
46
-933
-530
-570
965
-764
-17
806
249
738
602
-807
-815
136
-105
-593
419
68
-423
201
178
600
-69
-89
-80
-956
505
-977
-635
829
-326
-105
120
-676
107
-817
-358
869
-296
-770
-974
-206
-509
-937
2
364
823
455
313
-602
485
-354
-558
566
269
104
122
192
394
-89
399
-912
180
-609
403
340
-231
-547
-112
948
-171
-603
-843
927
-787
-697
-177
771
-484
-644
-669
856
-219
291
-377
346
-937
-973
336
-254
494
-4
-842
-720
-778
-674
148
-666
859
245
-260
788
988
-880
-872
-773
125
-260
442
-720
780
34
-796
-832
-613
426
196
106
-836
-69
-761
-242
-293
144
127
592
-619
-920
47
-152
-458
217
-413
-215
624
274
556
-229
983
748
-215
-872
586
493
-111
80
716
-103
285
-486
848
-764
-797
775
-61
-567
284
-924
115
688
215
220
638
351
183
-873
-59
-224
-617
-380
-65
-373
958
206
218
448
-82
-370
-772
-29
-442
-308
-985
692
-249
83
731
217
-125
113
22
363
241
-153
823
-918
13
-621
832
94
941
984
-7
-837
-161
391
320
-113
318
-52
78
908
83
199
-474
-371
167
485
-745
166
519
234
945
316
192
-163
308
158
-326
241
707
527
369
204
-872
305
-130
-155
897
-320
-315
527
-952
440
-472
-692
816
195
-584
-896
923
499
-805
-700
-87
-215
-423
258
586
-849
528
-764
-219
136
-616
-940
737
418
-719
127
160
-59
-456
-325
92
891
-567
-207
409
908
158
-807
-630
-108
-75
-190
816
-813
-513
-902
-403
690
-539
-256
135
381
-187
595
-808
-111
331
-793
-559
-621
155
-700
287
-438
602
730
-106
-582
428
85
-822
-818
855
568
492
769
119
857
609
105
-692
442
303
-239
-995
703
-592
786
-81
353
953
-659
833
142
101
807
31
-502
-38
545
118
374
429
-621
567
299
433
741
-651
979
874
394
440
-619
576
-183
-348
795
335
809
467
817
-261
968
607
-276
945
568
956
741
505
-713
306
433
-233
9
488
910
-863
-572
-133
268
-709
-168
735
-299
-770
-519
77
-710
439
122
-678
-916
459
-376
-376
-60
56
-128
-267
592
-633
-914
-47
-550
-226
179
542
246
562
562
-272
551
-391
-409
-477
-833
-515
-508
-596
802
-867
522
680
389
142
320
656
649
766
803
-162
-386
857
-326
297
725
-700
85
188
246
-793
-830
-682
922
-72
-85
-662
982
-382
-1
22
-123
-635
-853
624
577
-234
69
765
-386
695
-91
-597
-637
-622
881
-802
102
719
659
-600
-350
-460
729
705
-425
-372
-536
807
-865
-544
-498
-722
328
146
-61
-744
451
-311
-661
-704
-248
983
-165
-831
-92
-586
-939
451
-656
832
129
101
-593
526
-966
102
932
-936
-909
61
-627
956
404
697
-752
490
453
-45
0
619
-27
288
236
-911
279
674
-924
762
330
-211
-519
110
596
-585
160
616
970
-823
-701
-606
-610
466
708
232
-682
555
591
-609
901
-43
-645
-402
568
-578
220
-198
-113
-189
-392
96
646
-400
387
-292
-946
-974
-38
422
-579
781
873
-356
671
-791
-151
618
-616
567
-774
518
-633
-286
-744
248
-872
-127
413
294
-298
24
-205
-322
218
798
804
-723
-619
-118
656
685
839
103
-422
-917
-711
806
160
-491
525
162
-43
834
-273
-546
972
-804
600
459
-493
89
-224
406
506
872
-515
494
-226
-618
44
883
-217
624
955
250
-166
-222
528
-883
603
958
-406
-193
-637
-199
674
-771
-870
-417
-787
336
-254
487
769
-689
752
-512
-703
82
-314
-933
439
97
209
-653
93
426
445
-249
537
-670
-784
-648
-126
755
858
-307
-77
627
119
644
395
949
654
787
-835
-295
-135
-388
187
-386
-79
495
-933
904
581
-582
-909
653
23
780
-122
457
99
119
346
-47
77
499
117
804
582
367
-491
-675
-342
434
185
-330
938
-528
95
951
-143
-792
202
-404
900
-182
-1
148
811
230
845
502
-601
-353
902
542
-737
-305
-802
-764
-757
692
272
413
876
552
439
876
278
974
816
241
-565
-424
-279
-79
-587
-922
102
-922
639
-248
144
381
816
469
-790
589
806
-460
-462
-153
-581
-328
703
633
678
-600
-787
-723
-463
-948
915
-817
-573
340
-947
955
-103
274
827
-988
213
712
-59
-894
-957
-356
105
-941
-940
-392
3
449
617
173
-889
-940
238
520
318
-817
-848
-627
411
325
-36
880
169
-82
-666
898
-493
293
659
504
-673
57
-573
776
-536
3
974
365
790
-441
-582
601
780
67
390
202
-18
-332
807
341
285
920
-628
-209
241
-849
799
-821
386
459
-773
-771
978
-170
517
45
842
-238
408
-376
-576
-69
145
48
-238
-535
-765
355
610
946
744
-311
829
444
662
-25
617
608
25
-608
235
-902
178
203
579
285
-820
-480
-475
-429
-970
764
932
770
466
-315
-292
586
-998
-121
-836
379
-727
540
-385
-140
-371
-918
886
-762
-457
-250
51
487
-148
-234
740
338
716
372
522
219
-756
-177
-810
896
434
-340
-881
572
941
841
2
453
-178
-526
-26
197
-89
-356
-982
805
734
-145
-770
757
781
-127
507
969
-566
-403
-368
478
174
-365
794
106
212
697
-498
0
-991
-721
102
-557
202
-993
-665
274
-602
931
11
834
-79
-431
-641
377
345
450
-533
198
809
-880
89
-305
-784
-83
692
674
-867
-96
-993
381
-647
219
-306
-552
817
776
-539
-720
911
114
-564
831
-332
-209
-565
823
-700
523
-776
686
-722
752
394
866
-426
-543
-952
-243
-560
-122
387
276
-357
-798
-739
202
856
-864
-731
-926
470
236
897
-31
-340
-882
-730
-862
-926
-48
646
371
908
-703
-266
-596
-397
947
219
640
-878
718
81
-468
-630
727
664
460
-574
-533
491
61
287
-282
158
-291
-644
192
-13
-370
710
-537
-583
-502
-409
-840
354
-799
29
-426
-336
-179
-922
-419
331
711
-231
-432
289
226
-508
894
-454
-44
654
195
-585
453
713
-789
-713
49
-10
802
-986
551
228
-425
802
628
-922
-97
154
-694
320
-283
-410
169
-578
639
653
-720
-175
300
279
476
-153
601
240
687
-970
195
502
-644
-284
-682
335
-1
-570
628
-695
-166
547
978
735
-215
-843
-580
-619
823
-661
-23
-63
58
797
-423
-986
-599
-722
874
318
845
919
-182
-157
-123
550
-745
-886
-700
754
131
732
-266
-87
-509
979
320
-184
566
-547
-412
-138
-430
-160
595
-851
409
-5
-866
662
619
-92
21
401
182
611
-960
-178
-887
-726
540
619
118
-321
188
-758
-715
824
449
-947
581
-270
293
-719
349
190
-399
-588
-767
-839
-177
789
448
454
345
-585
-438
-759
-48
657
-865
-877
857
53
-269
85
226
747
686
291
-270
441
735
792
-850
17
-720
-113
407
-169
-508
-876
-319
-51
-195
808
319
-834
619
-629
-886
-205
511
89
561
661
-995
-204
-791
432
640
-743
-762
751
-393
-718
978
74
-579
823
-359
-103
-874
-350
-136
-972
-410
62
-54
121
716
571
609
-888
587
992
-666
-770
-600
-931
-56
732
559
-547
976
-684
-655
180
-827
272
921
379
187
-337
-164
645
-857
-916
-498
588
-259
364
977
-435
-454
804
968
-787
-466
805
-871
-329
721
309
-895
643
-410
427
882
-924
428
55
151
653
-191
-389
-311
-767
658
762
-406
-665
382
732
-418
822
329
-565
-375
-605
-533
861
627
980
472
126
776
-385
811
-231
-195
-940
139
131
957
-541
64
900
-383
44
350
-750
-754
386
928
-292
-905
-246
-48
-592
611
-362
-477
426
938
440
642
-726
506
-651
-846
-463
-218
-968
-267
279
749
864
-422
619
-24
56
655
-568
-467
-576
-73
-79
257
573
710
137
475
-662
281
417
-685
200
274
-449
889
-406
817
295
177
-538
-481
-471
-116
-264
-140
854
867
777
808
576
-867
167
-330
414
-769
-414
509
985
-189
-893
-992
-27
305
-600
525
719
233
-512
-645
464
-557
16
508
891
254
192
-302
-903
-779
981
-642
-546
-384
-117
-189
855
-458
-610
-455
-685
703
-363
14
139
648
-68
631
-177
896
429
-28
895
591
-54
225
-573
679
746
104
-825
-814
766
-588
-522
875
750
369
1
-760
-924
943
-276
-827
869
214
822
-100
-857
355
-812
672
276
-352
136
90
-6
913
-77
-374
667
75
4
575
-168
-33
843
-895
197
-268
335
-421
-775
803
153
-489
-587
-741
523
-670
254
-459
-720
-818
-327
115
672
134
98
-159
128
748
-264
189
-795
830
376
-30
691
-712
-331
-528
-346
211
-847
920
-708
-246
507
-301
749
-867
-171
850
392
-226
-160
672
-389
-135
-426
116
430
-383
388
323
-627
-459
546
354
48
562
-703
-87
-919
-110
352
-13
634
-142
-22
417
368
625
-913
-162
-112
900
-115
-147
-708
790
44
-513
625
-611
899
258
144
-232
-310
-493
-392
-124
669
-541
-99
62
-999
503
55
771
-538
-23
313
-301
-447
-964
-213
-637
997
685
-601
98
342
-458
413
35
-327
524
-253
-567
883
-584
-307
-62
-627
82
933
186
689
888
278
-720
-493
-49
-853
661
79
913
-305
913
-309
452
992
751
-632
-532
-426
729
331
-458
-710
-578
-286
-43
-460
-208
341
-134
-555
58
-869
-228
397
-18
-426
279
42
989
-964
-816
175
832
994
183
-68
-749
567
453
943
-319
-341
-395
-649
-613
-949
-961
-415
-63
153
655
482
-477
396
-876
-81
673
161
-571
-421
-593
925
414
62
-476
96
-88
335
-62
-841
-874
110
-400
847
-629
960
610
769
649
360
-54
-450
-75
-33
-824
312
-537
-1
-659
-54
237
50
-771
-187
-146
-958
-381
-887
508
-932
-338
-516
323
742
489
394
510
409
-359
649
520
637
-657
903
-112
336
349
194
-234
19
453
580
547
65
797
-343
37
-307
895
431
-617
983
-515
-791
911
170
658
655
736
917
-781
-122
-528
52
148
248
580
-518
903
351
648
-195
-913
611
-821
-498
2
-195
198
692
-211
823
-403
372
370
-349
-946
-465
-355
901
-777
728
-972
61
-700
752
444
-779
-762
224
536
371
-705
979
-243
-229
-7
-211
-223
677
-250
-773
129
134
18
-728
-318
-338
-651
666
-865
109
421
-537
449
738
473
583
-611
962
600
967
-330
257
255
-409
276
512
689
545
157
-316
-7
118
-369
-673
171
103
31
461
-584
573
-100
-660
-352
197
77
281
722
460
297
-189
-257
-750
85
926
813
814
775
-217
-649
382
362
511
465
969
-966
870
-326
580
335
-795
-6
-19
23
-857
395
39
188
-587
612
466
-955
493
-993
-698
-521
494
684
-596
-244
995
-625
-295
-436
-791
709
-808
56
-817
-108
723
-778
89
384
286
-490
-991
217
-752
-270
826
834
734
-380
514
-547
598
850
164
-879
453
837
823
-562
853
856
-921
-617
-457
-373
846
-883
953
-410
894
-371
-972
-533
-498
112
500
-332
-2
-815
-140
-900
-424
-869
-394
970
21
-16
845
759
665
-394
-713
256
477
-981
-822
-568
-89
-502
-295
821
-936
-138
-558
378
322
947
-472
277
339
-380
457
479
194
-370
-517
609
-395
108
-169
-490
-595
-916
18
683
-482
487
-316
-638
-657
-35
-697
358
-886
-370
510
-343
-831
790
127
-39
-210
48
719
-126
-540
155
-584
349
-681
106
553
-187
-939
100
954
250
784
156
635
-545
265
316
56
-99
-902
794
-661
171
879
-947
430
-219
-30
-616
-997
521
-702
-476
274
17
48
349
310
506
-714
-813
-396
-221
436
416
593
577
-440
-583
-321
15
-71
350
268
-893
897
123
-808
572
-44
161
-48
-41
337
287
844
49
308
201
849
455
-667
139
707
153
993
775
-837
-307
-350
-966
225
175
478
60
311
-74
-855
-298
49
-702
-88
46
-364
-686
627
526
266
-798
-282
-733
-593
369
741
129
-436
304
153
-156
-211
-218
-917
17
-479
769
811
299
606
424
221
145
-914
-5
49
-252
-246
-116
-258
-457
225
-410
251
-1
693
-389
682
-262
-878
-723
224
140
188
-846
117
-364
580
-534
21
765
-490
700
-480
752
482
-164
-92
759
517
-182
-43
524
-668
-860
151
-384
-715
-853
-920
600
-647
-846
-628
706
938
579
-507
805
-947
365
-17
-234
755
296
-426
-233
-990
-104
149
314
939
-129
-484
-557
-840
-51
333
683
-92
195
627
273
262
-986
399
331
59
-754
-640
346
896
-722
-898
-101
-55
-290
196
-790
961
-717
-392
433
270
-47
-665
943
-480
-521
-894
-541
-346
-392
-609
-809
364
-150
-290
-134
-715
295
553
662
770
977
-842
-880
-100
-93
-692
-3
979
434
736
865
499
-430
731
-141
336
-107
-391
-259
671
-338
913
480
800
772
-196
436
-869
818
-412
796
-634
91
618
568
672
442
756
612
-323
600
545
718
-481
135
938
213
-419
683
39
-819
82
-616
187
-962
-971
-425
894
876
257
-94
805
338
64
207
-593
-456
-759
-311
-962
531
-958
617
177
219
-284
-252
-582
296
-662
286
-704
614
-203
76
547
-633
-656
-825
-888
935
-374
-356
944
-21
149
513
-103
-877
-230
-430
-736
606
-313
921
-623
-243
-73
-276
-514
640
-68
-208
840
940
139
716
-628
894
131
184
301
649
364
852
-422
811
-871
981
539
-371
9
506
254
682
351
-83
-632
695
-468
549
-918
208
-58
248
194
772
55
-563
698
-74
85
-769
418
-523
-759
590
197
-539
318
-656
-758
508
-696
-651
986
-903
319
-424
-904
990
966
385
-78
-306
524
-313
-285
449
-833
419
-286
-299
-617
831
90
-145
-266
894
711
-753
-6
485
-374
177
653
695
-631
-208
-38
926
-10
245
-805
-747
490
461
-733
-477
-34
-104
-555
385
-906
222
656
653
-213
-324
-105
679
-957
348
881
-856
910
-781
-582
947
-464
819
-156
-636
214
-207
78
-588
7
465
-130
-737
-840
-931
-802
748
-420
-267
913
-965
-25
-928
497
638
-323
592
134
590
907
-684
324
718
-783
-249
786
908
-565
-731
-542
-588
-229
-882
434
575
-427
-925
-130
296
743
333
192
143
-238
126
-954
-921
377
-625
-451
-710
181
232
-65
668
594
494
-585
-308
26
-250
-147
-489
-180
-984
386
983
377
-1
-391
9
-357
-660
368
-515
-991
298
-630
982
187
893
-789
144
255
772
-353
273
630
413
103
984
775
-25
-607
-510
381
-925
483
76
23
452
243
403
620
917
774
-345
440
314
371
238
-744
398
179
660
158
-565
168
-432
-175
-71
-441
738
565
61
835
-999
-414
67
56
177
356
550
-736
425
-914
-676
-827
-605
-293
-369
340
756
-749
118
506
-661
198
930
-434
-769
-952
-892
394
96
-727
-276
-233
64
559
-916
21
-821
499
603
740
881
453
-379
370
-556
861
159
561
-196
47
-391
-413
760
426
-323
693
688
-643
-189
645
758
982
-249
-174
474
-759
178
783
-292
473
-188
-765
-372
-810
452
-192
-626
-109
-690
365
-598
434
11
-750
527
799
-833
48
-136
982
235
379
486
178
-606
630
-308
642
-903
617
-118
826
472
-272
385
-412
-179
-717
-202
145
-593
-179
882
32
-448
940
-251
-440
668
-907
-102
342
766
145
-986
382
-158
151
-934
-512
-155
583
-792
-599
-552
-527
-589
307
356
0
-449
282
215
-122
679
155
28
116
653
971
377
-538
-740
-607
-222
970
-631
-703
427
619
648
-362
874
158
-277
363
-597
792
-443
55
-83
-966
381
-589
-662
842
478
264
-188
-193
219
-630
-678
-903
368
-501
-214
682
-973
-675
448
501
345
-456
973
929
518
-476
243
762
684
-380
-68
-987
-572
-657
682
670
219
172
-278
784
-349
825
658
-304
779
-968
841
246
585
839
902
-328
-93
250
-144
533
317
407
-988
187
-452
-610
-811
-666
-679
499
-610
774
-62
-54
611
-165
-838
173
-874
-96
-879
-147
-891
769
-434
594
-640
666
408
609
440
-755
36
729
19
-544
57
-646
300
481
783
-477
232
-138
822
998
-205
-43
707
698
137
413
-763
700
-608
-880
214
-60
754
-899
701
-257
537
462
-368
910
-605
395
646
698
918
328
-566
-398
236
-574
-196
276
-433
402
-78
628
-512
-149
-916
-197
-224
-730
421
414
722
551
-411
-454
344
-517
-252
-999
953
656
-680
596
-267
-190
639
-314
559
-626
-632
-488
-279
644
-932
-802
238
-706
-758
653
808
487
992
-265
-207
234
390
-155
-537
-56
-700
351
-935
-955
-781
939
-882
-736
545
-432
693
13
190
-58
-538
337
228
125
-488
-550
-525
982
-964
-280
986
-255
150
443
-910
-524
795
-854
-252
628
-218
781
795
-205
197
-920
340
-121
33
661
-654
-749
619
461
942
-412
337
-478
-149
-262
-449
476
-953
-175
-77
-738
-514
619
-759
676
713
-69
-203
-644
-428
817
431
446
125
61
615
-472
407
690
586
347
430
-968
-2
44
-683
-739
423
24
-964
-918
412
-153
158
-370
339
-661
-666
-679
233
-731
401
295
-946
-204
462
-169
-83
364
642
902
-359
735
377
365
-94
-150
-569
980
247
367
252
353
-906
762
645
-47
-49
322
-785
-974
630
-530
-937
891
791
-623
493
872
-124
723
215
-203
922
94
658
86
802
210
355
674
-765
133
-53
522
-108
-773
889
-583
463
-979
-535
361
354
-439
122
-289
-577
-154
-402
-347
690
-190
138
-989
435
-773
-19
521
-63
150
-210
186
-929
-929
-979
408
-293
13
-372
313
633
401
-329
147
-402
-581
142
585
-968
649
-717
-926
251
189
574
418
-282
666
527
-249
-988
-709
-309
946
543
624
951
-320
-961
-986
531
-843
655
769
973
724
528
-664
550
-596
-296
78
-558
-894
-958
-696
-567
999
297
112
90
887
559
821
863
-530
-889
-883
-100
-74
627
-8
-943
641
279
34
127
-481
-452
52
583
589
-863
504
-594
154
108
631
-227
231
94
784
-828
-325
373
-968
-65
-400
-805
-391
-880
-659
891
-471
-132
-735
-908
967
498
809
870
-573
933
158
-471
491
219
-114
124
46
207
-299
-837
-417
145
279
746
-296
-979
-787
-417
8
536
858
220
923
-442
345
441
708
-87
-971
-304
57
996
-76
18
-405
-546
529
119
65
-350
549
195
-80
435
-367
100
-119
957
-342
487
-977
-793
-447
874
163
996
-482
700
686
984
-551
-831
-230
840
292
-654
-419
426
-696
-687
244
-580
-741
-359
248
496
-981
356
15
981
-230
903
-207
33
661
440
389
-662
-30
-656
200
884
518
-725
-582
-652
-767
-869
677
-157
-329
-819
-790
847
555
-381
202
11
-134
-928
445
919
-783
211
-173
42
987
91
-875
827
411
136
-649
-80
-653
-942
-804
-323
815
-749
358
-866
-303
-65
-439
-688
-166
-284
-390
-391
193
-340
137
888
-285
191
-568
-841
-713
-906
711
-499
60
74
814
880
-798
-389
-682
887
962
-51
948
926
91
-996
627
-685
-710
640
-995
573
-267
-229
-379
444
-668
687
-236
-741
972
-466
447
450
-455
729
-95
-824
24
-807
-790
534
-641
-900
-380
-681
745
-89
-947
-389
513
715
-650
-773
-998
-446
-969
998
-40
168
652
-534
735
342
289
-193
359
169
773
797
-456
-47
14
142
232
-10
505
365
-466
-603
-181
-19
546
921
922
391
-13
996
-15
-772
468
-660
-668
217
-972
963
256
344
216
814
189
370
-920
-873
-396
930
803
-242
391
933
351
714
145
-882
-287
-515
-484
-730
-395
326
792
96
-165
-928
494
730
-18
-152
98
160
738
572
-658
-613
505
670
321
423
-558
-936
-541
130
-160
441
-45
735
-510
909
288
875
900
443
-16
-313
-495
-391
64
-157
370
-710
905
-324
920
-89
-69
765
-446
779
-535
721
91
-505
-975
56
-620
-281
629
-969
-791
892
-613
-934
883
280
701
-811
74
-855
526
248
-940
-788
-198
192
334
-141
-903
42
885
-399
-96
243
-687
529
-621
284
-576
-57
795
-327
-965
-82
-80
-873
-697
-623
-845
685
-694
645
-965
92
567
227
-582
48
-232
292
411
-727
775
-571
154
787
-615
-695
159
496
359
990
281
-936
603
-889
195
-633
-189
-967
198
452
-331
722
379
690
-304
-573
539
-832
-406
558
757
11
43
-918
347
755
725
67
-823
-790
-849
-913
-414
-151
284
-197
169
253
653
84
-454
-881
-688
754
-333
897
-78
-97
850
-205
-776
-427
-132
-522
-458
-988
-698
408
-117
-173
4
414
505
623
-372
352
-716
-401
406
-483
455
-41
50
-785
445
779
-618
-70
978
-405
851
558
295
605
691
-772
476
473
-383
-122
877
413
964
-770
-660
65
57
704
-569
869
541
444
-811
-810
-540
59
930
-145
-999
515
-636
-372
-142
725
-358
106
-66
756
-256
-357
558
-688
-975
485
-882
800
-454
-758
-961
575
23
-382
-686
237
700
20
562
-91
674
612
271
479
-180
566
-813
-340
-347
192
274
-161
-345
-290
-205
619
-694
-753
-827
-409
-776
-803
-48
-305
265
314
458
-188
-176
821
594
163
-47
-788
-372
-990
-515
396
825
-105
764
451
34
-173
-523
23
706
-548
-323
-705
-130
-776
-487
463
369
-251
-542
-911
152
-331
-811
-913
-730
935
-173
557
-299
-623
444
66
-230
-599
-429
-360
-189
963
-515
601
-64
-860
-836
809
-4
22
-925
-205
-154
-812
-283
-277
-480
-107
-226
-253
659
-251
717
-391
301
655
-228
766
-984
-297
-450
-703
232
755
-924
553
641
-886
-148
-526
691
837
-905
-322
-125
930
-490
829
215
583
224
775
269
-509
721
790
376
512
674
-431
921
-923
338
771
-170
40
-738
555
-135
-623
466
-388
-136
137
428
-300
988
-431
777
-423
688
-641
30
479
456
-429
-251
311
-773
-648
418
-814
-65
-281
-495
-653
752
-731
-882
-894
-388
764
433
-932
-642
-761
308
-360
-667
774
50
-76
-560
354
-531
62
-968
970
-260
224
794
-20
-400
306
47
-16
177
723
122
366
249
-190
-194
448
-803
230
121
-127
148
78
513
-43
565
675
362
-894
113
121
561
476
458
-940
504
159
671
-184
-515
485
213
472
57
-361
-77
768
-573
-560
10
-258
830
-930
319
-933
774
65
-217
-792
2
-714
-610
291
22
-851
-141
-167
-455
-715
388
-155
-451
442
289
-969
160
21
-369
880
462
-654
28
-103
977
367
-230
-973
-890
-752
-565
121
93
-321
-985
1
-483
-592
-804
-782
993
179
578
-144
-493
467
601
722
-156
-229
-270
-555
-539
-872
-168
-119
597
-358
649
-295
-457
-844
388
-248
-226
-285
-879
-89
-776
-485
-713
675
-523
172
718
-661
227
83
-830
-385
-632
-770
448
-397
714
520
-400
-701
-594
914
-961
-398
187
-750
-904
-133
842
-171
479
808
813
-624
-470
-768
-471
-332
348
10
-367
-208
654
352
352
-688
28
960
691
-429
-582
-100
-255
-293
-943
161
-905
910
-309
516
100
969
790
-344
-306
-365
-280
93
-416
-353
831
626
-639
812
771
747
-287
-297
75
-771
-366
144
121
518
225
970
-813
538
527
491
-929
873
-431
931
122
-68
192
794
725
-755
670
-302
140
582
-874
668
-908
658
-578
-730
-95
945
284
-238
385
231
-222
-383
681
-269
-121
78
-839
-980
372
776
398
-889
151
-41
-843
-90
983
-656
727
-101
998
-733
-891
507
396
-62
-959
-467
597
-228
710
241
761
343
-874
-835
339
347
878
883
-799
-389
-761
-625
-248
927
-756
507
672
-563
83
-235
-733
-697
314
777
686
189
608
824
49
-253
-467
-598
-487
861
446
-529
-633
-282
-975
465
-371
865
-519
773
116
6
575
-943
285
958
-555
391
-846
906
-568
-17
-680
-675
625
-333
-524
-517
584
-476
919
-983
423
299
-25
-733
-42
57
-245
-20
-9
783
-814
-352
-592
746
-815
-714
593
614
-521
385
257
99
799
646
-742
-939
-446
535
493
-859
774
510
-781
789
759
981
881
225
-929
546
-889
-623
325
641
-971
-661
-256
953
442
-491
-665
-656
763
440
-634
-374
557
976
-722
-643
223
-113
-790
-944
-794
-782
506
722
742
-836
238
790
794
718
-751
-244
-335
-952
-17
-261
677
105
-924
-357
457
897
-542
-49
-658
-328
-194
671
-302
744
760
115
-794
-955
134
-180
-422
909
76
-323
-25
491
281
198
-904
-459
-255
305
934
-299
498
-795
-401
452
-426
312
322
498
517
450
26
195
-301
476
-683
-797
269
903
751
-502
-757
201
-672
571
-717
-733
126
118
-918
-354
-736
-307
-89
-557
433
212
-490
473
605
-238
86
73
-501
948
-432
-962
-777
-624
-316
-807
-469
214
-526
-63
-39
19
-687
822
744
-625
-753
-858
856
711
758
-7
-781
-155
-761
103
211
667
-682
794
-342
-722
562
-546
-911
223
319
260
-863
-155
210
998
104
-346
152
-91
-40
981
819
-162
-558
-860
-637
-229
-70
-405
685
-187
903
449
154
87
-39
471
-322
-370
-777
948
-254
-51
901
-437
209
445
62
-327
-868
-174
-588
698
331
664
737
971
-127
524
856
58
-614
839
-963
-311
-380
901
878
994
151
-572
-19
404
-255
-632
955
220
658
-357
594
-113
546
-174
159
707
26
27
554
542
806
817
67
230
-716
-350
139
823
-631
792
-196
-285
-591
868
-858
-813
448
-87
439
-564
90
628
-570
189
828
793
-403
693
469
552
-928
737
68
863
238
-797
-721
601
-45
366
509
-876
-585
-34
-271
-752
-121
-508
355
-877
-114
415
-724
-678
975
230
-866
602
754
706
-65
149
25
89
-992
23
-483
-91
-850
-960
-166
-141
611
-772
723
-874
234
-882
-508
684
270
939
307
185
509
707
-895
383
-994
-182
162
911
652
468
23
-455
-594
576
932
-448
-283
-5
467
-295
129
-203
213
817
416
-719
-560
-210
756
661
329
-546
272
2
-865
28
-945
253
706
161
-767
-212
-130
-426
-158
-564
424
-488
-935
847
-525
-859
-774
-765
863
-574
648
-643
-560
303
-133
69
278
-110
-871
-69
-50
-752
37
-857
452
-422
785
-114
723
-12
-512
-447
363
-415
-867
-897
302
-902
-687
778
183
205
-603
791
-553
-94
277
319
-51
-983
285
-829
242
319
-813
-388
-2
-800
-912
400
698
214
-148
96
755
863
-107
-193
135
-803
172
798
-96
-202
-340
-350
-422
972
-488
-538
387
-409
79
412
558
-338
-113
-193
-685
-843
-365
469
807
881
186
784
275
134
246
995
308
577
957
-350
686
705
-368
930
157
-240
518
911
-406
480
-28
669
871
65
459
438
295
-81
734
-143
157
440
-562
756
-305
-614
276
784
-874
-437
-854
763
357
290
-106
-757
-172
-445
-668
-514
-584
-919
111
7
-400
539
540
515
-849
481
-653
73
-575
863
571
303
-21
368
449
-199
-444
814
773
-563
698
78
-351
178
130
-199
390
391
-224
-300
37
544
-898
-367
-586
-150
269
-738
-983
-448
-410
139
-105
438
-420
-454
-877
-285
-800
-225
851
11
591
-521
-395
874
-676
-476
-720
13
-42
-746
-680
91
613
-106
845
817
-889
-804
385
250
-351
560
-412
141
-652
-947
-66
400
-754
-910
-808
-901
410
-318
-217
-729
565
299
902
598
-402
-13
639
412
121
735
-827
-198
79
-722
-895
-645
-170
33
535
-200
57
862
549
-666
436
-982
-56
-705
542
-957
-502
-610
850
656
252
740
-564
-976
-517
967
-771
-129
626
-310
267
663
-947
-520
136
835
-363
442
-226
-577
-100
-40
100
-421
-409
956
-609
-434
-669
114
199
-665
21
923
116
719
306
-863
-106
-149
232
-75
878
-179
-489
-44
-83
-967
144
344
-858
-123
536
-997
-254
-6
-872
-362
-143
312
-379
-825
312
-475
823
657
-69
902
600
413
375
342
539
-49
636
579
966
-205
182
536
-467
-810
744
-91
-196
-431
84
795
129
-640
600
-941
-220
-174
-536
158
-716
-296
-445
375
112
-224
-459
-603
62
347
58
-67
27
346
362
36
864
-40
725
113
989
497
107
289
389
-704
952
-748
-587
5
171
-971
-398
790
-862
88
350
908
740
-5
-585
-530
170
-898
156
-516
267
223
-435
610
-670
127
798
-516
926
-656
-665
408
-682
-672
27
182
855
-433
-221
61
27
-565
-537
967
-216
-195
-488
-691
-366
-820
925
925
862
976
-649
-169
868
801
-13
-233
591
174
444
685
-187
-103
-981
-55
510
-945
28
305
963
822
-130
357
-556
223
998
841
-283
250
-688
-703
-362
441
276
12
238
253
-847
-361
-925
-452
-823
-734
393
-204
-216
-512
-619
-70
689
56
-372
-757
807
56
652
628
-602
-903
375
-660
-340
-483
-136
-18
-329
277
-636
-43
-453
-145
-98
-559
864
-835
-426
-490
214
-735
-657
179
-986
-684
-53
0
-265
902
678
624
-646
527
76
-154
706
-76
-616
-28
-301
614
58
-689
-234
-924
-77
-978
-474
176
-656
-415
26
-401
-303
-961
-657
714
-667
-329
193
770
-700
-856
727
-160
-104
28
-696
-758
217
-449
621
-158
-844
-706
-187
121
695
330
-305
-208
-389
-165
247
687
799
865
864
-482
509
-890
746
64
203
128
833
-832
-864
146
258
724
-512
-174
-742
318
902
-459
924
978
-242
-474
-353
-751
140
694
818
-493
972
-530
285
4
567
512
-203
757
-818
235
651
675
726
908
-333
-475
-735
338
-132
-226
-747
-422
288
-909
699
-407
-247
279
486
440
-818
-287
557
-423
681
815
375
856
903
-268
-190
-35
-341
-964
-192
558
47
-975
319
-222
584
6
-221
-192
116
160
51
-683
-109
-59
716
-972
991
540
-634
-553
554
84
977
964
67
385
859
-132
740
657
929
685
-693
-324
559
806
-558
-822
-506
-742
-499
-242
41
-402
80
-784
964
-563
-86
-359
-742
-788
226
