5659
968
-881
849
898
30
-771
15
-509
-903
-706
-470
43
606
-841
170
649
-477
-84
475
-965
-83
110
799
-964
419
113
50
942
-413
-951
-103
912
-110
-111
676
-996
175
679
-541
528
-415
391
484
662
-833
691
-518
802
686
-708
-103
984
613
463
926
-120
-116
399
972
-457
723
-789
17
59
-129
-901
-585
482
191
988
-618
-368
797
886
166
3
-913
855
83
-636
-419
414
-599
-99
-498
501
-385
-63
891
-740
-480
-356
741
-898
-844
-55
354
-446
-211
-646
258
225
781
535
416
446
469
-58
835
-937
-312
-365
-859
-425
-369
588
-69
-891
373
-964
-781
924
274
162
-52
536
341
-323
95
-710
-901
-362
-821
40
108
-694
782
180
-380
675
-241
-761
-849
626
120
378
942
378
-334
-399
454
-420
40
-699
263
-741
-210
-36
586
-213
-22
518
884
-165
-144
-569
-457
-548
315
-868
856
-563
231
-452
-901
-203
412
-340
330
172
213
895
-507
-811
-673
729
-29
-212
-723
318
-922
-712
392
859
445
158
-909
-944
-301
-606
-932
569
292
650
879
-856
-976
-895
517
481
-280
-412
-375
978
-986
-532
763
972
-471
-695
-946
898
397
808
732
909
-55
-639
969
793
82
-801
564
368
-291
-916
122
-687
-158
-887
885
-915
972
-521
-686
-434
-212
453
-848
-317
606
-346
-828
908
-13
-338
-438
799
77
-503
-619
661
457
-312
712
-219
-57
-263
-371
-262
-507
-303
-574
691
489
905
580
599
877
946
-781
-542
533
71
261
-719
-68
414
806
-74
828
-774
717
984
-627
912
874
411
373
-93
-740
807
-579
-594
879
664
-748
526
-974
-671
-180
-38
70
957
-814
799
403
-444
-292
-628
117
598
-469
-969
-653
-777
416
427
-448
167
-37
-721
-678
108
-370
-349
-352
639
448
105
577
192
397
382
592
375
-709
-252
-701
-8
-57
109
-966
34
126
886
-724
740
696
814
109
124
30
-271
333
142
492
725
266
845
-878
784
-379
-23
596
100
-670
-75
881
-216
-343
-93
-271
-859
-551
-769
-888
-294
-948
-219
103
-68
742
16
-719
-147
-617
-17
-629
775
-448
790
-819
-298
-78
-465
-683
783
114
666
-341
-463
-360
-984
606
55
-377
640
-339
-762
-329
605
691
425
862
-76
-711
151
-707
629
479
-578
406
-435
422
-850
-101
-730
-348
-364
66
-596
570
129
70
60
-381
-329
-89
-693
-990
352
96
-336
-2
-390
185
719
-950
-237
-445
307
-467
-963
-591
39
-848
-979
326
-14
-875
-490
-887
173
805
717
-731
-399
450
-759
-67
-126
475
330
588
994
-322
611
939
-125
-489
-732
-52
749
823
792
-413
-632
-464
-104
149
695
-196
-470
104
145
958
-982
314
941
-592
-78
861
585
635
569
-577
-761
773
-122
425
-795
-811
800
61
-681
978
948
-654
819
649
-95
973
9
-739
-637
805
589
665
-422
632
499
-639
694
92
-27
551
465
-707
-941
649
-983
229
456
-841
585
-53
454
-990
36
674
845
496
701
369
973
-835
-107
-685
-219
299
98
949
775
-295
-984
-19
538
498
-426
394
-293
925
-768
614
-719
786
85
-601
956
-708
748
101
-646
-375
608
903
773
478
117
54
268
887
197
691
-515
-307
-292
596
652
-79
-964
-327
-366
708
-162
253
-220
-935
854
600
-97
114
369
-815
525
871
-50
-831
-121
69
214
-221
552
-606
-935
983
-599
-801
327
86
-194
71
199
639
380
484
-9
-720
245
-831
-111
912
162
233
503
201
587
-594
-213
-988
-394
-314
493
509
-294
224
17
-603
831
-667
172
-251
-395
-135
395
272
-675
-704
-816
-798
295
-451
458
-251
408
294
-544
418
-216
-957
122
52
742
-491
141
-920
425
788
640
752
-844
-703
-673
-88
580
906
-436
-800
-55
588
-692
-937
-545
-814
-699
761
-536
587
163
655
487
-694
-831
-908
-693
791
-134
776
-297
-109
92
270
-646
40
-555
496
752
-753
-323
-190
116
395
672
-924
-176
-493
838
704
883
-899
-895
644
-979
166
323
-566
-262
-354
697
882
-407
-64
-25
-991
423
511
449
-189
125
907
-988
-853
867
195
271
-692
-49
-603
929
-976
-594
385
192
-619
-370
-676
-989
-584
-458
-641
-51
89
194
-161
-569
590
302
-8
744
-77
-482
-813
739
95
-599
935
269
435
-16
-533
-358
939
366
-135
-828
759
989
-977
-154
-77
802
63
75
-895
-825
-122
158
-727
-364
457
45
359
744
-21
143
66
-711
-405
-449
-915
-682
-470
981
550
-346
283
-897
-404
-673
-589
-703
-642
-28
576
790
303
476
886
833
-683
987
-60
197
-672
-49
-778
-195
-984
457
-125
-648
-529
806
38
-27
-795
-54
522
24
-693
88
862
774
399
-193
-600
-270
326
836
934
36
-313
296
-769
483
932
-169
824
-721
36
-259
3
-371
-500
-172
850
256
124
542
-391
-96
-283
-149
113
-630
344
-872
793
980
330
-140
215
-5
-652
-912
989
459
-106
883
854
986
683
-41
-273
-271
-472
35
194
776
750
54
766
-675
-992
333
-29
529
-882
-351
489
703
-225
-688
256
954
13
918
529
-366
378
599
-636
130
289
380
779
-199
888
-984
-213
994
193
-586
619
867
511
-431
6
-337
-299
-641
-342
-984
74
-165
-318
820
905
574
225
-517
-123
57
-571
-357
842
865
-181
983
-946
871
609
-798
-793
-621
-234
-268
-154
12
-962
-760
321
-457
754
482
622
906
532
-193
250
-836
-560
-614
826
-37
765
568
-279
121
-445
-846
705
-237
-217
989
213
351
962
391
938
-894
-544
687
-923
-468
-861
-559
335
-271
440
-482
-618
-636
-735
420
461
930
322
543
-460
808
-713
155
946
-319
706
469
94
464
-861
-259
-467
535
-337
362
-138
50
579
-390
34
-861
882
-860
-305
203
-502
365
883
497
-315
-414
429
-302
683
-120
-857
-715
-907
14
199
-135
-484
-52
310
-50
-464
811
-472
861
533
-320
217
-843
-937
918
-855
835
-882
215
-178
-675
-68
-713
361
-725
276
-979
915
738
-187
-194
69
910
835
-792
70
668
-217
680
-705
785
-467
264
395
-933
683
-919
554
786
-399
-88
212
138
123
-112
987
-681
-812
-515
-806
-851
453
120
602
-28
-21
-172
-877
788
-633
-93
-946
-925
-98
5
857
216
-943
751
612
11
199
-780
105
-53
998
-61
-375
299
992
-404
-176
346
-550
-912
-342
-499
536
132
976
396
4
401
618
918
558
-260
841
161
173
-979
124
-222
-764
-66
559
917
783
-382
-187
-790
-20
-673
-854
-612
119
-583
619
655
526
-451
337
885
499
358
-840
-867
-32
-48
-643
586
452
247
-122
779
76
74
-340
-437
-835
-910
500
-73
733
185
-229
344
-47
953
-609
-531
529
-350
138
-202
616
-74
-407
462
24
501
-52
-250
-374
-735
-474
650
-781
813
-93
-813
-190
535
25
-808
-11
-162
472
-718
299
-638
955
-293
981
487
976
1
-266
-59
916
-548
426
944
-953
-582
-510
127
911
372
957
794
201
751
722
-443
-86
33
521
-829
-109
877
-822
-391
595
-147
-482
-767
758
-325
-606
823
667
604
-263
900
-556
73
369
996
54
540
-546
726
-671
-413
674
512
521
244
-690
-644
-558
702
-686
-686
315
775
-160
707
289
-409
-673
-160
404
-496
603
997
534
-792
746
86
415
-299
202
-524
863
549
-299
267
843
310
-42
-869
-216
312
-586
-863
758
237
-433
914
131
250
-974
-876
-943
-242
-125
696
-927
-805
-926
-361
94
-379
789
328
-793
-314
32
588
772
-692
695
-490
-454
-576
666
-358
-23
676
671
113
578
200
-962
518
-458
328
-43
-719
-566
-602
-420
253
791
-337
-253
503
-115
-675
135
-459
216
617
275
-847
-373
186
259
-591
-200
287
-748
661
657
-972
-792
-932
201
68
-235
546
836
-708
13
-646
701
-8
-344
244
966
124
-563
940
-278
81
288
-465
-721
-758
565
810
119
-735
-574
865
-571
131
-893
-552
-996
85
-745
65
-989
-62
792
259
229
-350
-264
-460
-203
664
631
691
559
680
64
772
-470
947
-397
-23
-983
-640
-978
73
209
-791
-812
927
-572
703
47
-542
-676
-21
-126
-964
-717
-541
-953
-662
879
485
424
-945
-997
242
-711
69
737
154
930
-399
-492
-720
794
-110
713
-279
830
-730
37
855
194
-72
-975
-691
-402
762
443
30
-230
-550
-729
-298
-844
-411
-270
724
862
821
-874
-574
677
-888
-582
467
171
639
961
536
278
-721
67
-177
930
-953
728
-167
785
-530
304
358
387
-327
561
-736
993
343
-584
-880
-894
-247
176
304
384
-560
-592
-673
-555
884
398
538
-288
-417
-319
-579
164
-364
197
854
111
-609
-712
834
-585
-533
-815
486
736
330
144
-644
347
244
-896
760
-87
462
137
406
733
-154
-173
-222
-609
-54
-604
52
-884
466
-534
-106
251
-496
549
467
-373
850
-101
-899
520
17
-33
747
-692
506
188
-706
-319
-617
747
254
325
57
-380
69
-841
-365
176
728
-66
-698
-419
734
-567
453
-277
654
-127
-604
-748
-455
-886
738
-727
-447
104
-48
-681
277
-769
381
-936
-694
-77
671
981
695
-35
-496
-359
509
703
-701
305
-399
-834
-159
-352
-360
590
901
431
-258
-179
-112
-878
642
837
-759
85
993
981
-683
197
318
-503
431
779
-197
-427
644
-589
951
-703
557
155
-972
-626
346
150
-381
-281
152
-335
15
-78
446
109
-813
294
282
747
-296
-393
-653
22
-226
-148
-838
601
-490
-78
642
-15
923
521
-855
-595
235
-532
-366
819
-747
302
-495
444
-911
480
-526
-929
102
495
-330
140
684
746
-869
110
-273
833
934
-29
92
-247
304
40
-517
-20
938
717
-135
13
-561
601
-591
745
837
134
-617
873
926
-276
833
292
321
828
-174
-815
-880
274
-925
-790
807
-674
240
-419
544
-260
-867
-196
805
-913
-381
324
-253
-788
667
-198
-105
-414
230
-207
-440
-488
103
-23
192
607
-899
-911
-968
-169
928
221
175
-35
407
514
583
-479
420
654
365
-939
-595
534
-333
898
56
823
155
-283
850
-307
98
-329
-340
834
838
-406
-542
-162
-954
-578
-951
445
533
820
-603
382
74
890
-380
519
630
341
-614
-986
-477
-819
842
-702
6
626
430
-431
-511
684
820
291
-472
-912
581
-341
541
-194
-670
77
-54
-729
621
-670
59
701
721
137
517
-766
-560
729
-361
-270
-921
625
971
733
-161
-448
425
12
579
832
-215
485
-551
284
-382
-806
111
915
308
-645
788
-75
335
-212
592
394
589
609
912
-462
931
-843
-78
807
-737
346
-727
-754
-402
267
653
157
429
-738
-253
-954
42
-331
821
193
-121
371
-803
-583
-711
379
931
-484
-861
-764
497
-106
890
-70
-481
-745
-219
62
-465
-480
-780
493
199
-658
-599
-51
311
-115
375
164
758
-451
21
307
-306
-430
383
-832
-368
485
442
-15
-651
728
-846
980
-270
535
738
-164
422
-422
334
357
516
599
-160
-55
776
500
894
-69
-744
-742
181
832
296
-155
-428
317
458
472
183
-484
-32
-83
-723
312
-401
202
969
-408
-430
-289
-958
153
856
-148
-105
195
-549
-768
-365
-739
-722
876
-616
-547
306
-699
908
-329
21
728
925
-233
87
-376
-495
10
-822
-412
-722
150
406
164
-893
891
-857
337
-271
-463
-92
916
-134
832
-548
-362
708
-402
734
807
842
82
-939
43
992
488
-850
942
816
-754
-824
440
-362
635
-617
28
884
319
37
-518
-333
150
38
469
-841
182
486
-386
-787
343
209
207
-589
978
446
868
804
-574
-679
-829
-752
39
236
284
84
426
-855
12
-662
331
503
332
832
-42
-762
262
365
-492
608
23
822
-419
-738
-96
604
123
773
-394
-785
153
27
986
-269
315
282
211
-307
-744
-561
775
858
993
-465
-551
572
501
-56
412
-638
253
-33
661
-605
483
459
-594
775
-384
204
55
242
-558
921
712
-962
412
918
-719
-397
423
206
-750
438
-377
227
-538
-804
568
-1
-86
-359
-873
773
-324
-199
589
57
878
953
-506
505
-422
-77
-208
-105
-224
-475
-753
692
-998
-691
-547
410
-528
739
719
806
-25
563
-574
192
-11
-91
324
-776
-736
-709
-880
-465
-588
-330
-783
847
435
965
343
-712
806
-836
519
-328
770
749
813
-490
454
677
-243
604
305
-843
-424
638
384
-645
121
-725
-987
61
-722
-769
-861
-910
-540
34
-730
-355
-244
-975
-865
614
570
55
445
23
-276
-137
104
-816
-505
-55
694
775
-900
-977
480
-896
266
-142
-1
932
-995
-514
288
481
389
38
-377
510
65
-58
367
-839
746
-157
-225
-145
140
113
648
392
959
-575
-884
-884
-460
-540
-759
502
-149
-63
-430
-253
961
383
-34
-537
-714
-752
-694
253
45
762
-183
-536
-340
-718
-228
-918
67
-729
-595
-848
-230
-887
-267
457
-637
-76
190
-510
-721
-163
546
-753
-692
-425
130
-697
-388
-862
227
-131
-831
-398
482
934
-508
-9
120
428
-955
734
-951
926
556
563
598
929
254
641
419
-552
11
520
163
475
-268
586
447
-601
475
546
357
930
867
305
893
-311
-187
742
-57
-584
-332
282
528
597
-823
389
532
473
-648
-240
269
-468
163
88
249
-916
-803
-917
-6
41
-122
531
983
-799
373
956
79
899
-411
-172
-691
626
-362
366
184
712
452
-766
-638
804
-987
-11
-496
785
-229
-240
-968
-251
-247
575
326
835
275
617
442
-819
686
279
411
185
-714
531
-369
158
-866
-209
562
60
402
430
515
646
-775
-317
399
-259
614
-940
-523
-390
-722
538
-744
-473
708
-616
211
-230
303
-490
390
-481
-259
601
-385
-222
-687
624
276
-202
935
749
157
980
377
783
622
-205
410
-552
-286
-416
607
-848
3
714
-499
309
774
621
-578
508
-220
-55
-626
249
-942
-609
-351
-906
370
488
103
-204
-270
609
-857
-564
787
774
-791
784
-108
810
656
-12
828
144
-220
210
-521
314
734
638
328
-725
284
-330
-868
-197
884
885
-273
583
102
70
-840
-254
-326
415
495
524
520
481
-177
44
998
490
263
-51
812
-715
-758
515
-141
-705
486
-343
684
39
-430
-215
-18
193
-64
407
839
374
290
858
-941
-964
841
791
-774
-386
-600
411
-748
408
119
-875
-392
-15
179
-385
978
-204
67
-457
690
365
694
-210
-127
109
-920
-660
-401
266
35
-115
472
-650
914
-628
229
-182
401
-661
990
128
-256
940
-947
-278
439
687
-626
673
899
457
802
-163
-707
333
-77
302
972
857
-78
533
-463
128
460
-989
529
319
459
-949
-465
558
-376
854
-409
646
399
-60
-984
-359
-101
-839
361
-190
448
620
748
-406
935
855
-673
68
580
-453
-497
-314
963
996
615
644
577
-939
759
-117
583
95
-800
6
769
435
955
289
221
914
329
296
-433
588
533
762
417
-611
198
48
824
-111
721
-668
210
-96
523
143
-85
666
-117
-493
526
-65
846
594
-392
-85
404
649
473
-691
296
-803
852
419
-850
352
502
-124
996
784
-381
-343
411
-659
-36
377
-177
-284
156
287
113
-372
-686
26
-858
-212
617
753
-760
-520
-558
657
250
-778
675
372
-39
-671
-583
272
-930
-487
553
761
929
645
-107
-124
-745
-601
-550
505
107
586
-155
899
651
954
-75
920
-455
-209
-372
-320
-974
904
-400
611
-484
144
-498
660
984
-688
-914
372
-170
593
-175
-412
56
-293
-633
-949
-449
-161
765
815
866
910
339
468
-579
-572
-436
-866
-875
-779
-866
-907
-871
-126
298
212
533
-809
-522
-178
-768
436
-59
494
661
-474
536
-871
-273
-750
333
-478
-450
637
646
601
-762
-901
277
-159
54
386
-541
524
-810
330
416
902
521
-13
-60
-981
418
371
852
54
-205
122
-416
-665
-159
-348
-598
-449
-668
-965
529
235
282
-889
91
827
-86
963
-719
-866
838
28
132
140
-375
-840
-419
-161
208
65
-846
-433
-474
-755
885
-855
-24
-21
-570
427
-281
-308
-519
94
779
860
-558
-687
-508
91
797
494
364
-499
-182
763
777
682
277
-497
574
34
388
990
817
753
537
-461
-777
-917
439
-295
12
-828
962
-297
-33
430
-673
-730
-327
-64
-886
816
174
800
-313
-762
60
541
-480
-371
-448
-309
-404
-761
-599
-965
-367
122
-492
454
705
95
-250
-985
223
-87
360
482
-347
-881
172
-539
910
120
-721
-471
78
-670
999
629
305
351
571
-945
113
189
33
-209
353
-144
-14
947
502
-465
-758
553
-522
-969
-164
-340
-664
-816
530
-387
-453
-422
706
-339
115
579
301
-347
941
88
17
-749
644
-539
-930
529
732
651
-619
627
-980
61
-21
381
-791
615
734
47
-51
-324
-273
-514
134
618
573
-304
202
588
994
-381
8
-788
407
-614
11
67
595
-795
760
-978
-752
-548
-810
-258
-754
-647
365
493
-175
623
54
-952
518
346
451
317
995
-156
-872
834
-36
145
422
671
-335
-616
409
266
-652
927
423
381
233
-574
-312
-954
503
-17
565
283
-213
-63
-198
279
523
-170
53
-506
-152
319
-528
-887
-660
357
-997
22
947
-798
-974
-433
615
675
-802
-371
899
648
391
-535
665
212
839
-666
-705
312
-390
-593
-685
823
-159
41
-336
69
566
788
-519
33
-390
195
-126
-4
-390
5
-35
-844
801
256
146
-110
758
330
216
989
-443
547
384
328
300
114
626
623
-324
-582
895
-695
815
-488
500
74
-328
-212
-48
-88
262
34
797
200
659
700
-742
-571
-327
350
-247
-388
-988
981
916
246
19
676
-981
-269
695
973
-264
-97
750
-71
564
244
-663
788
114
-404
121
-552
297
-831
297
20
-705
868
-843
-888
-880
-154
-104
704
766
886
131
858
147
-601
-423
-922
-863
300
-441
890
-197
-125
-447
-529
-852
316
872
-5
629
565
-729
-580
-107
867
237
-931
384
-321
-395
184
178
-86
976
920
-51
-258
309
794
125
-333
462
-624
-547
-869
-60
273
483
395
-635
-752
-986
518
-111
-312
-720
215
-955
-399
-818
-277
670
-783
916
-520
703
-366
-563
958
846
-709
688
473
984
-370
-673
-288
-59
-2
329
-915
374
-901
431
601
-741
940
-652
-253
17
631
-227
93
-968
-896
-88
-636
-621
-165
-759
-646
-7
-81
-97
-271
184
-646
149
6
-455
-405
-44
167
-258
-832
-651
882
-952
524
-283
316
-570
-44
-590
-309
-873
599
786
-639
656
-680
-382
-347
-246
265
908
31
546
870
466
-448
100
971
950
860
-334
482
540
997
701
285
839
661
519
956
656
-392
591
172
-378
3
-357
-3
591
933
-444
157
316
120
-341
-58
186
660
457
-31
741
465
501
70
567
-474
-930
338
-722
163
-248
258
188
231
-572
-910
-920
-305
-953
-563
-463
-692
-180
-816
-365
-417
662
-545
-14
-652
750
-205
755
-151
-485
-769
-229
681
319
334
-434
73
-611
364
-567
-467
-983
-595
-868
184
696
-35
-385
-449
-825
-428
421
9
135
-331
46
-571
-267
244
358
-632
-776
-685
-597
-462
964
-73
812
699
-325
459
636
-353
-45
417
-234
-381
35
288
235
626
-634
-593
982
-759
-302
412
-991
860
-957
329
-448
-957
-495
-829
75
-956
464
-207
122
-706
133
-266
-72
-913
-42
-558
794
771
826
-533
-583
-903
-656
-92
683
-748
-836
-745
751
-997
92
468
-425
813
696
-826
-992
869
488
-738
317
-923
144
991
66
-606
-810
357
332
-100
-701
258
-738
-952
808
-474
-666
284
-712
-853
654
855
-13
-277
254
346
244
206
-114
967
672
-893
-23
-332
862
-534
414
-4
950
-612
-800
-509
146
680
125
931
-959
-20
-868
632
778
155
-193
-156
-850
480
552
-481
-490
160
216
47
219
101
-573
416
-59
541
111
321
-453
-499
-582
-485
-743
835
-917
926
-784
-665
609
553
199
-387
137
-538
-513
-999
-117
320
-460
223
595
-894
-817
615
-467
-979
-280
-294
729
-571
713
-437
383
88
318
-876
-660
-67
329
-20
442
-171
-350
594
157
176
-677
-695
-342
256
-655
560
418
450
-770
-707
-36
350
332
373
-943
-181
-924
106
-399
783
836
-862
-77
611
-449
-592
-151
992
63
337
242
-456
-59
677
-855
835
81
727
-278
-204
-35
875
261
-281
627
-60
187
73
656
-721
293
148
-912
527
85
518
808
581
852
-995
-558
636
522
641
179
-193
-565
-931
-839
-56
895
-628
864
277
250
252
851
-903
858
594
-176
-964
848
474
980
656
-123
-8
-954
305
301
-192
-576
-408
-647
-178
519
-851
198
883
140
-250
-429
813
762
48
337
-702
416
344
627
-871
-7
119
-636
773
294
-808
135
622
46
-121
-822
126
-740
-72
68
805
-186
721
-403
-807
302
165
-483
-115
-463
-850
780
-499
252
-954
233
-365
-641
-622
-522
410
-102
60
-655
925
-444
571
-579
-566
698
417
-66
776
580
257
756
-238
723
-581
223
751
647
997
609
-353
157
151
385
-971
-218
131
-613
-820
-478
-256
852
-105
795
-734
-436
-920
63
-585
460
-468
-268
80
-481
802
864
-246
957
-506
-847
-600
-590
-305
582
-65
-498
-831
257
-435
-203
-545
-668
359
-330
833
-120
814
-455
-323
-307
-739
-206
-59
-340
-606
-318
813
104
694
364
-936
482
-693
405
510
-228
577
821
-804
453
933
-566
312
-765
614
-725
-961
303
-859
202
588
586
-503
579
-921
-898
-581
1
281
-785
389
272
-649
672
-910
861
34
-286
706
569
394
-794
-131
524
-758
100
-111
-9
964
884
-470
-638
-550
-310
476
499
-10
591
-64
-32
679
202
-295
460
809
-291
-606
29
-561
-229
-986
927
943
488
-517
-735
794
9
-389
76
-650
-293
-575
724
-326
-305
-435
-665
-714
-301
-972
-413
-435
-405
-889
-827
-560
-2
829
427
-984
-274
656
-70
15
207
-655
603
331
424
697
49
-776
-121
-994
-298
-959
543
-274
-349
555
493
-118
-898
-786
-823
66
350
273
631
-599
634
881
-436
373
863
-595
-690
661
-224
481
85
287
-56
477
-834
-667
43
866
-227
-957
-246
-152
-958
328
613
991
-779
31
491
-624
76
-279
-450
926
-277
-424
-575
-193
314
746
867
465
706
-752
629
-453
-559
970
-697
-927
-818
-878
529
-333
-874
705
221
-381
-251
689
354
-463
-976
545
-998
-396
-146
-82
149
-89
-809
164
-825
590
181
273
-995
-572
-921
418
-435
787
789
397
-165
-18
-131
954
-56
942
-756
254
980
-696
600
805
-188
-521
394
587
831
-437
-743
-600
-798
-851
625
742
-508
557
-141
-976
659
603
-410
-248
-755
575
411
629
59
-875
-738
-424
344
872
248
73
-865
906
769
-29
82
93
-973
312
-393
-335
-534
-766
925
-789
-600
168
860
-226
-267
-951
-6
-184
739
952
-918
-309
-321
-477
543
983
-652
2
-17
129
-55
-247
-622
594
651
-54
506
895
437
698
924
-880
-581
814
908
-801
-521
178
-841
654
138
-811
-886
709
68
-907
912
887
383
-750
-328
913
-394
-30
933
-866
-397
-287
-386
-358
-395
674
-682
-335
-32
-74
-953
514
991
807
103
-955
-316
-558
-691
166
656
-33
268
-546
894
-145
78
-227
842
609
-532
149
-96
-368
-327
-490
-338
-67
559
578
443
-172
-975
-436
-959
-994
207
641
-107
690
584
195
232
760
378
46
-187
-676
-459
-87
667
763
-291
651
357
-50
126
-120
549
656
970
278
-241
-739
990
-32
-639
-984
163
-666
641
537
800
-737
-834
514
780
-756
584
413
689
-998
268
-620
-468
36
-856
988
-383
467
-611
430
-900
-685
-719
-733
418
851
-444
-196
-506
-872
-581
-948
-345
494
-264
482
-810
-659
187
742
-442
595
-927
271
-228
468
363
719
-906
459
-646
844
312
140
-363
-292
-895
184
-339
-548
-244
-501
-728
525
882
-155
-327
-132
-851
323
-223
-852
-424
569
-17
145
754
-433
-349
236
545
181
544
494
611
-364
991
-453
895
291
560
-611
-150
-734
364
-430
502
295
902
323
885
-717
-769
-943
-693
-913
-999
526
417
-328
323
-954
118
36
-444
696
928
337
-573
-220
192
857
754
-349
-636
195
874
-978
853
120
-846
396
17
368
473
955
-349
-774
-685
234
462
709
17
736
-903
-259
-216
-259
-876
-907
452
-708
-104
-499
982
785
141
384
936
53
213
13
529
-790
181
-896
835
-259
804
781
-446
-952
-36
-136
-273
592
-258
963
-541
-974
210
325
-457
-283
956
212
-208
332
121
111
-216
-373
536
-70
-121
-366
86
-42
257
955
562
252
-456
748
-272
150
-654
42
-903
-581
-874
778
-657
485
-896
181
-66
-415
132
167
-947
274
63
-188
916
305
137
-280
712
-778
982
841
962
492
11
60
926
-556
670
-352
-690
-680
983
731
926
153
947
671
-637
-616
-633
-504
-227
-114
641
548
-964
-167
169
944
14
-749
279
-741
-202
176
-689
954
-120
980
887
-600
-783
926
-343
-682
484
-523
707
-698
943
-498
-276
-240
-420
-73
225
160
-477
-45
878
-467
237
258
-936
-842
723
108
806
-310
-731
923
-576
-332
-858
-494
480
66
757
765
134
-607
695
182
871
726
255
833
437
-917
-881
-667
-183
596
728
760
-563
653
-258
181
-714
-782
983
-371
-833
986
258
-9
865
-559
804
-283
-802
-527
-803
757
-723
956
-71
0
143
281
979
915
64
280
-44
391
-7
371
409
-17
130
-636
-702
797
-506
733
215
802
111
-696
37
-303
-977
891
726
942
880
-889
-289
-24
900
-530
739
-209
-394
-802
196
212
881
590
-343
-755
-353
628
-533
-735
41
289
-70
-746
-50
474
-739
516
863
-124
-761
-59
-985
-134
-60
-628
-569
-98
-766
848
-561
714
493
195
633
-142
211
-653
-320
232
502
-20
-882
-86
400
487
-574
188
528
-908
-224
-466
-398
111
339
-277
717
2
254
493
54
7
560
607
-782
-264
-91
241
217
421
921
2
790
-31
359
-835
-37
-150
-560
-270
225
963
-456
-497
269
543
858
-805
-642
-564
411
48
-974
458
940
546
88
-889
793
-176
529
936
-98
-74
256
550
985
-740
784
-830
-725
655
517
390
152
938
842
-310
767
-991
-935
16
3
457
314
-819
343
-713
-573
-396
-536
-284
-339
-544
692
730
-57
-291
184
637
-236
244
-969
-328
607
-335
-185
563
-801
19
326
-497
181
-112
-6
478
562
562
901
-910
-650
-830
423
64
-413
-529
509
-721
848
955
968
-13
-967
-269
-791
-719
820
57
856
-49
-258
-177
563
154
-892
-223
-301
-574
702
-144
571
-362
789
-761
-262
-361
-203
300
-784
316
-770
-124
636
-110
996
691
-732
718
-201
-608
-930
-144
-83
129
59
197
410
-921
612
617
-414
-872
-580
-841
-971
933
-507
912
-167
-136
-98
547
358
349
-934
286
-230
937
268
-990
-531
-149
14
-100
-498
877
449
-763
124
278
-801
-88
210
352
-500
-821
-806
-158
907
-148
-606
489
-643
-711
603
792
180
540
478
-920
-683
225
-775
-659
-772
598
167
72
713
30
-834
-958
633
-831
-110
988
256
708
-105
96
-287
-528
547
227
448
-46
450
553
910
-658
579
101
-492
833
-928
28
108
-782
-789
-139
-56
-525
787
47
-283
938
-154
703
810
-298
-224
164
555
-847
946
841
267
-271
-386
-474
-546
-902
-241
387
716
180
805
203
-63
-28
45
-888
-863
265
-928
369
169
870
738
-3
961
439
-22
194
-819
49
658
-561
-157
-965
-220
-126
-170
-333
-140
871
-687
750
733
-563
512
160
387
566
872
-444
-648
-340
503
664
-614
795
-586
393
681
-338
827
-522
598
-999
-742
-461
983
768
-20
477
664
227
376
357
-613
8
-131
-758
-464
835
498
295
-208
-701
500
-665
370
460
607
-736
32
-612
280
-749
-828
-852
-137
414
-628
998
994
-708
-402
-530
-957
811
-412
542
-340
-857
-504
-431
129
-297
651
-836
-876
868
-594
-572
767
-606
-844
96
489
524
383
-676
-341
-848
967
-826
108
164
697
249
-791
-172
684
-284
-16
-390
-353
535
-661
-664
830
537
523
228
899
984
794
561
488
398
-446
950
875
108
492
973
91
-426
-464
874
95
906
875
709
550
-306
-241
807
665
198
308
-515
460
-529
556
-260
211
395
-204
49
193
-791
855
-957
-980
592
-659
88
749
-184
720
-336
-653
101
-801
-750
822
433
-293
962
825
468
-226
-133
-294
-542
700
638
227
-30
-910
631
-446
407
379
153
-474
941
962
-554
-512
-63
-175
412
569
445
680
895
370
-609
73
63
21
356
-65
998
-389
198
-1
-400
-312
416
151
-889
208
154
-684
347
333
-986
975
666
744
245
-873
145
724
-650
554
-401
-485
-724
364
-798
-896
-805
-230
-495
932
-897
-775
-635
884
938
-968
549
943
472
-988
492
789
-881
-759
-231
970
-136
582
-61
-294
-123
-423
-953
151
254
170
-608
590
316
628
17
888
-63
-803
114
60
-126
-457
-956
338
-413
-209
723
466
829
627
855
58
526
-239
759
638
685
10
-421
-566
424
-459
-229
803
524
-832
266
-804
560
849
937
-939
543
330
793
29
656
139
-79
904
739
658
-905
251
-469
205
-49
-860
-718
48
62
-409
174
-974
361
803
366
-846
191
-332
624
-681
879
977
-957
-476
56
405
83
442
-533
-469
774
72
-897
18
-526
-450
705
464
-455
399
533
499
-957
-11
909
-910
-730
-802
613
-669
724
-428
-391
214
786
-6
-844
-722
560
-302
-922
-913
-215
-789
-576
98
681
-984
975
-522
774
-340
-461
-927
-484
449
43
517
-519
-887
367
-419
-14
507
-230
326
-656
-641
-718
395
-53
-763
-876
-648
865
-210
-991
752
-894
-978
-273
986
-389
-518
381
-218
-674
-548
648
622
-678
-139
899
-89
972
-702
854
39
850
-937
21
464
-72
951
-949
-566
81
374
-556
719
707
166
884
544
-33
653
-537
-27
-965
-344
470
-302
798
120
371
741
-24
-357
753
203
939
-490
-654
482
154
894
46
-823
-611
-762
333
900
110
322
-942
-500
-205
746
5
323
136
810
491
869
984
-970
531
-950
280
-357
-353
600
-272
257
-611
-779
-185
-868
-318
794
-86
-478
226
-125
-840
407
878
642
-931
547
-246
340
