6063
672
889
73
-734
-956
716
957
-706
269
121
301
-988
468
-424
-701
-995
-677
788
281
-690
-850
440
293
135
-139
729
787
-360
710
-833
-294
-704
183
-64
-224
260
177
-437
809
-823
-288
-226
-533
-114
647
133
813
-488
0
656
-995
283
641
271
-111
146
-582
-196
310
-612
603
-91
228
915
3
-475
-205
-278
435
863
-298
882
241
214
-363
521
488
-965
280
144
-132
-365
-881
-281
235
516
-992
247
431
205
-744
875
-32
895
-990
204
-585
-612
741
-376
622
331
-249
462
994
-508
384
-519
154
542
-39
263
-622
-237
451
596
128
588
-444
248
55
-50
285
633
-742
657
-857
-66
-280
633
-709
-590
725
-973
800
-959
26
670
943
146
531
-685
323
817
-874
-798
173
760
996
-678
-93
-871
999
741
-952
-869
299
-466
135
-866
-151
-816
-487
-916
702
716
422
159
827
-58
440
-983
-490
-307
-965
180
-627
-267
912
-922
138
-509
-783
-272
802
-412
-481
963
200
394
487
-800
63
4
-77
555
732
809
492
363
634
593
-579
-799
134
-512
931
866
-149
-784
801
-158
-712
-470
-880
47
-787
-576
-588
-489
-107
906
505
391
-563
859
444
-110
515
623
278
298
810
-589
-429
-963
777
-815
-751
-913
35
-537
-956
864
625
531
854
218
315
-211
-228
-374
-361
705
-589
-872
856
-201
41
-524
-201
-191
-359
95
639
-592
494
-925
354
-220
888
128
-871
-674
829
-667
329
-13
-138
791
49
-561
-534
-48
-832
243
-135
375
259
-514
142
-201
-868
915
-200
-737
974
412
-846
774
-315
843
-819
-983
979
-119
-577
787
452
-499
69
-280
835
682
84
221
-747
-411
189
823
-845
994
-449
-290
-986
-582
-617
526
347
75
-206
155
838
-772
-493
-850
226
843
303
672
342
-394
-602
817
996
98
684
421
395
315
-219
-835
-132
-8
-144
782
921
714
-646
159
-951
881
-669
692
-791
475
62
-862
221
842
-351
-289
-333
785
-803
-633
-472
-181
-585
-3
100
-777
-715
-244
513
628
804
41
857
101
150
984
-787
738
-55
-713
402
379
-46
442
-539
681
761
692
879
-174
910
14
-684
-696
873
-616
470
224
879
-167
358
858
48
-267
-998
81
-194
90
154
-191
-984
646
789
912
-28
-887
625
235
-581
-109
-481
862
173
890
156
271
790
649
-925
983
-423
-344
-848
894
-664
-316
-112
770
550
-308
885
580
611
279
166
-753
327
661
466
325
-358
496
-411
680
-417
-578
-589
-478
241
934
-335
898
518
317
-349
260
832
-468
448
-501
722
944
481
621
-256
957
89
187
15
95
911
-356
507
79
438
949
-57
847
237
-121
-593
866
530
324
202
363
2
447
-708
-96
-132
-224
103
890
803
481
-191
140
-638
-759
-848
-546
-998
-398
194
309
822
840
650
880
-208
656
148
34
-132
-174
794
-857
-318
-763
-449
404
-551
-570
456
144
-593
276
683
-423
149
268
575
964
-425
924
963
-939
937
-971
443
967
-755
706
-684
-584
562
-961
-935
-220
694
968
-18
-979
379
-832
650
-428
-584
-245
-463
-954
-410
360
-65
518
683
-530
657
883
-828
689
-354
-538
-214
-511
-653
-534
679
-336
-661
-169
211
-578
797
-259
455
915
-881
426
514
472
777
-903
-199
946
-220
-745
-279
860
-30
-13
473
559
775
-143
-405
-127
-412
-374
913
-392
-908
964
-468
-887
-512
-150
719
210
-275
-872
898
-321
453
869
803
829
-109
-548
-730
201
696
-887
845
-988
986
-3
579
150
908
-754
547
-853
-39
447
838
-674
410
583
456
257
247
-48
476
-730
282
-498
758
397
-529
57
-138
-549
455
-727
-539
435
188
-130
-393
-108
927
-871
32
574
-131
-693
-92
433
336
536
343
757
626
502
899
-992
-212
504
-265
-121
-36
50
-836
-827
405
-264
-509
833
-304
743
-966
670
641
-240
206
580
-492
-531
635
-809
22
433
654
-799
-512
-96
139
-815
622
183
-390
303
894
-774
925
42
-812
-775
-36
816
907
-66
433
-86
-331
869
-608
482
179
-664
446
913
336
-890
931
953
-985
-928
-215
732
-506
688
68
-440
330
-618
-964
751
-134
304
-11
279
-897
324
-976
-726
544
750
698
-597
-963
-127
-14
-202
-654
44
-488
-558
907
-54
-655
167
214
-75
-73
-474
-93
-247
173
-103
-88
753
-352
-489
338
-352
490
244
-490
-867
-816
371
758
76
-54
-343
-273
-91
-989
-512
574
-28
-138
-588
227
92
328
285
-2
-792
389
970
-859
-592
-493
598
151
276
-685
-182
939
-536
-538
431
-446
-468
-901
206
-276
519
6
-74
790
127
541
-24
736
152
780
-941
29
455
40
391
-492
-527
-879
-856
-157
885
448
113
387
978
-240
-814
-394
134
297
-344
-515
-43
-153
-296
614
98
89
7
-221
-739
-123
-823
486
889
-39
-764
-216
649
61
496
217
166
132
845
913
879
-62
785
549
-530
263
-323
598
275
504
234
723
863
-689
293
-514
623
-519
581
-772
867
925
-235
710
-102
-179
-750
653
60
-987
-926
618
-620
-256
-849
323
-873
649
-49
650
501
591
-559
-337
-389
-174
-858
-762
643
-902
842
-157
265
-136
830
770
458
-957
-269
947
-149
868
-444
514
-925
542
-48
-571
-26
-60
291
990
207
431
-991
-80
778
631
-738
175
-437
766
525
800
110
-148
194
96
-644
-699
-378
-240
966
919
487
77
242
464
57
894
591
-788
-130
214
-74
-357
621
554
111
-863
465
-515
-355
392
-927
502
-201
512
-857
-765
708
422
-832
199
642
-590
95
-274
-125
794
-754
706
789
852
-702
-554
589
-919
-487
239
-545
-539
-221
51
940
-885
-486
-23
904
390
720
-80
-826
714
579
476
-893
296
496
-901
-276
-224
1
-507
637
785
68
162
-889
-724
202
-763
669
839
327
230
-804
541
269
-418
-716
-110
-704
475
7
980
-394
403
-132
-562
-67
-810
752
950
392
-628
459
838
600
285
-646
-648
931
223
-545
-822
211
282
-991
464
253
-664
-688
889
-564
-664
201
-918
-805
497
466
839
-660
-524
-332
-32
-745
154
338
-216
593
588
-182
224
-1000
-62
-874
-206
-327
-605
863
-6
-449
459
-896
-401
-391
-790
130
47
6
-615
329
-424
-721
-760
-358
771
113
611
823
170
341
67
473
490
-242
288
889
-604
-193
548
363
-354
-970
-533
-713
471
-455
-649
629
-681
-965
-880
612
-412
155
248
-552
-479
-118
396
-146
-287
-953
566
-372
-215
120
-209
650
-860
-457
-733
-649
0
-937
-403
762
-299
-15
113
-506
614
-209
440
328
-544
804
-378
672
-321
535
-169
-646
-112
106
376
872
945
-485
355
910
-475
-762
-158
-183
-77
948
-268
476
-802
181
573
393
208
454
-409
-7
-961
814
407
280
-815
27
-342
-304
492
-124
735
-896
230
-54
990
-792
587
-512
53
-204
-643
-444
-60
435
-458
617
542
-589
-519
306
-560
842
-250
413
942
-493
-756
-646
777
-525
936
-617
-243
760
-708
425
-906
-483
763
-55
642
-180
-687
-503
289
1
832
177
-710
-346
-699
-326
-792
160
-664
-859
33
197
-542
409
870
-23
569
360
-250
548
727
-307
430
-751
345
-747
-837
-971
435
167
624
858
177
-864
899
-264
-744
831
385
303
58
794
450
195
921
667
-729
-684
-621
699
-624
-808
555
-806
-854
-776
776
-904
246
164
-761
546
-972
83
476
-228
-258
-164
-570
-505
-623
650
-384
688
-938
-769
243
85
-352
-152
425
-28
941
41
284
-366
735
-651
781
661
341
-597
-959
-65
194
-240
-746
-505
239
-346
-973
-730
-724
-282
-531
-230
-463
-17
709
10
-253
906
-993
743
83
569
958
-437
-864
924
-725
-542
-292
736
677
-735
-820
709
-30
903
-567
-422
131
-146
-348
326
-331
-578
-105
-842
-796
-881
38
686
746
-648
-716
974
-859
473
433
-877
-777
65
65
230
967
-707
728
277
-971
-2
450
-260
-518
-250
-753
-368
269
974
-773
456
-334
-41
332
-184
622
-565
-812
971
-522
975
119
796
164
-872
-650
833
-549
-874
665
-331
194
-671
-884
304
572
703
912
678
761
272
450
-439
85
518
249
187
814
-268
937
-684
243
-959
-252
347
151
873
-784
725
389
-831
-300
504
718
-347
-68
-373
-242
-977
860
588
924
726
448
765
-208
753
146
412
-961
-426
-539
-819
65
836
-930
-954
596
-663
227
199
329
49
236
99
44
860
-315
240
-846
-550
517
855
-181
693
-215
104
758
-565
810
-514
-444
-857
-307
-326
804
-501
713
639
-882
764
595
-967
827
-758
-187
-854
929
379
-883
-701
-563
-109
-831
-901
425
-527
-191
239
-339
-631
-843
-922
673
-23
-267
496
-623
-181
-249
523
585
-346
-541
865
256
289
-653
-943
-383
-459
-10
-88
723
958
-572
-372
-869
-258
731
-43
664
-130
935
-568
-596
-94
337
273
554
-441
-274
-547
-182
987
-888
290
-166
-71
-965
187
-993
832
-491
-477
-183
-816
432
-419
-668
256
-660
-802
490
-738
5
952
-922
-940
308
-669
-940
-509
-815
106
5
207
-826
960
30
-409
127
765
303
175
494
-360
-815
-132
123
3
601
-181
744
-242
217
398
754
-471
470
68
915
249
532
-140
789
646
781
214
-159
-881
368
-482
726
714
-826
-859
-267
-84
-864
-634
-648
961
-51
562
-253
329
296
-975
-558
959
461
742
802
-905
476
-99
589
-268
-682
-477
-339
723
901
418
-687
535
744
568
669
-190
-53
-285
603
300
-619
507
256
-893
-53
-948
-150
976
-718
126
629
-846
802
-685
701
889
-331
-804
621
-128
255
-488
-618
360
-536
202
155
-338
-332
934
-631
-616
4
376
-380
-319
-218
546
573
-562
935
560
672
-324
-600
328
-327
-744
638
115
598
-805
-525
227
-440
-272
859
-831
483
-652
-943
-924
725
360
191
-561
403
949
-36
-425
-689
-802
-864
527
278
75
-220
-285
950
-889
-908
-498
-308
711
550
-296
587
-588
628
-705
-55
-600
68
544
915
-62
-518
-494
625
565
323
544
116
-413
-734
-607
284
193
216
342
-842
-584
-548
607
-429
-648
138
762
-908
200
-728
-631
560
302
771
-82
-920
679
536
-522
-94
756
222
-928
-847
-942
657
569
566
964
714
-155
-800
-913
-215
-245
478
-94
117
397
-955
-273
186
-797
-962
955
-655
643
695
942
237
399
425
374
977
908
-823
-33
-48
-246
920
551
556
-924
789
401
-848
-618
-525
265
137
614
-459
-914
815
-559
-747
609
273
-781
564
-855
-450
-702
267
272
624
791
-752
749
915
426
837
175
-108
969
59
354
-460
436
-716
-255
-292
136
597
-743
682
951
-742
-378
89
-336
-941
92
-993
-944
-548
-44
47
-651
-613
129
-209
-661
962
-930
-443
469
133
-538
122
-759
965
-177
-176
-360
123
-573
480
-632
864
493
956
81
969
109
-477
736
-816
872
994
-53
-243
-353
-72
-718
147
777
354
62
519
624
565
-55
-340
-170
-821
-727
-630
193
388
746
-243
906
157
535
-647
-370
734
613
954
959
-786
268
90
346
-511
-157
-516
-379
321
7
-634
837
-742
-313
283
713
-81
-305
-106
183
395
-928
-989
705
18
-712
487
-572
-506
-445
-192
189
69
-963
-362
-921
-753
-926
-175
869
-187
885
-876
-72
-707
633
-425
-722
-606
815
-157
-680
-856
653
-281
-665
782
-249
279
-638
220
541
292
-618
-372
289
-634
-102
-651
-717
501
621
818
139
-104
239
-175
482
228
-87
-73
-771
214
-135
-48
-458
-740
-194
277
-807
-578
877
-810
265
-854
-354
-361
781
-979
486
-776
-150
-931
-399
187
-371
-173
-549
858
-251
-986
-388
801
411
-750
334
-761
-48
920
76
-166
657
-689
-807
-376
-759
-136
393
-134
-461
-257
736
-949
-662
845
-251
406
608
379
371
445
-377
-543
140
-186
79
-228
-102
-336
413
-35
116
291
-908
814
313
-363
114
-256
-852
665
554
17
124
483
633
633
-818
870
-185
-781
553
-914
477
856
-866
329
-867
-74
18
-689
-366
608
874
355
-955
-768
-510
-878
472
-232
-294
89
-989
-715
-291
227
554
484
63
799
-185
-241
-174
896
-567
336
-11
366
-584
518
-390
57
-141
-459
-366
-706
-600
-264
-792
-861
96
-798
550
652
-27
-623
808
64
16
-348
971
-731
-125
-269
129
439
464
-643
341
-568
228
943
-315
578
-300
592
-864
-360
-94
-870
974
699
-820
306
-378
-313
833
-407
528
-995
-496
923
-56
988
-800
-188
427
809
-458
-638
-206
-611
598
-778
-824
61
-711
660
-535
-619
982
442
633
654
640
142
878
879
-611
-161
-21
-337
-449
798
-695
248
112
581
-300
887
446
965
-928
-240
-863
-530
-361
95
309
183
-192
297
-87
653
-36
977
-366
232
480
-490
284
953
282
-183
-881
752
339
-435
74
-581
-48
695
558
-808
884
-571
233
-69
789
-277
830
763
153
488
670
-618
29
199
-139
-555
-847
306
-349
843
-972
-752
-299
-713
472
-97
-833
-504
706
-323
137
-192
448
-272
-989
689
-25
-842
70
276
-73
-490
-359
-471
-851
133
845
617
630
-75
949
-73
-421
-936
-683
117
174
-878
-634
-830
-594
476
-62
641
-614
-443
-669
997
-336
771
435
-280
689
295
415
523
-285
159
-819
-904
258
-427
-873
-541
-460
-412
-829
799
-345
-230
-848
540
-582
729
79
446
-507
8
-741
-70
629
-201
-633
9
-136
272
-125
-241
897
552
875
-27
-647
36
-388
322
419
-551
-734
-504
-471
156
387
875
520
-24
418
77
245
-739
-878
-636
-150
-139
-345
524
321
675
-182
-647
-628
-843
585
293
-177
840
-712
-120
683
-70
680
422
87
890
-766
258
-995
475
-287
480
302
-664
889
-185
355
-46
599
-987
865
-235
359
845
-40
-87
-980
652
-392
-541
528
-806
737
763
792
-357
421
233
-542
341
-564
681
62
-996
-796
413
-314
120
243
-446
-596
-520
-261
826
974
864
-920
136
-520
-930
617
-741
-793
-421
-968
1
117
-308
872
317
-346
376
-326
484
350
180
844
769
-772
-134
831
-808
615
-695
115
775
-76
-779
-95
-216
657
143
180
771
-447
703
581
-544
-843
893
610
-517
-909
-704
843
-640
869
926
296
-426
-48
609
-966
-504
367
363
701
846
-580
-512
86
874
475
930
-273
-770
-333
-86
-804
331
490
306
-391
-171
-868
128
210
882
-825
-132
782
961
149
-286
281
-649
311
307
-947
-700
-933
-346
-356
-636
-54
236
253
-894
-815
-303
-464
535
-407
926
448
-176
-267
460
-860
-706
648
-189
-591
-106
-448
-896
-448
169
595
437
343
446
-252
554
263
-582
-286
641
-750
-894
-162
471
294
311
-154
-202
-661
-687
3
-520
885
343
-69
71
325
713
148
47
2
-607
534
324
256
734
-804
384
395
16
855
501
-622
786
158
-720
130
-688
965
846
510
-662
-55
-471
632
-527
502
427
543
543
645
852
421
243
326
-858
747
-119
837
636
939
-872
476
-5
705
-379
-443
545
-424
342
-134
618
397
-224
-84
-478
-14
385
-900
484
817
-390
-792
593
154
916
-379
-723
987
-348
-858
-477
-324
-823
-73
-264
228
-319
72
925
-677
-164
121
-418
-564
24
911
-873
630
-101
-528
-777
-447
-273
-512
460
-664
856
-135
878
710
961
240
712
401
-299
-310
480
14
-519
779
-456
-689
422
790
93
-816
436
-378
-723
794
-462
-777
-858
705
-205
354
777
465
-814
-988
108
-448
-538
-118
-689
95
16
890
103
387
721
465
-378
-150
-247
-971
-324
-132
-710
-378
-681
-880
11
198
-347
231
408
193
-470
697
-265
-933
-19
-613
741
-763
-835
-262
975
-644
-431
919
797
382
412
590
472
-407
-433
788
-211
962
-87
-420
521
447
-694
310
-508
-14
-955
-154
826
-574
-61
-36
132
-185
-12
-715
230
-990
865
574
785
551
-643
-816
-728
712
-134
-132
-112
495
-377
35
865
791
775
227
-967
-825
861
266
-944
909
275
-360
-938
-253
170
517
136
289
-900
-452
961
847
-499
-205
-547
148
-752
-664
521
832
-970
-887
822
-334
-831
320
845
903
294
-727
-36
544
-943
242
606
366
-477
-306
809
-355
-362
-331
-319
234
-751
-4
-502
-606
102
-260
283
-439
-535
402
925
564
-196
3
482
627
-443
505
691
-610
113
558
-878
859
529
915
286
-743
211
958
613
-163
412
-241
100
-298
-127
445
873
-65
100
-463
-887
0
459
-562
-626
-479
-35
-68
-952
-291
246
-160
597
383
10
105
-629
-757
662
410
865
-437
34
591
-674
-572
-46
-482
-295
853
12
-213
527
-164
532
-121
276
901
-590
-474
240
-129
-379
-772
26
973
225
404
291
662
484
221
-775
-951
503
-527
572
736
320
338
206
-16
116
996
595
-581
73
-111
-121
-574
-599
509
-369
-918
786
711
-953
25
-661
312
-901
-867
-479
-469
593
618
144
361
-860
206
45
-641
-4
291
-256
-33
792
432
-49
-240
45
44
-171
611
104
-736
-895
-221
-945
392
-565
-536
118
-506
705
-152
62
-382
-496
-230
-873
-142
158
-471
998
514
-332
-959
642
625
858
57
-519
648
362
-724
655
-777
-874
-618
-714
-771
-107
696
-455
819
888
-952
466
550
363
-775
236
912
-313
514
-110
-222
469
-851
262
16
-691
814
-786
121
-900
-194
-311
81
-828
979
272
-948
205
798
-905
-919
537
-704
418
-855
790
-791
-876
-868
-916
703
-813
22
774
728
328
914
-691
-187
-654
-493
-736
155
602
771
352
782
961
-934
856
491
-603
765
-823
819
754
480
-29
-384
806
-39
-799
-459
-963
211
-933
-778
-357
59
-738
-31
648
-133
89
-857
661
561
958
-197
-435
587
-951
-186
-810
689
748
-731
519
-18
280
528
-124
908
-359
-9
-12
604
313
-502
-221
-705
-60
869
148
308
-133
967
414
-257
578
-562
-872
146
740
481
863
-486
358
698
-525
824
-311
205
370
170
-743
-199
700
-138
386
-550
614
354
883
8
506
835
-918
-289
267
544
783
508
950
-125
685
-927
-205
-324
-933
-10
988
673
488
-596
645
-779
-571
319
-535
211
-564
-793
693
56
798
43
77
-645
987
-317
-883
-150
698
536
955
386
457
-918
151
186
-514
-19
484
13
235
897
-304
-110
-512
445
-49
-198
699
840
742
213
506
-941
-285
577
849
582
-182
-336
-857
725
-85
-716
-485
479
367
-726
228
-204
48
-527
886
32
152
437
816
-553
-526
764
-462
-929
-595
413
363
725
719
-824
-639
493
-842
-139
250
937
42
653
-921
277
-914
-113
-15
925
-219
240
155
-564
705
130
247
-862
-986
464
-412
369
-579
691
-139
756
5
-444
125
-181
-155
799
599
-344
-692
-304
946
368
-504
-372
-231
-178
693
-386
480
762
-546
237
-902
561
-593
695
-520
225
987
605
-868
675
-407
-934
475
934
-983
800
993
-988
837
-703
-321
467
466
23
63
826
726
-240
-504
-371
-493
922
-259
-776
817
-57
-881
228
11
-275
-669
600
-801
621
142
-768
-663
-851
941
690
-791
676
226
-477
-624
690
728
421
298
-406
-585
555
678
93
851
-229
-95
-525
335
-450
-561
776
-609
375
-149
-271
-629
381
263
-518
239
-409
540
670
319
579
-251
-222
-184
659
871
462
-782
-923
-104
25
-31
-82
161
32
-101
818
894
-878
-572
546
722
-373
885
498
-217
-245
-853
486
-765
867
299
920
-714
-917
-621
729
912
19
-36
-366
319
-636
267
-59
886
-719
-505
-651
-38
432
742
527
-298
703
592
403
-18
132
-684
-381
400
-154
-983
-202
-362
721
-292
281
-648
938
-711
516
-497
-640
-315
245
500
-5
-168
171
503
932
712
944
-228
144
496
-845
943
745
479
2
344
-613
221
497
-358
824
457
553
805
-631
-755
928
-437
-750
275
608
384
-543
289
-649
970
898
-769
-709
168
-830
-598
-920
-929
-738
720
119
-320
-457
-36
796
-763
100
-628
300
490
-716
-83
-871
-888
-353
856
-484
-4
-873
950
-178
791
-800
-209
-701
-290
-455
-640
195
354
791
-85
454
-438
749
488
252
604
121
954
118
-117
669
-436
-508
-359
825
-950
-20
-658
-702
-197
212
897
961
-244
-980
99
-790
377
123
139
-409
52
-460
187
81
552
932
-478
459
742
747
59
-949
-770
-283
-653
-155
395
36
8
709
341
-292
-516
521
-470
-662
-759
249
390
-830
926
68
-578
180
-984
-616
-131
-567
-644
509
934
480
0
-929
488
-224
-615
-601
959
-263
383
341
791
-309
-323
-261
-276
-686
805
441
-963
-515
321
512
-306
137
-637
-459
-819
-577
-387
981
-260
-873
125
-945
925
424
-192
787
-852
-595
-328
-315
454
-843
440
-627
-889
-410
-916
-370
-479
319
-427
592
504
409
722
-915
-37
-310
778
773
205
-314
662
-241
-991
-79
-180
732
-284
502
677
25
964
685
-624
961
927
-884
-272
-916
262
893
656
889
576
-504
-665
-221
-245
-691
-281
-829
989
560
-625
-383
232
-863
-768
-616
860
-250
-20
550
-745
-984
-390
732
-280
631
-666
376
529
907
-906
765
362
-984
-440
-996
-735
-36
-41
369
143
425
-596
-756
-441
-198
720
986
-728
819
288
47
962
521
905
-446
-267
763
67
-154
-492
-420
26
641
-327
382
535
410
-686
-259
-658
-684
-791
357
481
545
929
-256
-847
85
-68
-144
-524
-903
10
-826
626
887
891
-404
-743
-7
54
469
-431
713
258
703
586
-28
-911
418
-255
-944
301
360
370
-794
-118
-503
-505
-66
203
-255
862
-393
641
-832
-232
799
-274
-97
-82
-603
-712
-838
110
664
-407
446
228
60
354
-464
644
105
-480
343
-93
-209
-873
-697
245
-742
-149
219
-544
-227
205
398
-704
-610
-94
438
821
-81
592
-82
-634
420
-495
335
-632
-378
858
-390
618
-93
758
-748
-72
-737
635
558
511
-437
-754
112
752
640
-894
-590
254
392
-517
551
-623
778
913
-330
-851
-352
-336
6
-52
518
-308
933
120
209
306
901
-443
-982
-374
820
-197
470
-168
-650
193
67
-734
-559
308
529
-980
965
-392
-438
639
374
-586
-49
8
247
883
177
-740
245
529
-535
793
-531
-98
277
136
315
858
751
-609
480
935
779
-829
-177
-999
828
330
-940
-852
-588
206
369
-683
519
-770
55
-847
58
-449
621
601
-978
-305
-176
295
675
-582
247
-446
458
-571
-638
-635
283
-696
-593
-97
511
-263
-616
291
891
563
92
-913
-6
-634
-600
25
214
-393
418
-106
467
-120
578
180
-936
-669
846
199
635
192
928
897
-185
277
-874
-518
588
-51
181
528
980
369
907
423
973
-381
-960
593
-120
250
24
649
-531
-104
776
-582
-855
807
498
380
-587
-303
686
350
-604
-753
-729
751
169
809
-240
662
-654
-483
769
-750
613
-645
-78
684
165
-484
242
313
881
418
-908
-229
9
-581
631
-106
-770
-209
-703
848
-219
-279
-905
-14
-712
-637
-85
539
-743
809
-285
52
212
320
338
-210
896
527
-795
375
929
-149
-868
812
-707
-799
147
537
-760
-835
-53
-117
-289
119
-166
454
446
-963
28
578
254
-165
645
-736
-33
-553
676
-629
845
-855
-619
330
562
-505
179
-879
760
399
887
-505
505
814
690
-333
53
-850
-428
512
-145
252
-842
335
-779
-410
-422
-213
586
67
-196
823
593
-659
869
68
456
106
-195
-913
735
57
-614
-745
963
-9
41
-180
-756
753
8
947
-145
35
-19
166
512
-465
983
664
-760
-534
335
822
-993
352
330
-23
7
-680
878
-888
21
-879
-258
-309
235
-4
-812
234
86
212
10
-605
-254
-120
-90
-789
597
-967
-497
-116
511
846
832
332
700
373
-152
-162
-717
-716
-38
18
-34
381
200
-505
-138
704
296
977
90
-869
944
118
972
29
-189
946
584
-872
999
938
834
-364
-526
397
523
752
-814
470
479
-957
694
-449
-337
705
156
-432
662
-583
935
373
-247
875
-36
29
-112
231
154
-113
-388
688
-717
-89
-764
-496
315
-163
-368
949
-723
70
-479
777
-268
149
-949
-33
733
-38
0
-871
-330
-582
-550
279
-797
95
68
-727
-787
918
-699
886
519
-730
171
709
-177
672
464
-7
-548
114
459
-743
-662
-714
694
61
864
-968
-648
-395
-918
-460
-338
67
-248
845
890
761
594
235
600
-531
-330
-52
985
-423
592
266
574
830
-796
189
483
697
635
8
277
-226
456
-562
833
465
38
-233
763
-109
0
334
488
-215
812
98
-312
297
373
-692
307
542
-525
-800
223
-246
985
636
-277
-837
-261
525
604
86
-230
705
737
-112
-466
-648
148
300
-177
676
752
302
655
847
282
446
-425
811
-451
-919
285
-956
694
-799
-353
338
-792
-204
927
-5
-275
-534
954
981
-677
-776
-330
969
206
-415
904
-269
103
940
-912
486
-655
449
-414
-324
-677
45
321
-725
951
-858
217
-141
-625
-168
-983
-172
-258
173
-580
413
562
-325
771
-257
-356
-457
192
912
-863
-601
-607
-469
257
-955
-633
20
-799
-544
-989
793
567
-19
-36
325
18
186
799
366
-957
83
211
-34
-692
-867
-121
-578
-237
704
555
238
514
914
568
-574
-17
254
301
-137
755
-764
-569
931
-439
-198
-965
-839
-842
-560
963
-452
-801
816
916
203
539
-668
584
619
326
-574
92
-126
78
387
376
-945
-306
129
-810
-504
165
-706
993
955
402
-63
-148
70
-898
-564
843
-111
838
-839
626
569
500
-637
-263
-616
377
-848
888
800
329
-372
-11
-953
-605
769
-265
667
-597
-286
309
470
101
-745
-224
-979
-800
-125
-806
-301
-531
545
-430
171
-85
349
206
-758
-639
831
-525
315
-985
-559
-285
172
-943
18
195
53
-888
996
-888
665
-953
287
430
373
607
-776
837
117
-665
412
776
934
-668
-809
-53
-538
-575
321
-320
791
-165
-104
662
259
108
-519
-369
506
-654
887
-835
-954
-533
78
-72
656
206
33
-898
-773
281
815
-761
-563
659
-780
628
-642
494
28
836
202
-85
947
67
480
265
696
927
925
-357
-624
231
-509
-667
870
819
-702
-141
448
-326
457
534
-275
308
-875
-932
410
925
840
171
-252
-109
133
217
551
812
-200
-117
213
38
35
632
275
-724
962
250
-243
706
448
432
-454
590
995
-446
-534
147
962
-797
603
-741
-186
652
683
-48
-658
-341
-280
599
333
-697
356
-215
-513
-338
-92
-928
-455
-35
-425
-598
-643
-245
-541
-19
-324
98
-630
120
935
939
764
257
-642
470
567
144
201
995
474
-345
-779
-752
535
-4
981
303
854
-907
-630
-558
758
-177
-354
646
718
91
-774
-247
626
566
-712
506
321
659
690
60
-181
-234
-839
166
-912
816
-830
442
372
882
-805
496
335
-880
283
686
448
821
423
-778
49
-132
-608
-660
-763
481
-566
-30
-66
-699
-792
755
-356
-808
-829
8
-816
374
458
-294
190
-271
242
661
945
-874
159
292
-152
-353
619
223
318
180
-270
-386
-249
239
-815
-135
-713
-869
915
782
461
712
-22
13
-948
941
-401
83
137
330
-159
577
848
570
905
937
-814
113
-562
133
698
-632
452
-476
397
-606
-224
641
-145
-583
486
-143
-798
106
403
441
345
-326
-169
506
-374
-492
298
-118
674
224
527
592
-365
33
837
748
984
-230
-838
-624
-886
-354
619
559
-261
228
-489
545
-689
771
370
-560
186
-80
-796
562
100
33
-687
147
585
812
-76
254
-226
241
692
296
254
-576
-343
137
-782
-519
-377
-649
-289
-897
-583
929
776
791
553
-667
-412
819
252
-273
-341
21
667
351
-661
-414
-117
-938
71
773
606
-532
958
-803
-685
-720
553
-635
-888
-867
398
461
-368
166
514
218
975
-322
220
-617
-494
998
-524
277
731
-188
810
199
682
-900
146
755
-776
-514
-755
-555
-499
-37
516
-426
609
-667
-514
36
-273
-77
-272
-113
838
-626
-156
176
697
170
-878
-827
-442
-908
-902
-83
708
997
868
-803
405
480
959
-355
-37
-674
790
-14
-297
-189
-287
-904
444
604
327
555
978
-456
576
-878
-57
-16
-535
-183
-672
-332
49
954
-787
740
64
327
-134
-88
680
-937
833
-468
-269
379
-947
107
892
747
-950
-202
-39
-895
24
529
-426
322
-465
-437
-3
-892
-740
281
-543
913
-727
-707
475
-857
-742
-344
683
-408
-668
-295
816
117
-984
-880
594
-670
-419
-604
236
134
-964
942
-984
530
-396
16
-269
395
-946
389
751
166
172
-459
-217
767
714
773
-707
325
70
362
607
-363
-53
-376
985
482
121
-469
-332
-690
-479
833
-661
760
-772
386
-642
594
91
-387
-513
941
921
-80
-38
-669
605
947
210
-63
412
274
-378
-929
-949
613
195
-546
-798
350
-781
-835
396
-721
3
-457
-966
949
-798
76
-953
-75
837
634
-778
81
567
-39
104
-394
-530
-128
27
181
249
215
92
381
917
-6
-996
-910
463
86
432
-628
564
-445
434
494
564
-18
85
880
-220
354
374
-996
883
-781
383
306
-268
-906
-747
-248
-694
688
-463
-574
-589
-278
619
-550
683
-738
-111
-261
929
-688
600
608
-682
-532
-646
-44
994
-184
-259
917
480
-283
261
-37
314
952
959
463
271
495
-98
-503
81
-62
115
266
363
584
581
306
-433
-477
880
-529
318
-455
-535
164
497
-65
-464
-111
-76
-108
718
-60
-622
-1000
-194
-756
-804
-40
136
822
242
-778
-520
23
788
-71
173
-364
-750
270
-690
-640
64
874
-777
-173
-411
957
785
-828
723
-60
-961
227
-959
476
516
53
-77
-418
130
-995
683
891
-322
-524
-903
213
688
628
-898
39
-954
135
158
-926
391
-713
196
150
-843
401
-1
-247
-644
875
-182
-793
-313
798
666
-490
273
-126
-288
580
-23
117
30
-177
-289
744
182
-671
412
310
-18
-122
-642
-830
-96
572
-384
124
-50
886
104
879
-13
-196
713
890
-716
227
-151
697
-171
165
-131
879
552
124
-79
114
320
112
-892
-701
979
746
-625
-167
62
708
-714
-983
-925
176
711
-972
-434
-222
-448
749
37
858
-131
-411
109
-894
-145
-747
681
-368
24
-760
478
824
738
994
34
-862
975
16
866
339
-501
-275
-269
571
-450
-273
768
682
654
-196
-958
-145
530
-356
750
-705
689
892
-793
670
248
-500
133
605
-502
-186
-354
785
-910
779
-848
348
404
-36
-320
74
769
194
-243
729
681
-486
-322
-922
395
-991
378
864
-968
919
-506
-5
-394
211
-872
724
-576
-253
-101
732
-6
-402
-5
755
995
265
96
498
147
50
408
900
-668
60
-131
-686
317
-425
470
-502
-200
-869
520
-693
-891
609
893
-160
-680
206
-659
-90
366
333
-151
460
-419
-88
967
438
73
755
327
-898
-526
-299
-333
-937
379
915
885
-241
-154
795
371
561
650
250
22
212
-569
-774
841
-812
-432
172
-516
-437
-314
-946
-585
891
-458
953
380
299
873
41
-459
779
-70
-599
-83
-779
-236
507
123
-718
-55
-238
40
-954
-209
-516
-591
-230
180
687
937
-844
-685
302
742
613
-609
-681
-437
463
620
-867
-570
-464
-419
-354
640
15
-857
480
194
-862
85
-932
-121
426
-267
951
300
-101
-368
809
851
-68
598
-676
-825
-697
679
-909
-742
958
-833
-92
-438
923
-647
-764
-349
-927
-652
-707
-322
-172
99
318
310
738
-227
-337
-821
-83
661
-912
528
374
-955
-243
302
183
-765
80
460
-788
710
-269
-778
783
433
-912
-118
-209
-243
487
-334
573
-122
747
-677
-605
-516
649
-828
-623
-519
342
-94
-699
338
980
-320
262
775
497
-412
-514
580
109
-371
-303
378
-203
264
606
344
-255
18
801
-590
-682
744
-14
452
-904
922
-882
-176
768
718
-945
515
-362
-416
-453
997
620
439
-442
-769
-234
-413
-331
-313
-39
-525
-400
-985
495
-333
-621
140
-828
50
370
154
-671
-719
-506
-611
274
-425
88
-790
-218
658
-536
260
371
-343
810
170
-141
-628
382
-643
-913
525
715
-944
934
-937
104
-296
-854
476
967
-365
359
-386
749
885
433
227
786
525
-71
635
-254
-298
635
941
-947
361
215
-35
-575
624
-118
-677
226
389
873
-779
436
-983
282
-980
933
689
446
835
-87
299
255
-716
-942
14
866
-866
892
-417
-808
889
515
816
-761
-55
-862
-781
80
-400
-695
-116
605
-162
-326
500
345
980
-528
-806
219
-41
