1994
523
670
806
-303
-539
776
500
393
-701
39
74
-946
-177
-83
120
-710
243
686
-593
-500
-757
-841
-840
972
869
-196
-956
-183
837
365
14
-622
261
324
-275
781
842
253
166
-185
834
-558
-882
-295
-871
-670
-516
979
-630
-50
445
-121
354
656
-207
-363
417
-648
-525
-161
426
-732
-361
-856
-598
-357
-629
-483
117
470
-240
-624
427
-181
706
-403
538
984
386
924
381
520
-523
226
434
949
197
35
-598
-757
-779
-776
-727
-299
-30
-936
957
262
-987
-121
11
117
309
152
933
-394
842
144
359
129
-996
-631
-639
626
-726
-657
-657
236
902
-197
-652
634
-3
-919
-922
-268
533
-936
674
-550
-577
-979
832
800
475
-524
513
-650
139
517
-843
-413
336
-657
57
430
768
-701
621
-264
-166
-48
852
41
0
950
-924
-827
818
-999
366
123
540
-860
-713
282
741
-873
21
128
872
831
-267
529
528
-63
-7
-560
45
-573
-256
-179
211
198
749
187
193
-173
-807
173
943
897
-813
-740
-400
-288
694
-505
-809
966
484
824
662
164
-34
-769
850
532
965
509
-254
-31
443
463
-458
50
-733
277
597
-716
-233
-834
622
-973
-825
82
-352
533
623
636
469
164
66
897
-7
-298
419
-975
297
-677
-462
-311
278
370
211
-205
952
887
-566
203
975
-899
-189
350
-779
-540
974
497
-80
-281
-985
-53
339
934
451
-96
-700
619
-601
-132
72
-262
755
-376
-821
-199
460
43
-404
-678
-713
528
-940
306
672
-912
119
39
394
-100
-909
-198
434
554
709
-834
-260
985
252
-107
447
-190
-939
-490
-516
317
757
460
-487
413
933
30
813
57
-937
6
-252
-680
-553
-415
-463
-456
-787
-30
-749
907
255
-685
-752
-673
596
-903
319
-967
579
-254
-190
-787
-567
-914
-208
-548
-839
-137
752
234
-51
-481
657
-742
-741
-811
263
665
-188
979
511
-476
230
-42
468
247
-448
779
-598
836
709
787
648
59
42
-157
-893
364
-38
250
-107
-986
-934
-65
-756
843
-458
599
-834
-878
313
336
-870
-664
444
-387
42
485
774
975
-74
-809
-783
172
578
-99
-147
142
983
-191
478
762
-242
386
113
-900
-552
-515
-868
-820
-740
152
994
-785
-632
-964
86
748
440
-884
-617
40
245
198
154
-143
788
980
246
868
975
591
424
-84
849
546
710
-552
523
406
-527
-41
-492
927
-93
-958
45
-78
360
-298
-542
-911
106
-516
-372
453
340
-441
-413
-521
-360
-918
-351
891
-404
307
-318
-871
190
-760
-809
777
920
476
-806
-662
-976
62
972
320
-506
799
250
-328
-880
174
174
25
131
977
434
328
311
-46
975
-617
413
-780
211
156
157
192
673
-598
487
-208
-461
478
-693
279
-758
-840
741
-692
662
932
192
913
417
-956
-181
36
-571
-308
-712
-591
-258
-151
257
-542
522
-81
566
980
189
-851
593
999
-78
639
-293
-926
-85
64
743
720
25
-742
-68
731
871
-260
-736
947
-271
822
783
235
850
-924
139
929
251
581
461
-280
735
679
-150
-940
-517
880
-574
-559
211
235
81
751
-41
782
-200
366
-139
196
-490
-653
-935
43
-241
-748
-145
492
815
-122
104
-461
344
320
746
458
854
-309
18
-106
708
-984
-970
685
-408
606
-411
-861
-983
415
591
16
337
-42
-159
-833
-851
-752
104
-91
641
164
-361
732
-104
287
404
-756
-695
-80
844
549
-634
-35
-9
-613
-674
257
406
318
-622
-509
-695
788
-315
979
333
-538
684
-269
-286
180
405
-529
779
902
179
-773
271
384
247
-312
732
-272
299
-349
971
807
713
-550
-930
770
-776
-20
-474
917
182
523
-126
867
433
928
193
-389
15
748
72
722
-355
-617
239
-710
580
-873
-906
444
280
638
566
967
523
-545
578
388
367
-881
795
-987
376
21
675
170
-993
125
665
224
515
-945
563
-873
-679
982
106
-562
933
528
719
413
-383
-991
-229
-530
-902
516
884
-200
170
-689
-868
-214
831
498
-604
-31
-229
300
-131
-570
197
922
-305
39
-644
109
-158
-576
620
455
-246
678
-567
-335
576
-128
-904
-68
955
-766
829
818
-947
951
-369
872
761
938
424
67
931
369
745
-637
-928
-185
-918
897
-948
69
-738
672
-181
460
885
403
-105
321
139
-21
632
757
-675
-901
-95
-304
-68
778
343
298
-229
4
845
-571
-525
-722
602
-310
-747
484
700
111
79
976
-618
162
232
857
-875
-523
565
-858
272
-730
702
-995
-834
-647
-613
461
561
-524
791
772
384
-41
-41
734
-334
822
644
-405
-682
-748
-861
603
-624
-803
-746
232
-498
-943
-84
-688
-616
-424
-573
-610
-58
678
-386
852
-389
429
673
567
719
-487
745
775
91
204
217
-950
430
-809
-81
372
540
-847
469
356
-91
-345
-301
-754
-972
-976
-159
320
-802
396
490
-108
-614
-599
-851
113
-480
-703
-595
158
618
-221
-696
261
-729
716
69
-129
-514
594
-554
-591
848
-451
-67
-845
870
-238
219
-807
537
941
132
320
433
43
718
998
-587
-158
87
22
577
-51
70
-353
-202
-265
778
-31
-693
-333
-528
867
961
-874
112
-557
356
-142
390
619
301
-417
-898
-868
-684
920
-104
-214
-189
288
396
-620
838
-193
567
926
-785
301
-717
365
438
361
-588
398
317
886
-305
-717
289
739
-203
747
220
869
-35
973
200
-220
0
-63
-82
975
-338
-645
-516
12
-162
-795
437
-608
-494
231
771
-857
-775
806
-457
-463
-514
630
-639
666
525
-179
795
-973
-698
134
943
210
-710
-258
-551
915
-990
-577
760
-327
-497
359
318
-474
-627
132
486
-510
912
-834
885
843
-32
193
-791
-406
529
709
526
174
-469
140
367
359
-391
71
314
816
-595
-299
636
-358
-496
329
-196
530
838
327
964
-498
640
940
-519
569
395
-681
411
-520
774
-921
-488
232
850
402
620
983
-798
238
227
523
545
512
-706
-894
-382
528
564
-744
-461
-827
-528
351
539
642
-856
398
-574
300
318
-856
-832
-457
207
663
157
588
344
-331
488
169
585
231
-605
-923
-494
246
91
222
953
588
-138
-559
-66
872
-91
-875
118
-979
409
357
-541
701
-302
-904
-651
493
674
-769
-439
390
735
-854
159
-696
392
-169
890
538
-561
-504
-255
850
-603
-208
-174
637
931
-806
-762
-36
788
53
144
-740
-352
880
-113
272
323
-658
-78
-291
621
-442
-837
-430
-974
-374
-756
770
305
-446
30
159
930
-187
-847
468
953
-525
-178
687
631
-623
-600
-295
-913
177
432
-141
566
862
328
-48
163
769
783
-487
663
915
203
705
-90
-768
-299
-587
403
212
846
591
-134
-91
-752
-152
-10
844
-721
-889
-621
-207
-722
955
-242
818
-547
800
-984
-609
-672
705
953
-299
-244
-837
433
-906
570
106
538
930
654
-93
-166
212
-63
76
-971
-550
218
-229
303
-334
555
-998
382
78
807
-844
718
-316
306
79
542
533
-799
-602
103
-376
-511
-751
-163
402
691
883
350
659
-940
192
-200
-592
-133
905
215
569
-468
-762
796
407
938
702
-695
4
-887
-266
440
966
-800
532
108
-535
461
174
-289
-312
131
500
-262
664
-113
119
211
193
-424
-540
-127
522
-891
-943
-85
-352
168
451
-706
83
136
-358
-915
-339
844
-407
-621
-593
627
805
-300
-135
-223
-342
241
502
692
-635
810
210
-827
-639
462
-135
-423
289
-882
142
135
407
608
948
-12
-113
672
-292
538
-869
384
652
775
43
-241
-536
146
744
968
-704
120
-402
465
-938
-619
-396
836
938
-306
-327
619
-252
-38
-35
180
733
449
745
100
-870
13
140
88
-346
-35
194
870
-6
249
-221
-654
-900
815
-970
285
962
75
-368
-809
-639
-874
-51
-475
-842
-522
-678
-690
-528
-461
-292
735
-584
-439
-256
-914
-529
-503
240
252
-254
-6
847
-252
524
-963
-863
416
281
654
-678
170
34
-714
-734
368
-183
-339
-623
881
-206
893
-708
-524
-515
178
-404
151
988
638
-392
-171
-667
953
863
145
-475
-43
356
863
239
-481
246
306
-672
-942
970
144
-224
-347
-761
-255
488
325
-210
-298
618
-739
804
951
-287
289
-514
-571
326
139
984
-66
332
-708
-238
590
-503
164
487
419
705
-387
-53
297
-432
881
-128
963
68
-259
565
123
693
285
-196
177
-510
-538
-522
992
105
274
350
494
-605
-90
-386
994
122
-816
850
335
167
-100
-777
-913
844
-954
-545
155
-773
-567
-875
-858
225
38
-761
-502
35
641
-923
458
-781
-683
708
-250
-849
71
-1
253
406
423
154
-115
440
147
-636
-970
-391
-313
-870
-532
225
-49
-446
539
995
-291
602
677
-616
69
-99
663
-697
-955
895
-774
788
754
566
164
-366
-242
-667
783
-554
-74
-587
130
-358
-856
98
-805
570
-239
16
-978
958
-348
473
55
-76
807
756
-325
922
-616
322
972
-347
509
-920
92
-527
-344
261
-615
342
-583
-657
-649
-317
-195
990
171
-823
613
-492
275
-969
369
-185
-45
-771
-229
-323
730
95
-447
83
195
-680
90
-822
103
616
489
-258
-368
-36
863
164
249
-599
-197
-464
-287
-12
445
-800
-306
-192
-616
41
750
-827
837
924
-392
858
244
468
-159
-192
30
-946
875
-678
-490
229
968
-228
-291
602
364
767
645
493
928
-402
477
-22
-733
-544
699
-798
-149
-382
-71
-683
905
-672
-778
-711
778
-464
-468
-166
186
284
-127
-66
932
618
871
-93
772
329
-817
472
-563
346
315
-603
-970
-711
-672
823
-289
262
986
-724
-495
516
873
375
420
254
58
-783
-630
449
497
141
-104
250
913
869
-363
780
334
902
-293
-355
521
357
-517
63
-309
-436
397
-346
-67
502
-460
-533
852
162
208
-900
826
343
813
573
439
261
-231
287
-273
35
-317
-933
-220
-229
-721
-980
860
846
-826
422
382
-459
-118
-345
-138
949
-985
-744
-520
574
980
-225
-879
-896
-583
325
-712
-133
139
159
100
481
371
-437
967
922
348
777
8
-12
-517
51
-17
517
-855
123
-951
911
-308
31
715
-930
356
11
-541
-143
-655
-772
553
-606
-319
-772
917
372
-937
-225
-757
952
-505
521
-607
572
-498
-534
305
993
751
119
-871
-73
56
789
0
967
-109
-204
-557
-660
-568
-9
-722
-289
-176
-356
-810
-626
-764
-292
-174
-343
292
-704
-70
825
835
-915
-856
236
592
-914
-725
561
111
542
731
700
374
-914
-346
-649
948
377
441
-698
-789
433
-998
501
158
469
-14
672
-890
386
-1000
670
-689
131
-119
843
991
438
-637
-991
-730
-596
672
771
-880
493
-831
-491
952
982
48
-629
