6102
-586
945
-344
-339
-587
-67
512
-388
-172
977
-789
-215
176
239
0
21
250
-19
-427
-789
138
319
-818
133
-356
-450
-900
-403
-821
900
858
657
-247
841
79
160
-120
375
-255
-287
632
-662
-985
-270
557
164
-920
-98
-596
-35
-27
-328
-221
-185
416
-284
642
79
-88
-219
-54
303
674
-319
-640
-895
6
-128
-419
78
-221
371
373
53
-97
658
322
183
-34
766
637
-2
-258
-715
-343
622
-194
931
252
452
377
181
-102
891
3
698
-465
-739
30
466
185
566
-183
584
-352
357
-202
-932
-685
-84
311
841
-335
70
788
-315
-96
-248
363
-937
-83
-720
-876
226
-175
-630
864
-704
-228
-382
174
-950
-416
-77
617
771
829
-514
274
-395
996
694
-987
259
442
968
-406
45
-148
-791
-21
-446
554
-889
125
512
513
-735
-67
870
-184
243
-24
603
342
-727
-250
-952
446
468
-220
64
-391
-373
-18
896
-673
873
885
-224
929
724
-350
137
149
-674
551
-718
527
-428
-162
-493
-679
-76
897
778
-625
779
165
539
-599
-404
243
929
438
-67
724
116
913
28
521
643
-173
255
-108
-159
917
-712
903
-820
239
727
-745
392
-254
713
-324
-534
-593
-161
-712
608
-14
-247
1
-514
-882
705
157
-461
-378
485
601
314
-731
-84
630
716
43
953
640
899
981
-643
668
-790
312
327
-578
-432
937
342
373
-181
-932
128
-125
472
279
587
-164
-767
-94
392
634
728
-579
959
347
-848
-690
-394
904
42
-715
475
450
125
798
369
123
-881
-125
119
270
-464
219
243
-883
-570
995
46
-299
-366
-745
537
-496
33
-642
-738
102
959
527
-175
-671
-873
3
-955
-676
389
-775
763
534
-452
31
37
-439
-637
356
-88
-926
457
-776
-656
412
-38
-868
845
-626
-790
-821
-36
477
-769
900
992
-993
907
-893
751
910
-810
-229
361
-268
-230
579
-125
57
-72
-326
562
615
-24
-712
611
-618
589
-14
-873
873
-793
-519
268
435
-862
-368
-921
-809
492
777
252
-532
-172
-757
352
-87
-882
369
326
-990
-13
450
-218
-145
421
456
-724
-251
-801
-385
-916
-380
651
-771
99
-659
-962
680
920
-323
78
-184
66
906
131
827
-749
-664
699
974
946
-247
856
431
183
239
-300
-484
79
-593
-859
-393
-737
388
-165
409
916
669
-75
991
777
-491
-236
-698
99
988
88
-81
-953
-426
758
830
-5
576
827
-555
-295
571
-230
792
-49
23
737
413
-28
-691
-614
-574
-75
-423
141
890
-627
546
-893
613
-188
807
293
667
-834
-393
-589
-843
932
509
-864
361
-576
-729
970
512
193
-943
568
-891
-17
195
989
-948
312
867
-167
-52
-775
-408
-306
698
216
-83
687
692
654
-834
213
167
-366
-781
-85
686
929
-938
-759
856
937
721
-65
-700
-588
-519
-153
-533
418
-831
669
57
560
-979
810
-630
-571
-428
571
286
874
-720
624
328
-215
-74
-527
-903
942
-820
-661
-125
539
-660
120
541
632
-236
-931
562
-121
806
-564
230
950
-29
362
-521
-275
-273
-389
-85
663
-879
361
44
285
682
132
-803
942
239
691
519
-965
-236
-104
964
-162
-281
-782
743
219
-825
876
6
-593
863
307
886
-219
-910
-331
-623
471
996
68
-314
18
67
-359
-258
962
385
-154
-954
-772
207
-412
830
747
23
139
877
-991
630
-416
-114
-513
-108
-904
-565
657
-110
-629
196
-560
238
692
860
507
198
-859
-623
976
231
263
-506
-989
-240
206
-834
497
376
-885
39
959
713
684
369
-197
263
-898
650
852
-447
-142
967
982
755
-466
-336
-883
501
-598
553
-821
372
346
-471
388
-725
-36
-663
262
-194
-105
-773
-505
-414
-204
-573
-106
-612
-120
-730
-780
885
223
-642
-469
-42
645
376
-452
454
-835
75
-985
733
117
948
-397
-940
688
-190
766
428
883
859
222
-777
-692
-583
-491
-810
651
213
-701
912
821
-706
165
524
-451
646
876
-212
-381
938
-183
38
937
731
915
-433
-160
94
-421
502
-174
-676
55
747
-1000
294
-997
-454
267
-278
-602
584
167
906
-969
-935
204
-993
-464
363
158
-838
-989
274
-931
274
-870
-623
-385
-129
-685
578
744
946
-601
-126
971
-897
-20
588
619
-760
912
-864
-69
-441
646
928
-445
487
445
-361
292
608
412
-474
866
477
714
173
592
-228
-871
578
-534
-415
243
160
107
-473
108
159
847
-876
-73
-100
339
-248
-587
486
121
866
-121
-203
-9
911
-283
-202
-209
528
376
422
-359
54
657
-245
-836
845
940
-950
124
-638
-305
-936
269
243
-243
-159
-75
337
-456
974
-192
948
-270
583
909
-596
692
853
-923
319
103
-654
604
564
80
-544
273
490
-263
-381
576
997
458
763
342
-809
-169
-767
372
263
19
878
-372
993
-830
51
264
-790
76
104
-21
-275
621
292
543
487
25
-890
637
188
157
286
-788
980
-432
-549
-400
-843
105
-334
659
-498
-870
920
82
-963
506
300
894
973
-463
-781
835
464
-468
-655
869
-379
-976
209
-538
390
-869
817
692
-687
-346
-947
543
161
870
887
-872
520
-878
-752
-107
-725
-481
-410
-142
-886
-713
905
81
106
-359
-309
-78
-95
-615
212
-179
78
760
175
-868
418
446
21
-842
719
-956
676
246
811
-770
523
234
-975
213
-187
-921
-636
-669
-657
-38
-975
328
520
-502
-944
-199
916
-999
-714
456
893
-168
-533
14
918
634
-541
901
157
833
-277
-461
605
-795
-15
640
-963
-381
480
-680
681
530
903
380
138
816
-475
19
-779
795
-92
254
477
828
-785
-470
-427
-306
-304
590
-570
397
363
403
-966
-103
-32
787
-349
-503
-415
747
-230
236
417
-582
-841
90
853
-228
-822
218
-486
32
629
-131
322
-140
-26
311
-740
499
516
222
735
804
517
-454
691
596
-199
797
748
94
375
-244
483
423
610
235
-653
-458
-264
775
-83
480
-393
-435
-775
866
-228
856
442
-473
-903
-25
-757
-70
-30
-787
-916
-427
-491
562
372
-25
324
39
-271
964
-240
775
451
55
3
-567
641
-125
-295
433
87
55
-340
870
-323
143
875
606
-683
375
-713
662
-736
59
-166
-210
-659
-775
724
897
-113
728
627
946
554
-46
318
-558
-518
-467
-130
-354
-752
647
-534
324
762
-769
941
-426
862
705
-714
952
-93
-967
-116
692
220
985
-820
989
-351
550
448
-656
779
-260
846
38
-964
721
26
-330
217
55
361
503
-794
-981
-109
-797
-564
-373
932
808
-87
-651
543
520
740
-966
719
-832
-149
337
-580
-875
699
-697
-842
-470
907
244
-638
622
102
10
-562
-29
595
-553
-926
537
-814
-247
324
-231
-155
193
968
366
-23
928
611
-179
-288
750
-326
581
-339
185
-436
-159
939
-741
552
971
-823
-780
972
-85
678
374
812
-739
-619
880
475
-64
-227
754
857
-998
944
463
-535
617
518
-367
-802
-268
-779
150
-686
-608
127
519
-158
783
360
266
-983
-125
-413
-67
471
-639
488
3
397
496
996
-180
-840
-784
460
-484
-584
-921
-1
-259
860
-890
-568
-592
-260
-213
797
623
-605
-208
759
910
-746
144
-114
144
901
-678
896
870
269
382
-643
690
-872
484
370
506
818
-436
289
519
376
-720
-247
701
255
-699
327
693
-241
-816
-631
582
186
-394
-294
-45
380
-404
351
622
32
-419
-259
393
621
-678
-539
717
-100
475
206
-12
919
-396
61
320
-945
-285
-781
-193
234
325
-334
454
519
248
413
-566
-241
123
-180
541
-646
-942
-679
-42
-277
198
-454
409
-230
473
651
-138
-869
-377
-425
510
688
-760
227
639
-760
-334
343
-16
-222
411
-646
-24
274
-37
-887
265
-33
144
-717
58
774
12
484
-509
-817
569
-724
-863
378
509
-709
-119
789
-744
-164
-263
-467
490
-581
-230
46
-942
-268
-926
-374
33
346
566
194
428
144
-628
-765
-272
775
-130
207
-672
261
75
-249
74
-18
-921
867
89
226
-701
942
3
-333
-441
-592
82
385
-548
841
-753
-477
-410
919
58
-940
-882
-315
390
392
366
-704
-158
186
-874
-634
675
995
-244
-931
-468
-679
399
-274
672
706
924
-532
686
-141
169
-475
-470
-167
-561
676
173
19
-154
415
883
-582
712
-876
-430
-753
-441
-693
906
-673
-966
888
-520
-299
-622
625
-140
-884
284
-858
859
-193
463
945
-825
-928
324
411
-935
-431
-778
919
-983
210
-593
320
-156
807
-750
619
-44
-859
-601
-152
350
538
-560
-933
-411
-538
459
-751
-948
-375
-816
97
8
-406
-822
-32
-717
-350
-158
-143
-467
675
311
-745
349
760
-646
-408
-362
-790
310
-111
-491
379
-355
-176
358
979
-595
-46
822
869
977
201
-270
-770
-44
713
-721
-855
-80
271
-445
-351
853
-402
561
-780
149
696
18
912
-405
326
894
-322
876
532
619
-952
-762
188
268
455
774
-899
538
-819
-890
695
-336
428
-718
-10
-576
-15
-901
-535
51
-783
-603
910
718
638
-613
156
528
-75
-205
492
-153
808
-261
-428
-269
-13
-46
465
-974
-867
-668
-159
-5
-691
-211
331
278
-266
671
219
-24
-63
-1
-2
764
853
-743
342
749
534
468
-150
-624
855
495
-514
990
925
475
650
736
-655
467
-791
643
-703
-475
-239
-277
-955
-539
-198
-445
857
407
-516
-14
-308
361
-551
569
-973
931
-396
361
602
231
765
-926
-232
195
827
-26
414
821
628
253
781
-946
92
-815
801
671
887
553
909
320
-84
258
-428
-512
793
-999
-783
-458
685
-730
308
-394
-634
275
602
-769
-984
-886
503
817
-298
-308
-893
-900
-16
-643
30
3
-183
989
-79
207
835
-414
-381
705
-599
961
100
-801
-727
859
-390
128
-403
-748
-811
-142
-27
-609
-943
-616
-702
773
296
-62
401
-908
-703
-476
226
-204
-183
696
-620
-907
652
-736
-562
148
144
-397
29
556
943
-39
-683
-487
79
850
742
-232
-129
-112
-995
-421
704
-139
899
-792
381
-554
-314
577
-263
-97
-398
-562
-380
-895
-804
390
-983
198
123
-499
-537
309
707
-313
314
-159
63
-805
54
-388
-693
803
447
-887
-725
575
663
-946
-5
793
-859
-536
-285
-333
478
-327
87
-628
-605
-964
617
770
-9
105
-53
-942
-549
-700
389
-853
-952
-288
-993
-144
-295
193
-884
44
-334
-689
467
751
-688
-682
-550
-857
767
-837
850
-118
930
441
42
479
562
344
-368
-163
294
-529
-485
635
380
977
-258
119
321
-125
937
418
-397
-211
402
840
848
847
188
845
730
11
337
979
-535
-224
145
-743
-179
-697
935
925
63
-842
4
673
-669
625
-149
427
173
-303
520
-297
76
573
686
-712
951
644
-229
-837
611
941
826
-260
414
-522
-379
2
443
-8
-444
-763
-198
-644
-954
608
883
-9
43
49
463
-880
13
-98
-268
-926
201
33
123
-884
573
-940
735
-746
-113
-616
804
191
-841
367
-191
-559
-230
-886
-837
-442
-251
988
-768
996
66
381
509
211
458
506
-884
288
311
-166
78
-646
4
316
929
-807
-380
-948
174
-2
380
356
-831
-26
-434
-129
-330
-392
51
-183
29
-722
-476
354
153
-64
-76
369
138
-853
878
-395
933
369
870
-265
-323
330
447
-165
-319
985
-855
-427
-750
313
932
265
526
582
-107
43
446
-8
-412
-140
-104
-23
816
-90
34
72
-961
-777
916
-218
-778
777
-440
846
370
106
-527
-926
-560
-281
693
-832
-177
-197
89
-781
-944
-731
312
966
967
72
78
515
-623
-771
743
-326
113
691
287
-899
-887
214
-170
-936
577
-420
258
-98
-105
492
1
-786
-956
266
937
-268
327
-835
14
-516
-880
-462
832
-462
379
793
925
-507
-26
-771
-806
810
-671
338
922
-708
-799
-634
-856
-623
273
393
663
-553
695
425
20
-595
270
-906
-764
-769
-28
-123
143
-486
-478
-784
793
349
-685
490
-727
752
547
769
344
-82
726
-996
391
750
835
-477
-323
-416
939
733
284
34
265
-316
111
50
-73
-42
690
78
-262
533
-306
727
92
-994
0
-732
708
-649
372
51
372
768
-397
954
143
444
310
588
-603
-550
-618
103
-724
379
146
-486
28
-552
-628
-157
-681
-244
-303
-986
-508
860
786
-726
215
-1000
899
-178
-114
617
0
633
-614
938
7
783
984
387
918
447
-69
-128
-78
-471
776
-224
673
-259
414
-423
980
-817
448
665
661
502
-48
344
553
-61
793
-775
145
31
681
-593
-269
-498
953
92
-176
-401
-5
517
322
533
383
1
-924
-496
530
400
286
324
-93
760
-549
-964
419
-389
617
439
-487
133
-132
448
943
49
911
667
-84
-534
520
-565
911
335
71
721
-907
-960
603
-800
-297
-123
1
-373
467
-466
-279
543
-204
-43
-425
-499
-767
336
-141
143
560
-494
654
-436
69
945
-206
-553
907
-654
-844
34
237
-624
696
-800
-511
-932
881
-553
241
-498
228
-732
424
746
695
57
-346
574
-868
-654
-240
936
-620
-219
-601
-476
-14
-793
243
82
-387
-933
891
-506
-304
501
916
-599
-110
285
-28
621
350
255
-495
622
590
-593
-869
420
-679
170
-813
-571
838
-792
151
-185
-165
270
187
435
-393
384
-507
613
-152
995
-908
-336
25
-496
606
-865
-308
500
-715
182
336
-908
-602
118
-801
350
-770
271
-265
-597
-24
720
-477
161
839
-150
-59
757
-355
-206
242
-595
-650
741
74
-508
4
-9
546
-426
391
-972
48
363
-24
-889
978
705
-797
73
316
945
-881
592
780
-444
460
-135
-501
975
-873
49
-477
809
-420
-211
135
733
-359
-135
-716
-229
299
189
610
-792
-824
140
822
-58
-824
278
-728
-673
512
382
251
843
572
-363
302
-351
-199
-475
-161
761
108
42
-809
-736
322
106
-91
885
-923
-378
-213
-320
-168
856
-145
-558
-592
-100
783
376
-801
555
-427
-471
-595
755
-974
-241
-235
418
73
898
457
-527
891
575
-701
510
299
-648
842
-95
-386
534
925
-528
81
-39
-513
734
-10
672
-33
238
588
675
162
-491
825
845
-881
-3
791
312
247
134
-823
-223
-304
-968
-567
138
-916
899
-769
-994
-54
631
-369
-513
-327
399
496
-21
900
8
-363
-419
-17
688
-6
880
813
-166
236
-178
-901
-818
-124
-505
524
204
-926
973
-63
369
-301
-692
-619
34
-257
903
-62
453
881
-163
-44
-608
-92
91
328
9
-26
843
609
796
395
-694
-41
699
-223
871
635
191
796
-57
-324
141
845
-331
159
324
-589
-138
-897
-973
190
763
-303
472
524
209
-782
-526
915
274
975
-344
234
-898
-911
-94
-556
52
451
677
-551
473
-911
717
210
-20
-289
-142
-335
-592
-349
413
75
-744
-592
84
-189
978
-32
-271
-11
-118
-148
993
-309
-577
-645
-184
-257
242
-842
209
-722
970
916
115
-443
693
631
-672
923
-599
417
487
-85
473
420
841
-948
-381
-347
-776
430
774
-196
348
-669
656
411
-897
-584
790
-87
376
-929
205
-87
341
-757
325
172
-159
-26
677
143
357
946
-351
-702
-805
666
392
-281
-451
-187
-790
-989
-724
-777
-793
772
301
-829
-526
47
733
528
757
-363
-603
743
-386
-927
985
278
-329
-767
91
-635
356
-834
-947
883
549
905
403
219
-6
388
-826
-887
694
-37
-92
-702
-163
-723
917
741
103
795
-391
797
774
731
-595
704
132
-439
909
87
118
427
419
233
-819
671
493
470
-277
676
877
-866
-126
-622
-102
636
-536
679
99
706
-953
78
436
66
913
302
65
-171
-720
732
975
540
955
-130
-638
-862
693
-706
-271
602
208
-457
934
-791
623
863
-399
-14
969
256
444
539
-679
-252
-39
121
897
845
24
-260
719
847
-459
649
824
331
-290
256
-479
456
34
-887
701
640
-364
-768
513
4
863
538
515
573
-557
-573
416
976
862
694
764
701
439
216
-796
661
-717
-687
-240
981
538
-552
293
-781
51
-134
-297
452
668
-650
-885
87
646
152
-966
386
605
992
-175
551
-10
334
-43
-446
-703
-659
629
962
861
-919
552
-415
219
-962
661
-926
122
-482
865
38
-895
671
770
523
-148
527
-302
338
78
-28
-320
-325
325
-332
241
191
266
46
-252
-422
503
-796
2
915
372
390
-204
25
-630
-789
-113
443
88
670
-566
772
-428
947
544
-46
-727
-971
97
722
-642
541
-669
-215
-888
257
-170
65
-186
294
-332
542
969
-28
-313
-132
375
661
341
887
85
-168
231
967
-671
665
71
-954
-222
517
807
-850
-377
-116
-817
-76
556
-344
46
971
-228
420
-110
903
-656
-933
-734
143
-763
-913
712
-434
347
882
-564
-794
-295
-604
-132
657
-194
377
-40
-171
-477
-314
425
-77
493
-632
-974
669
-914
338
702
162
-485
993
41
823
519
445
-453
995
494
542
-129
263
463
568
-847
648
-607
757
-202
-166
-634
-66
742
427
-68
133
964
-662
-800
-430
286
-782
-802
-632
575
-570
-637
660
770
-981
-413
-591
-926
956
7
922
-948
-2
-754
-419
-490
-238
68
-808
-23
992
528
-364
-103
-410
-457
-22
293
812
190
118
-838
-990
812
695
978
137
-210
-225
-279
939
-123
-435
-623
937
-694
965
715
-481
-719
25
614
-635
907
439
-988
469
-107
-882
-937
307
542
781
-772
-402
86
-966
77
370
-942
-916
458
504
-260
-266
-510
123
-8
-367
-341
390
545
292
-207
-657
801
610
587
-725
991
497
-871
-611
355
594
-823
414
-635
-942
266
-262
-876
988
39
37
18
952
741
-568
-596
-748
744
60
104
942
703
-382
-473
-341
-928
764
-550
215
-98
731
304
362
-921
-441
445
898
-950
-188
615
-189
950
23
890
360
-83
-555
988
-540
887
20
42
-566
-717
-335
-799
565
-120
637
-744
853
-518
-764
954
-201
-328
-389
626
527
499
-890
-288
4
793
227
-728
-727
-322
54
-167
-716
-900
-302
251
-564
641
513
178
-988
839
288
159
798
-126
-822
341
78
-254
847
937
508
-537
737
-526
-971
340
11
-512
-737
-451
255
-182
-857
778
-662
-97
489
-386
901
414
123
-303
-149
417
711
968
386
-956
-382
-393
-344
884
-130
397
476
930
-424
-883
661
-330
47
-355
-941
-160
770
-793
640
-950
-284
-723
-269
698
-896
425
-799
-620
-814
770
576
-820
361
-613
681
-344
-488
-746
985
-813
851
-826
836
-34
556
-686
-537
306
410
837
-775
305
-254
418
-916
-790
917
852
310
298
-90
-796
711
880
822
148
646
329
270
456
-20
618
-904
-76
-787
-932
987
-896
14
-110
417
489
263
70
310
961
711
-991
575
-426
-898
857
597
-896
-68
452
573
996
611
-69
869
358
539
811
812
-949
-222
-396
734
-948
-211
-748
492
438
-64
-738
180
-113
-682
-76
690
787
-642
292
-573
-852
338
-787
913
176
-923
-669
-416
-348
776
-872
867
-225
792
-965
-452
-407
24
93
479
-334
759
285
785
863
30
54
-110
735
-120
222
-972
315
270
-593
23
-644
-946
-653
35
-777
-105
-776
129
-637
-780
819
-25
-965
-253
-848
-258
991
736
440
-79
133
899
-549
483
-259
-990
-979
-867
178
-428
-147
788
-708
932
320
803
466
670
621
458
-580
121
-95
211
-121
529
146
940
370
-433
-63
-618
-810
-312
361
985
562
-417
-700
-750
244
647
924
266
451
-582
383
-236
233
639
-693
-782
942
459
25
228
-768
775
-297
255
-753
905
461
806
-76
66
209
616
-750
-189
934
357
-43
-867
895
-754
790
-76
946
-104
-704
334
935
445
797
574
-208
-33
-742
888
-766
250
378
-448
-239
261
214
-44
346
644
-943
-910
-439
-547
-487
967
795
52
953
-730
-866
518
-196
-367
789
830
861
70
344
-136
-646
217
456
832
342
602
-993
566
-131
-349
-586
-768
962
-863
496
283
-316
364
404
-416
-560
292
136
-961
-224
426
952
827
-607
424
166
18
834
-418
492
262
232
-854
429
605
79
-509
-599
-270
890
-894
127
-827
587
414
-84
38
863
418
-334
393
465
-227
-347
-250
254
-810
159
-527
-648
986
738
-799
692
-60
-995
-689
-81
-345
808
572
-99
875
-694
-961
145
-462
58
-310
745
981
18
280
-991
672
751
-587
120
454
-11
489
-416
802
-208
-845
414
812
549
751
-351
356
134
627
127
-881
-715
-340
219
91
448
159
355
720
202
302
534
-348
-245
-246
595
763
-115
335
-116
-102
247
-31
-311
374
87
833
-919
14
712
-308
-188
-798
-940
512
780
-114
-526
-709
-863
-89
160
2
243
-592
-964
-998
802
-807
876
663
-78
-523
270
655
843
-985
-663
-886
-916
-983
-126
-55
319
808
-37
-273
-376
-257
-523
-320
359
686
119
181
-563
134
759
-519
395
-412
-348
-188
-667
-728
-26
673
886
658
-579
-131
-899
168
39
447
-811
-267
606
-34
-93
-511
973
932
-584
-23
722
301
-250
603
527
-53
576
241
-709
-950
889
-553
-714
-37
-945
-902
441
-913
-80
127
379
242
-246
478
-815
-47
-79
809
-51
41
873
-996
199
942
-556
-45
281
-428
-699
-846
947
926
803
-907
-561
849
-135
405
-416
387
346
132
-892
853
-142
885
968
-965
215
-277
-38
-140
878
796
-887
-262
-325
-783
264
808
496
973
-350
963
838
-745
888
-138
698
-810
-618
-802
-530
-647
579
798
-272
-656
-393
944
728
266
967
-87
75
380
-901
152
-131
-694
593
955
627
-843
827
-419
-90
81
-909
-448
548
818
-786
-493
960
594
-866
784
474
-910
-718
805
-23
-677
344
12
708
-417
-925
537
-672
-415
7
-912
-828
-546
-719
305
-856
-794
-108
929
-228
-149
606
886
-923
-315
105
-482
914
847
-739
-531
716
674
-861
337
-596
283
-812
867
279
-980
-353
-435
-28
-900
-262
322
-993
27
-48
15
-762
-281
473
-276
927
-668
983
-738
-724
-261
-4
396
-105
418
377
428
-552
-924
-590
-950
214
476
829
-876
-806
-685
-647
965
-577
-668
763
-756
357
-904
755
376
-715
-156
797
-366
-546
651
99
791
-562
320
945
-991
-452
-196
-815
-511
-430
-616
-748
-134
169
-600
-207
77
796
692
312
637
750
564
112
-290
-600
312
718
-369
-582
577
279
113
-445
655
492
115
924
-120
-412
-52
-146
-462
40
-764
-460
141
-584
895
-933
864
-21
294
325
686
-461
-669
-323
-43
879
-678
-378
-109
-326
735
60
853
-223
776
59
-611
-639
-288
654
-961
623
-124
192
104
177
-19
-321
-628
137
411
638
603
-542
-453
-711
-418
883
917
-812
708
-255
196
796
468
386
642
367
574
411
752
39
-878
-854
-209
-415
764
-304
-786
284
-917
-314
512
-163
-787
128
-39
815
841
-881
229
-376
648
-143
-507
663
-640
-573
455
106
111
470
-736
-644
-624
383
-679
522
173
-407
467
599
-142
885
-151
197
-999
17
161
-988
-984
-121
334
-376
867
636
-91
-478
670
-631
473
625
468
-426
197
17
-275
-238
-410
273
-417
272
-829
-894
372
-821
-167
-660
564
-39
-265
955
911
-706
-269
-858
313
-8
104
-256
-638
839
909
615
-767
-529
-670
-726
205
294
-455
-472
-921
792
799
-845
887
203
-826
-188
833
572
-672
312
-93
-232
362
103
367
-169
707
421
848
-126
327
818
698
373
-4
684
579
-368
-952
308
-313
487
-227
958
429
-102
-717
-111
-460
-449
-272
-545
-824
170
822
255
999
-562
201
-202
-581
-818
987
852
708
877
758
-438
675
371
678
-887
501
-448
928
981
-374
155
723
729
785
-332
-6
533
306
-760
-918
482
375
-206
-850
-459
-56
-610
-195
258
-590
-663
-27
-760
-845
724
54
906
-652
551
-483
190
547
867
-405
862
492
-528
-142
28
788
389
-52
211
-734
197
311
296
298
-522
369
-209
-488
302
-580
-150
-171
-154
-531
-483
104
-624
727
732
-756
-603
-928
-955
618
-521
-964
507
-621
-635
-818
-793
796
653
248
131
951
-565
-486
-607
314
752
351
501
-306
478
384
52
-443
-416
899
-876
361
-378
276
-846
-643
749
-354
-29
99
-915
373
530
170
-611
19
40
816
-255
-210
762
-276
-605
-573
-740
641
-592
289
436
-128
-407
-796
233
-723
-311
204
-807
-709
-825
825
762
567
849
357
344
-978
488
895
-963
-564
-85
815
847
754
-468
-341
196
-413
318
677
720
-597
-16
-34
703
541
883
-548
-818
583
855
-13
-173
388
-572
434
189
-594
-764
-147
-987
-579
558
307
-652
-479
509
-517
-145
392
-17
432
-946
540
233
854
-710
668
-920
-889
-140
-939
-334
-545
178
941
-629
848
-252
-68
532
-605
837
760
-915
588
-515
91
-197
-696
931
323
-219
678
128
838
248
655
-881
175
843
-301
-560
-423
732
434
-389
-201
937
947
-750
-818
187
-380
-144
208
605
-657
-387
-346
746
870
419
889
564
347
987
109
65
574
720
-742
-944
-157
598
-328
-966
-577
371
-394
547
-577
27
-713
815
373
650
-630
-31
688
682
-411
63
599
-924
-658
-446
-205
-333
821
921
870
-412
832
-932
187
681
164
270
-854
189
-754
28
-232
-717
-404
-333
9
-697
-966
78
-812
69
-196
572
562
-856
661
-592
-639
-565
-382
834
315
44
758
499
926
159
275
510
-552
-66
402
-199
-431
781
-321
715
-235
-965
196
-553
892
565
271
535
-248
-747
211
-332
-597
-23
-87
641
-62
-850
112
-680
-495
410
-792
444
-708
24
-889
-434
-976
814
325
-37
-436
-517
59
865
863
781
883
274
-145
175
763
-318
83
-641
-980
-181
-418
221
-286
656
-759
-609
-793
-274
619
529
480
-851
823
794
-381
-282
962
-550
115
16
-416
-592
394
-557
475
696
-989
477
-418
114
-111
50
-780
621
351
-370
-600
-527
836
966
-824
-915
626
-67
-981
757
-868
914
-948
-931
626
951
-605
-493
618
-900
846
470
-963
250
65
-603
-629
364
615
-125
187
919
-381
-250
-973
170
40
-690
-335
-752
-623
803
-92
386
-722
-441
-118
-822
-885
-662
70
-45
-145
-436
925
668
-642
94
622
-469
91
161
-116
-818
478
32
-295
-340
-482
-230
-784
650
-821
-441
319
-22
618
860
-368
-162
-146
-775
626
250
991
-65
-264
88
-438
223
-546
-555
-347
-34
68
-616
-755
260
121
962
-258
-700
-924
-240
878
-602
193
350
-794
512
-233
-857
430
-685
-142
279
324
-878
-494
-639
-503
-115
463
236
-680
-485
-777
-376
-700
438
-122
527
-3
-416
641
438
718
100
927
626
678
759
340
776
208
-738
283
-867
354
345
-625
540
431
396
-74
-570
-647
78
171
-605
-682
202
-90
838
974
227
906
-881
975
789
571
-550
124
-858
-453
389
841
316
-321
-273
-885
232
738
300
576
127
-458
-107
283
346
258
-116
729
211
732
-707
821
-112
-892
-160
932
556
907
346
-513
-224
-833
708
843
529
804
531
-10
-349
-528
-330
-529
428
115
175
114
-381
-688
-776
-256
358
-67
695
-473
-677
-893
-932
179
414
-30
967
-272
714
-267
134
123
-573
525
-308
756
415
-820
-226
66
949
433
822
-541
-755
-805
-566
142
-441
955
-232
984
-792
298
-776
-417
-768
436
867
-731
-714
320
-31
-179
484
702
-610
-165
495
572
934
-21
463
212
-96
786
637
-299
551
-440
-230
636
99
794
-852
510
7
939
-61
165
707
146
-710
790
-519
-716
265
139
477
-353
-536
-143
37
112
862
224
160
-879
6
-62
451
-749
-173
274
-306
707
-646
-349
526
-996
542
378
571
666
-902
-183
65
-714
-410
-312
-900
-605
-372
-830
61
-973
-75
970
538
-890
-563
-520
-735
161
-843
867
-340
439
-489
-420
656
-617
-13
101
-417
961
664
-979
-754
-682
191
-390
-495
379
-31
-831
355
793
105
68
641
469
452
-440
-154
487
725
930
97
233
-43
-82
-926
-626
727
-340
68
-724
-406
888
-109
311
104
-45
-481
-84
-453
-797
-454
-106
-274
-172
987
-95
-319
889
-939
-807
-505
-444
-879
109
58
-995
871
-842
-338
-622
-772
446
-861
75
-843
-449
900
281
-22
841
-180
715
-106
-161
-40
365
-181
-322
-520
-499
194
-645
-577
635
-96
-616
-295
572
-732
643
-340
619
908
-421
-377
173
632
-640
-344
959
374
198
794
-850
60
-939
923
195
-987
33
-869
-663
-174
305
672
668
-910
-307
-569
384
-164
57
-187
-661
-423
-888
-197
-992
335
-721
-184
409
199
-936
-744
-80
944
-401
26
138
909
-787
64
161
-887
-66
-401
-132
763
-415
-586
-467
-588
684
-676
-153
741
121
818
-583
-434
-688
-729
-533
-543
594
-230
-299
69
224
-438
-9
695
-298
458
440
714
520
832
14
-337
-89
620
-410
-240
-673
-682
-799
-522
416
672
908
-982
775
507
250
168
745
133
144
-608
-4
303
156
-873
753
237
627
-806
113
-697
-746
-750
-157
493
48
979
-712
503
-881
558
-860
954
-36
-617
456
-634
-776
-144
-896
156
-971
-588
166
813
751
-127
-270
30
-139
-708
159
-88
-808
-504
282
-997
-369
-223
825
883
-205
-13
134
82
-866
280
967
957
299
270
972
803
74
6
-684
296
-333
825
-613
-192
500
-443
-380
-522
792
453
-705
668
-346
319
-808
-211
307
-681
-68
446
-315
865
-664
-652
-234
676
32
-401
-63
153
136
931
700
275
195
87
-415
200
741
102
-245
381
951
931
778
-63
-201
202
-13
-144
649
178
470
871
863
398
797
-553
624
258
-337
146
983
323
750
595
603
-489
35
-630
967
108
707
357
69
149
878
-358
603
94
485
672
-286
-352
117
30
623
-912
964
-613
-335
-334
-697
-715
598
620
-323
893
585
-651
524
479
380
-436
982
847
-819
-172
71
575
-135
-179
942
61
746
14
134
-183
-2
814
-800
420
518
243
750
-187
183
-254
-418
229
-640
20
-559
522
-231
-135
-201
-400
-348
-234
617
-989
-653
426
419
810
806
-705
-308
285
734
-4
-573
-569
-893
951
104
-362
895
-584
388
-305
-315
-520
-331
639
-143
-232
-22
669
-994
255
-136
-933
-978
587
263
-998
-279
-776
156
973
-907
-402
451
-74
685
404
-936
-115
-494
99
258
703
555
102
-691
963
458
669
819
40
-179
609
775
442
973
-366
93
-45
263
-852
457
94
821
663
51
742
136
-802
-13
638
-637
631
-146
954
135
705
877
170
-857
-20
215
294
135
290
795
85
-602
-76
-868
616
405
-353
216
-93
-29
-531
983
-132
694
-9
429
108
-8
200
-117
-446
-676
-435
329
-441
779
921
56
-20
-352
341
759
-977
972
356
-267
749
886
-91
541
-335
-621
466
-701
-582
-850
-363
57
219
-476
858
-562
-996
846
-145
-268
894
-948
535
-548
-932
-453
14
-80
525
-206
-888
-323
-955
399
467
-853
987
-199
-230
-485
-970
49
-117
236
-16
714
-304
569
445
978
-759
-109
308
732
235
774
-388
-804
66
-406
-110
-594
-462
-151
614
-861
635
935
-618
-343
-613
-957
-414
853
589
89
-593
720
-561
114
935
-261
-431
377
-515
-415
-23
810
590
216
-876
105
643
194
-505
891
931
-378
372
997
-378
-922
-489
528
996
-258
704
182
347
936
107
348
719
430
-949
331
-740
781
-555
972
-984
2
-936
-352
-477
4
-741
-263
-496
573
-817
-215
-979
678
-317
501
-274
494
-729
85
-71
839
-200
779
-422
-18
649
-611
-538
-347
-669
-784
764
-530
179
675
343
950
-527
518
257
-629
162
-346
930
44
723
534
-554
-932
-266
506
-868
114
-503
-653
682
-993
513
-398
-386
733
566
411
128
-351
888
568
-749
621
-929
998
-742
-779
496
-544
-937
235
-949
7
126
-743
-79
603
985
-629
35
-56
725
550
-106
431
-583
-999
707
896
982
-450
987
-303
-102
-995
-57
94
-241
638
-563
-915
161
-456
494
780
-100
763
493
-391
-285
-953
986
-418
141
-649
636
-440
218
-931
270
-510
324
74
-432
-573
257
746
-642
560
468
250
877
-401
675
-504
946
-871
-269
-26
141
-101
-385
-999
-526
810
-872
-652
632
64
-458
812
698
-953
-355
600
252
-607
-181
-40
760
-286
301
158
-619
490
833
-723
393
643
134
-355
181
467
-784
-57
303
-802
696
-893
-691
588
736
-4
973
-254
100
317
482
-112
-980
-453
-856
726
606
478
-360
-76
-800
-996
-313
-436
363
452
-566
-618
235
-444
-556
544
-237
536
975
-832
141
992
-135
808
-129
588
262
-700
937
118
-589
-750
-485
-260
219
-337
-316
121
-382
858
-251
159
-914
-280
660
-252
-938
-861
-724
-698
-397
-881
673
603
243
-741
481
-55
252
880
502
-97
-131
