7066
202
335
54
-676
859
932
-157
87
-41
142
-735
-236
344
-194
-657
50
653
-336
-128
566
566
-203
376
924
281
-193
-941
311
415
827
514
570
31
-215
-813
719
148
-953
-773
-124
-211
731
579
-378
193
31
-20
933
428
663
-863
551
619
814
216
680
416
-66
420
335
274
543
-534
-260
-603
631
-963
718
961
-129
-104
-943
882
518
968
452
219
718
196
-664
135
-604
-71
-315
-290
126
614
455
-768
-275
-927
277
721
-846
453
322
801
765
-743
-356
918
-976
-659
354
873
466
-141
-429
410
815
184
-158
-159
-323
-946
197
818
-919
855
860
988
-944
-416
46
302
42
-1000
-465
470
640
955
591
520
702
-209
-468
-985
-988
618
727
19
-906
-178
660
-161
483
946
475
-163
51
-273
827
-71
-726
-572
-50
-993
633
-714
-712
-502
-637
-425
-103
-951
-291
353
850
288
367
-832
-44
569
743
-327
436
-764
-979
11
-614
322
176
353
-135
314
-689
-288
-935
-601
133
-925
672
-706
523
673
-865
975
-687
-888
968
631
-808
-152
157
-896
-186
398
132
742
-292
763
-40
118
661
1
-807
965
-924
42
642
-150
-560
-524
-709
617
-308
413
-187
557
143
-185
83
913
626
567
200
572
295
-432
-629
263
-585
-393
695
-549
-796
579
559
156
-179
-60
142
524
832
-739
-67
797
953
606
990
823
-983
-670
453
610
226
-926
39
-495
-962
-412
-742
-245
384
-524
700
551
-846
-132
767
-269
621
-989
657
513
-761
144
907
-49
-425
-118
-497
49
4
766
980
-835
-629
-309
-449
835
-97
669
-217
-521
-597
692
-598
-323
-781
384
-482
-913
-999
-933
607
429
475
-797
-169
562
297
-477
-899
-208
468
174
708
-825
930
-233
-509
-457
223
-145
181
319
-979
700
791
785
-693
-318
-321
-556
-796
640
124
-203
223
-214
-792
-533
708
15
-999
-762
750
-378
-217
900
-69
938
-535
719
720
159
568
694
-407
15
-235
903
-609
294
390
806
963
870
59
-804
-138
504
-785
270
-357
144
-38
-887
964
-613
-301
-809
953
-248
-221
241
-953
-960
309
-814
-972
-253
-519
-269
-319
-303
-456
-680
729
-95
-319
-90
-234
129
50
623
-973
-597
-110
492
955
-671
171
805
768
405
-154
-848
-56
759
-705
564
290
283
567
-231
-169
-922
631
-305
123
549
754
-25
-574
-374
900
-175
271
116
-345
-830
776
218
-476
722
-891
-700
-826
176
551
551
-150
483
-90
-694
-654
-850
-797
265
-454
590
476
-282
-862
787
350
326
697
585
-364
47
219
-942
-371
717
897
-575
-724
-389
-746
181
585
196
602
-895
21
870
-784
516
-886
271
-366
-694
-927
327
-172
702
-803
-758
-138
-790
-667
848
674
653
31
651
-394
151
632
-691
-196
420
-112
-941
-204
563
674
-207
675
145
-799
-357
-107
151
-163
510
-723
493
629
-775
174
905
-649
875
306
-744
-29
778
87
376
-114
253
-326
720
-559
-57
-5
-996
289
-655
-64
-184
-710
-30
-11
-248
421
205
449
-685
-903
-681
-363
-150
-387
-396
-563
-680
875
718
-359
215
145
160
-11
508
-15
-187
339
353
-680
264
523
574
-837
-585
-39
-654
445
25
-604
-637
589
-855
-529
-320
508
-289
536
-880
-195
905
-946
953
981
459
544
30
-846
400
-47
774
-776
-821
871
-299
278
-465
-558
-935
-920
-505
-726
-957
-219
-62
-607
992
328
-545
231
-668
-884
370
-675
2
-432
432
673
857
-470
972
88
382
424
-818
-23
-638
705
829
-426
849
-566
25
-362
231
85
-377
-274
638
-668
970
-418
-888
-21
986
-281
-235
-109
660
650
834
11
158
-932
-466
265
629
-842
-726
703
-907
680
-291
984
452
-227
753
401
-981
-198
189
708
610
-160
544
-384
-201
-174
807
677
635
176
-389
-357
-71
-159
-454
-606
-140
335
96
-957
284
-916
561
-490
12
-701
-202
173
-989
-454
-174
-195
508
131
944
-83
-531
-703
-485
-728
-919
-617
-919
412
-526
-132
581
-828
974
555
-72
-829
533
55
467
967
229
-244
-645
685
-911
-416
97
387
-164
489
365
-936
-162
632
-42
240
-958
803
-63
500
-420
800
-396
-122
105
-868
-842
82
196
-932
-267
271
-350
987
227
181
396
-637
-67
329
-265
-473
121
-508
-367
-100
460
-78
729
807
886
613
539
129
459
-294
632
696
654
819
-818
255
780
-220
-967
982
-622
-887
949
964
651
340
671
-768
-534
245
-137
-97
497
289
548
120
940
773
820
756
589
900
782
-95
-507
-420
71
-715
923
455
-628
511
-500
157
-974
345
-609
-937
392
-327
931
398
-874
-8
424
-654
357
-310
711
-41
186
-421
239
-951
752
187
-451
-528
513
608
455
606
-447
-901
-443
822
375
629
876
-793
-40
967
-184
277
610
-856
-474
-807
-622
-255
-517
431
530
-931
69
797
-365
-900
924
-397
-574
198
52
845
26
-787
-575
-234
-537
460
-425
407
-206
556
-242
205
-178
869
430
-551
685
96
-115
-144
-961
683
178
963
681
630
-587
-231
-242
-293
181
-680
-947
-805
-475
-638
438
66
-60
412
490
108
-25
-230
606
322
-282
342
235
-612
336
-944
6
-853
-325
-289
-329
-450
-612
454
-248
705
-513
577
844
871
772
-34
713
-676
-26
-183
371
-35
9
256
-233
-61
79
-139
-816
890
-441
370
-662
-481
468
438
-735
712
-795
446
436
-946
-587
943
156
-906
-479
79
147
349
-158
899
-781
721
-457
-877
-132
476
432
106
256
875
760
-934
-177
-402
896
876
-837
264
-572
-475
-745
-59
-435
-124
-271
315
610
-969
968
682
380
109
492
141
901
-457
513
-270
-885
-536
-225
262
102
892
-790
41
420
-28
841
289
-770
879
740
-837
713
548
879
-212
-629
-661
589
-59
887
780
-381
21
-313
560
43
-40
-843
692
-495
717
134
-389
-370
422
-221
-477
206
424
-394
-816
-656
-573
-387
996
-6
859
-482
48
918
132
-824
564
188
29
-847
434
-995
643
-671
353
378
598
234
-259
-273
-168
-14
44
720
-399
-529
300
-354
321
-897
599
533
-627
16
88
693
714
-46
-696
-261
88
359
17
396
517
452
-76
750
-157
824
213
594
339
901
932
545
-992
-833
151
-798
345
832
-974
470
-314
-666
169
896
-212
298
588
388
795
654
17
379
-924
-750
960
-48
-712
-462
71
59
-164
-176
622
-649
-711
-103
-187
769
-433
-361
-439
-65
-566
-141
549
603
877
36
-27
-581
730
-999
-762
-577
51
-546
874
-922
107
-130
-457
76
678
-106
335
308
255
-718
26
334
-376
550
-49
774
-196
-997
-174
137
-527
-300
-297
-124
153
331
-940
619
119
-483
-987
-238
366
127
345
-117
-59
-308
-534
-371
-569
-324
-918
-754
583
-462
825
-163
-735
578
-990
558
108
445
-715
-173
427
-310
192
-397
531
755
-426
-503
-154
41
-767
-564
302
-59
-28
-698
-187
-819
25
-220
337
687
-614
537
557
-196
267
-961
-93
-460
-972
-949
758
346
476
-116
443
803
-112
-464
439
625
-748
130
883
231
-304
-172
-371
-104
-772
-124
489
272
86
-449
84
-706
352
95
72
-180
727
146
780
-787
-307
953
-365
674
120
729
-843
745
-460
993
-918
723
931
-72
34
-80
-315
483
899
666
115
609
810
-390
596
243
674
-230
498
-694
466
729
-249
750
-832
660
226
-983
-685
-937
-122
-82
359
944
33
841
-374
-340
633
421
-333
224
-142
-684
722
-842
-51
510
82
-542
-309
344
459
-912
-705
-512
-219
-980
-143
388
-618
798
862
-692
-292
-208
-675
-294
-409
-595
-467
-724
-355
871
-54
-5
-367
-299
-626
724
990
504
-877
609
93
-952
-649
-749
582
207
809
893
946
-366
336
416
-305
-200
187
-353
621
-664
-925
510
630
-93
-740
44
363
-549
730
-230
617
-801
1
391
-406
868
-971
713
887
241
-49
490
107
-377
289
-739
-77
-901
-48
603
354
-494
208
367
-31
328
127
-406
-796
844
887
-605
791
-229
-681
-481
-505
984
-437
-7
-819
325
-825
526
581
465
-237
311
-99
-258
224
-444
200
-227
-407
290
371
793
-940
216
-641
589
552
212
-371
930
-759
733
248
232
-770
-92
635
-160
-540
-836
227
-507
-5
563
-433
-267
-290
-612
-571
79
608
-37
958
-725
322
-228
129
-64
-367
-272
30
-634
156
837
-384
-183
371
80
565
646
203
698
-358
-859
-418
788
751
707
479
905
987
427
203
95
-952
705
-949
-664
-98
43
-218
683
-114
-756
163
394
868
-835
-244
385
816
522
-865
-262
-178
-153
910
-337
-767
-323
-330
189
-498
501
588
529
356
-512
611
-302
-534
849
-997
-230
-415
-873
355
738
-311
-582
-113
-999
655
977
-860
-831
947
-642
-192
-473
-393
-633
-904
-403
-956
-654
-759
453
-425
828
-609
172
905
934
852
-400
44
-532
896
336
-352
-365
223
-993
-458
431
496
516
236
62
-7
672
887
724
424
317
-481
-492
580
176
788
-136
-765
-437
-834
-994
997
2
-318
-689
-883
359
-304
268
47
-924
57
-473
596
309
-241
-677
251
207
900
970
-229
-847
244
177
-397
757
367
921
34
979
142
717
18
323
519
259
766
-980
-500
-871
-491
-82
941
62
-425
745
-114
-406
-628
-793
947
762
-828
-291
743
316
-231
-791
-164
-381
64
792
-323
-297
-321
823
-672
941
696
52
-137
-673
-189
-831
-891
-905
-485
819
589
477
398
-19
550
-741
760
-572
-340
-967
-439
-561
160
-199
130
-194
-577
-47
-320
-557
-913
993
-961
-399
-410
512
415
831
133
-616
516
569
-430
-374
391
436
835
751
58
812
-42
-180
-823
-420
-962
160
284
-376
807
-194
121
586
-37
-238
-106
792
-115
-478
-612
-689
-526
-174
-601
-914
-737
-524
570
449
686
-918
-145
-105
-6
-791
124
355
-710
140
577
60
203
-830
-978
225
229
885
-734
365
735
-504
638
-606
399
-484
-265
470
-359
-369
-966
743
473
593
378
-741
412
4
486
664
600
944
-74
909
205
241
-317
-389
-333
-882
566
612
-110
-554
664
238
-48
520
-775
836
356
-321
-851
362
346
-104
-192
186
-144
-366
-566
-160
221
-991
-642
-530
817
-193
508
-931
552
912
199
-15
520
672
64
599
441
-565
401
-259
196
248
742
-994
308
291
-315
-422
-567
966
478
190
812
579
430
212
45
577
-626
986
-72
320
-712
535
-42
-982
-503
896
-449
264
322
-986
-211
15
-792
73
155
549
-756
141
365
-588
-395
327
-886
-439
-791
292
35
201
699
-762
-985
-190
910
-804
-193
345
-889
861
213
-875
64
-591
-878
374
-695
-964
-204
579
-774
40
254
736
-317
-163
233
616
4
384
-311
45
-232
166
490
57
636
483
441
-993
-978
387
-65
275
272
211
-376
291
-788
-995
722
-207
146
-769
-511
94
-708
871
-177
-252
434
93
-239
112
-839
685
-876
58
231
-369
38
-206
-750
69
466
457
374
880
115
-247
917
-33
89
-686
872
550
505
-814
-540
-9
335
-336
360
-513
191
-522
-269
191
-518
-712
-862
677
11
869
471
7
-144
-759
-491
716
-810
236
-888
391
-274
411
945
-864
-356
49
-705
-815
-354
177
-902
618
409
-525
872
305
-322
761
402
154
268
988
-479
-514
399
-888
-878
-965
199
-352
889
-664
451
528
-911
611
460
-563
705
-727
814
59
250
-702
785
267
-82
-538
-858
478
-85
432
-435
795
-44
429
-221
153
448
769
-184
-70
876
-841
-913
-92
651
-62
-258
-740
-930
-252
-971
305
719
-678
140
403
7
643
-155
-434
336
-20
-63
-681
-876
569
686
337
836
-591
862
668
469
-809
67
748
-428
-256
406
769
410
662
-889
-440
-325
952
-434
-819
376
891
-464
-37
-491
-622
-963
674
405
149
950
68
609
-863
717
-276
-777
844
693
-709
591
-429
-681
-480
393
370
662
-236
530
895
651
-129
646
323
-966
-854
-913
-810
437
786
-373
694
591
453
-644
-653
-136
445
89
395
983
-474
209
-371
711
-34
-753
-452
840
792
-54
-974
502
-964
-940
-610
-713
-641
-238
427
-163
-390
-70
-449
331
-647
-536
-99
-795
-797
-484
7
-16
49
125
195
520
349
-543
360
-48
-215
404
374
340
488
613
-832
-565
813
945
-441
648
-386
-137
-444
224
916
490
-175
438
-958
-235
916
449
528
136
-599
671
51
-639
140
-861
-294
-986
304
-759
39
-289
-450
-69
809
-592
477
428
-830
-60
-470
-47
-502
901
-204
-193
463
-40
615
-496
166
214
419
880
419
4
-23
531
-352
-716
146
-71
654
596
-133
-871
470
-923
64
-965
906
-634
372
-158
814
878
314
-26
572
409
-156
-432
584
874
453
510
752
14
181
678
15
417
-319
-56
400
554
-932
-580
-487
-223
838
-6
619
-783
-26
728
-988
-567
823
-402
415
492
285
661
-599
600
899
542
593
548
179
672
-309
-414
529
41
208
404
-28
-603
998
443
-223
-884
-264
-438
-955
-538
-894
-231
191
-598
907
757
665
-76
366
853
-223
-764
-473
-440
344
-221
-985
426
870
-31
84
597
-921
298
96
916
-474
199
-956
-381
-27
464
-934
482
-826
-513
484
697
249
160
651
-683
387
-668
231
-913
-921
-683
-536
-194
3
-652
-881
723
218
702
733
-29
-807
925
677
-847
952
-502
-464
649
-928
289
526
-790
755
61
803
-213
828
578
678
-34
-988
-103
897
-831
-338
-410
-747
-447
-128
85
-226
169
814
323
767
-967
-475
665
377
-766
-688
-621
29
509
11
-65
348
875
450
977
-298
-553
-12
-493
-729
-904
570
442
-453
499
222
884
-326
-707
-935
653
-924
-51
525
-848
-7
256
988
506
517
-826
371
-773
39
-982
695
-986
-387
960
-502
616
-898
902
-486
-315
195
317
-249
574
787
-335
-306
494
937
-509
54
-684
564
280
-682
-357
683
74
786
596
587
-292
752
-939
158
-533
-661
699
-438
992
-797
987
-941
-189
-433
151
-802
-311
-207
748
51
77
-380
-537
413
-211
-636
455
786
-453
-279
-674
970
-396
-510
-814
957
622
762
-688
-898
-342
42
-256
-66
952
-245
387
686
-118
901
-647
181
-47
409
-145
505
52
-744
-859
430
863
-258
702
-536
887
543
128
927
-485
-148
-932
-418
-777
337
-232
-72
-222
270
615
680
-537
784
218
883
577
-724
-369
908
224
551
-856
579
472
837
951
-325
-344
988
101
54
168
-604
-382
576
395
-275
86
693
-188
221
-842
-592
-443
-444
162
609
-349
254
492
-23
-762
933
-877
-475
-644
561
-323
-379
-724
-483
-893
760
968
390
838
-346
-741
786
-817
-887
-30
-549
996
89
248
727
-985
-45
906
-555
600
-267
-183
390
-949
-72
941
-234
-604
-517
246
-747
607
-632
-338
167
-388
373
-229
-476
-777
681
-64
-788
-794
-376
-925
-229
891
637
-951
-219
297
435
-258
798
-220
865
689
552
-495
752
891
-630
-468
106
-272
-214
-775
240
-754
-185
-750
-265
-574
917
-962
-271
-741
661
-189
-92
534
-256
-909
57
-56
-431
977
947
490
-436
519
-71
462
-657
944
-430
161
-173
-240
-436
57
463
371
265
701
553
-461
343
-397
649
851
234
-396
-963
696
-231
-964
-477
-280
-495
-434
342
-774
-614
116
247
205
-876
884
743
885
749
-625
-465
-321
-414
595
365
742
63
832
-757
798
53
-313
-403
62
-601
-627
-345
-325
-911
-784
-279
-17
-410
193
-136
984
948
175
-166
220
470
548
-227
634
-954
41
900
61
-563
901
-225
362
-440
-46
-890
88
-280
720
-221
-465
-329
323
457
-600
514
888
-588
-763
135
517
-978
-22
-164
750
-965
760
-631
883
82
-805
932
390
937
457
-185
-421
-484
330
816
281
281
631
981
349
-677
588
-79
765
96
551
80
122
89
-574
947
-98
303
989
208
869
-516
-604
713
-663
-499
400
-73
-139
-126
809
707
923
590
-439
448
961
242
-516
841
549
-127
179
515
770
-129
200
974
-821
123
556
797
-636
-266
92
495
623
286
67
858
404
-932
744
-428
346
407
-121
909
98
898
-658
268
-556
137
542
708
17
323
-191
642
-634
-924
-118
-346
-62
66
-728
972
223
738
549
-570
460
-545
283
-232
-21
-362
-378
-81
-506
272
-587
-706
397
285
601
967
-518
-263
-736
-365
-138
-834
-389
-754
500
-522
-69
386
811
155
651
350
561
-370
-969
850
354
-80
490
10
752
816
-683
468
5
785
-581
944
451
-234
441
996
-3
285
211
-407
-626
150
522
-747
951
-113
121
-970
487
-195
-193
855
-158
-215
151
-974
-892
740
-734
-254
63
232
983
-460
-209
-531
160
922
767
-987
326
-213
437
933
-185
-582
232
-880
371
-270
-830
-415
503
-101
0
485
-384
-949
-714
-350
-159
-196
703
808
160
-971
354
-589
106
24
-991
378
39
200
-741
-537
232
-635
-495
99
-419
598
710
-115
-829
-687
863
151
-374
-470
-22
-306
-491
-299
587
-172
-773
73
-63
315
-182
-604
-969
-288
539
261
790
-127
768
-486
375
-228
-358
982
311
198
968
510
724
-91
921
385
644
-645
882
-686
916
527
572
-461
-338
697
-588
-448
-124
410
-10
-27
-552
998
-668
604
-930
623
895
583
-135
-833
-375
-954
-846
-14
-591
758
-344
653
589
247
273
-241
326
-553
686
834
-867
-880
-436
-802
619
-165
-537
-389
311
-656
-535
992
-704
988
-768
-659
-982
396
46
-831
-74
556
-422
-199
121
-617
451
678
-882
-214
677
761
-424
409
-204
126
848
269
677
-333
-435
569
125
-589
-975
584
-384
-653
-977
-586
603
39
-53
327
254
-734
-294
807
993
361
-951
-850
263
-925
-199
-689
336
-753
-313
-450
24
-478
58
781
141
188
-122
321
-50
485
-883
549
-834
-695
-923
187
-600
829
-955
-934
253
636
-696
201
-264
243
-236
-746
675
726
181
-861
-254
-835
787
893
525
766
-142
-565
428
-88
967
576
-534
617
-696
124
172
-195
124
565
459
-509
130
-2
653
-578
878
321
449
693
174
-242
-119
-345
-934
-96
162
223
-614
24
-721
-689
658
-615
-524
268
920
-49
-706
-90
309
316
832
754
-214
-256
-312
950
762
885
-640
-879
357
-315
-384
100
934
-712
-688
-463
818
-51
-5
382
368
-732
-608
294
24
-554
50
-3
-364
-142
-241
125
-621
-122
-242
-814
844
645
-863
-914
-592
490
-758
729
904
90
970
297
285
927
-923
-182
279
-425
-607
347
-419
39
892
725
603
77
909
-648
-830
-15
675
307
-215
183
203
-768
-655
-525
-995
-262
438
857
-219
-4
385
-111
-817
519
-774
324
-293
975
-405
917
561
-654
-528
718
-306
759
-197
-298
-932
-721
-124
-564
-817
794
221
371
-884
-134
227
-566
-140
-4
-464
951
334
168
46
719
-13
373
-826
-396
467
297
886
-372
965
45
657
922
-741
-566
-383
715
420
-638
-393
975
-741
653
-333
561
764
-258
415
885
-665
161
-443
862
-195
-861
-862
-903
647
-562
-238
681
951
-576
186
623
342
39
436
-202
684
251
-107
-487
445
167
971
-686
-927
-362
722
607
540
614
-411
-589
940
-804
-190
758
978
-252
-330
-678
-297
-606
-632
-165
-849
362
306
386
123
-328
377
-521
584
541
814
944
469
871
188
522
-557
428
-302
-254
-395
131
-421
-239
-506
79
264
914
-439
24
688
401
268
312
430
-638
886
111
584
-453
-65
-77
-544
447
735
-89
-205
-584
-290
-937
-834
672
-245
-755
769
-164
440
-44
-804
-714
-221
167
-602
693
735
-540
364
923
912
434
374
-277
-314
-596
565
-59
-63
-759
-631
-913
931
-615
815
-159
227
-529
40
557
-819
-458
244
-854
438
-879
-755
908
-194
866
-735
-591
-706
-618
214
106
305
956
402
820
479
-768
899
-62
-428
-7
-24
-151
-816
539
-957
871
855
489
-170
-607
-856
-245
-918
-824
107
711
-897
759
-972
-673
-98
348
-524
-713
-182
-976
-594
274
356
533
-57
-696
686
-597
167
726
-633
703
-820
770
437
-624
-419
441
-303
911
-628
598
-468
323
517
-239
608
-379
-301
-589
-143
-673
562
721
530
12
-337
-868
340
220
-437
-284
328
327
286
-316
-634
-917
-807
670
822
-796
884
-92
956
-122
-235
464
801
330
-414
-463
-532
483
302
643
831
-948
-49
969
621
752
-911
-999
698
-299
-109
-204
747
165
622
-160
717
107
-586
-236
193
-521
-807
-768
309
-18
-939
-425
685
465
711
-22
-816
263
-851
-846
-160
-230
-180
-727
-255
-789
-979
453
-998
-381
627
-510
-775
-216
712
-485
-127
-664
-139
213
-689
-140
-448
360
-997
92
-928
251
633
-141
-20
-645
478
191
-655
519
-720
383
258
827
391
281
-198
-713
-944
431
717
-932
-865
989
188
578
900
-846
663
-215
375
153
605
586
-658
-77
992
280
29
-430
579
777
-996
-828
-763
-757
-588
-726
135
357
-653
420
-855
-261
640
524
-973
-195
-152
-933
-145
13
-585
923
292
795
-574
-757
-372
110
112
264
-169
753
-311
-658
-871
-216
711
-837
207
702
297
860
-497
13
-521
-697
525
-840
831
372
-582
536
-594
712
662
658
938
-897
-410
49
748
-571
-655
-187
955
786
516
-681
307
-240
86
919
421
-566
901
-891
-664
514
-545
-423
749
367
221
431
-976
786
-262
514
-838
227
-879
356
-845
333
628
-873
-411
-558
-951
-85
204
988
111
-587
634
-46
-434
168
-41
179
108
898
373
930
876
-603
-879
-659
337
865
582
444
-415
443
-997
99
132
-516
221
-60
-900
489
215
52
670
-694
-83
-456
990
-871
825
-740
937
696
220
543
-804
591
-138
-737
-334
-719
-895
444
-86
-549
-1000
-532
791
-88
-523
-405
848
-140
-841
716
-968
-773
-206
128
841
-308
-831
-943
537
223
-378
844
959
704
626
681
-322
216
496
-87
512
-409
412
43
-226
-225
978
-518
875
-384
-368
-169
-815
124
397
14
851
326
803
296
-159
-661
-441
-148
970
77
618
978
-52
-472
-121
918
-841
915
749
501
-593
-779
151
-776
208
-670
151
-726
12
544
993
727
-640
-518
355
-30
949
-352
931
-525
-110
57
-816
-180
-82
-794
506
983
483
260
606
-770
-514
-658
362
134
803
877
623
888
-466
77
803
765
-588
733
998
-474
408
-462
-131
54
425
152
-454
700
-712
215
-627
816
488
-739
-269
41
270
-386
-195
681
72
-187
-84
134
794
774
279
6
467
-590
-513
-970
-994
-923
-678
359
-12
671
587
-730
31
-579
563
198
426
787
-799
667
180
585
773
70
83
-257
-558
40
-555
734
-975
-363
1
461
-254
-841
844
588
-434
396
-920
-143
648
301
183
-883
849
763
653
201
-133
104
755
-974
149
-816
680
-34
614
-734
-782
267
69
-802
722
755
-124
-243
-730
957
156
360
-105
-190
788
262
-29
154
907
-475
773
-604
-379
20
-32
911
-189
-454
-949
-345
666
711
-202
-737
534
326
282
7
-520
795
-497
-390
-134
639
-281
-41
-301
516
-393
-918
437
711
-106
599
-588
898
318
-206
-559
-6
976
-803
-475
-356
580
95
-983
671
-946
-434
178
502
11
-231
-166
325
-518
-684
-967
-212
-360
-752
307
-843
340
950
298
-922
706
-496
292
-636
875
-59
344
20
-687
783
658
-65
-416
651
-42
1
95
-164
465
-66
-186
875
491
-510
-198
144
-344
19
-60
854
-851
-426
-96
462
784
298
-704
290
-807
-27
256
627
917
-55
597
210
-567
306
-945
-408
-941
-290
494
-493
267
74
-992
-819
505
629
488
154
-975
-908
-198
894
233
18
-77
312
187
-160
406
-129
693
272
-991
232
-306
282
-546
-303
-93
-454
917
-611
-144
7
431
-756
-214
-32
-395
-618
-40
-348
-793
981
866
798
-696
348
-350
-980
183
71
-792
-101
857
672
185
384
417
-117
535
709
-255
-465
-389
846
906
82
-65
151
768
-577
-728
-884
-599
599
-127
932
340
257
-45
59
646
143
-832
-69
703
-865
-289
-282
-133
-6
-79
-797
373
157
-974
-142
-346
-175
331
-691
27
-935
836
190
-684
-361
-744
-825
-327
-996
-671
866
359
-421
-655
-443
-280
520
-190
161
-975
754
-650
456
885
-183
472
-424
262
-706
-365
-456
315
-89
17
-482
-931
283
779
843
828
-288
880
516
895
-770
-95
814
377
127
-967
756
-746
-954
537
936
-524
-454
129
308
703
77
43
-212
-27
365
978
674
152
-858
-448
-956
-30
593
756
118
-958
-738
-622
-584
-92
377
757
-955
239
684
-800
-313
712
561
-798
-71
132
210
-857
107
619
-801
-709
-196
344
-885
-135
-201
813
-428
-238
-964
483
781
634
985
751
281
380
85
144
390
493
-38
-396
964
-978
-772
-630
-591
-85
-262
-45
-510
-720
720
-126
656
859
54
274
76
-243
521
535
-176
954
164
-596
-876
641
-181
-69
922
-107
-45
-180
263
-615
881
405
-930
-710
670
-209
618
774
996
-999
855
-742
-169
-602
-994
-375
-110
225
-277
169
429
257
877
-280
601
615
458
-292
-360
-636
-68
-985
-260
-424
-884
137
26
69
-551
607
-151
-798
-171
-886
669
-405
-611
-789
459
-442
-301
-982
-631
80
137
-283
948
886
667
101
-484
-208
-774
-979
640
-345
-735
156
929
807
-58
226
-362
-928
686
-562
-388
-58
-83
-714
-696
121
794
-912
666
303
555
-99
-305
-548
97
-618
291
-156
-526
-114
-127
327
79
-729
-294
635
626
160
301
-56
-153
28
-24
252
-349
430
92
47
261
-416
-218
-400
-393
803
-97
814
352
689
834
260
474
638
885
28
-740
-195
150
308
-61
959
243
-355
-926
-362
-938
-448
306
-761
-853
-149
103
254
-16
153
-606
971
104
208
-868
-757
219
-524
774
962
334
649
906
-141
-694
101
13
-542
-68
548
-973
944
760
-827
879
150
-485
-78
-266
670
-740
925
-225
570
-819
821
649
-361
180
280
393
540
272
-382
-226
-643
203
-396
-397
-371
523
704
-176
-144
-412
177
445
-2
-82
295
309
851
-306
367
-814
-13
-221
-414
891
-533
-944
-428
39
531
-959
828
-548
591
-149
916
-279
645
965
454
-884
-40
429
454
-223
-973
-760
-161
231
242
778
-907
960
-6
510
-406
-426
-87
258
620
869
968
-557
123
-472
-451
96
360
-189
348
-931
697
122
-322
999
634
-291
-198
-801
557
114
-913
-924
-142
749
212
97
-318
109
-602
17
-284
982
881
714
226
-858
-262
77
-394
-426
-647
360
414
592
900
-90
-928
920
101
-171
246
184
-82
177
-262
267
-877
-607
397
-682
790
446
-448
462
353
700
-250
954
-965
950
481
-906
893
650
665
-288
-130
-322
475
-253
-517
574
254
334
514
-892
449
-447
-307
-94
-864
931
-3
-690
-635
562
-356
-757
234
-984
84
576
-227
-794
14
983
429
544
-334
-540
-975
372
-179
783
312
-440
497
-479
507
-96
998
87
-562
-823
-690
534
21
-331
246
251
451
355
-983
589
206
-886
991
66
575
-190
322
-566
181
-737
-943
508
824
-549
93
748
-597
30
992
725
-804
876
-210
-728
117
-468
-988
737
612
817
189
-925
-600
-233
308
-96
482
-549
691
678
875
-601
-614
-935
-956
121
779
793
-601
654
-703
-976
333
-32
385
-614
666
858
-727
657
-158
852
422
-251
175
960
-239
-972
922
-593
-887
-21
-794
528
652
489
-115
-858
-610
972
978
677
-420
155
806
73
331
-993
-154
116
-502
783
33
626
902
-666
967
-743
-293
691
-292
882
408
-211
-996
-449
187
513
-551
808
220
-806
256
614
438
-389
-54
-981
-529
268
350
172
473
190
724
-579
-239
-563
404
-601
-283
785
-404
360
35
-639
704
583
684
-971
364
-94
-473
645
661
774
-254
196
142
-598
435
531
-265
377
-564
-685
479
-934
797
27
586
-643
-12
-815
957
101
927
889
390
556
738
-520
537
776
36
67
-971
8
692
185
86
762
505
-679
419
-115
22
-430
471
-451
28
725
525
48
490
473
4
-724
80
379
-254
275
961
335
-859
173
-505
-569
-860
720
-128
-353
709
-802
166
403
-712
668
-836
-658
320
58
-652
512
993
-125
-995
-278
-572
643
634
105
632
-416
526
-867
595
710
-429
-795
743
-13
-245
-423
-833
-692
-659
724
-248
122
-191
444
29
-139
487
878
-822
-901
656
-677
706
-388
192
-327
460
581
-132
-217
-808
456
574
-270
240
228
-889
845
921
982
-508
992
-455
524
345
703
-62
-686
-295
-347
-548
-485
-24
622
-591
45
744
-146
-750
953
-529
209
-41
629
634
416
-60
-136
394
-51
-969
-542
573
635
141
453
328
-756
180
948
688
-328
-165
71
824
135
-874
-152
-476
-276
-514
877
-132
767
517
530
236
821
951
-462
-216
-467
972
-126
445
873
-438
-358
-973
-89
-425
449
-306
364
332
-204
484
-708
-907
946
-279
936
596
-425
-635
-156
582
675
391
-109
-883
-745
-396
178
-867
507
792
-769
-718
382
28
-156
606
59
-264
-301
-687
-395
-848
607
-399
-593
-230
-828
-359
-917
48
-955
-595
812
-671
624
-805
377
338
832
477
145
-399
975
-197
950
-854
86
430
-936
-990
-110
-577
-113
-767
-699
-162
995
957
-682
-433
843
689
501
862
-799
-580
-993
291
79
-746
875
-111
-680
285
479
808
757
-562
642
-502
218
240
-194
-229
388
-550
385
-31
306
-156
-767
-565
-3
-902
361
830
70
-195
21
378
-294
-780
-474
-20
980
-175
-142
93
-1
350
-677
87
-266
741
538
-601
811
527
136
-243
368
-636
649
-959
485
-15
-427
801
-722
536
-428
421
768
-815
-762
-717
777
718
-708
-435
-855
-963
694
-24
736
-714
634
104
534
276
-131
504
897
385
786
325
790
841
-323
954
-433
-159
434
278
-443
256
-34
313
-614
-133
625
238
-378
383
455
738
-195
-905
834
-989
457
958
566
-493
312
286
-80
476
-556
151
596
301
-341
-981
-719
-365
556
-314
595
147
557
-645
533
531
475
-903
-431
-472
398
-372
470
10
920
864
-907
212
-661
17
-216
408
340
-131
-450
639
-696
219
-377
830
-807
101
-519
36
-923
-415
381
-544
795
-914
537
431
-390
393
-629
259
-504
-402
-370
47
-916
-788
508
110
745
929
209
740
760
917
663
237
-143
51
-557
-463
117
674
-708
393
-582
-862
-941
363
-796
-223
723
-336
-547
-659
343
999
225
628
-542
-861
312
311
607
127
336
-851
-555
834
-521
-908
-954
269
-334
-990
-331
114
-179
601
-158
174
96
-679
852
471
330
-784
-46
-687
-740
508
605
793
-44
785
-339
-443
-796
742
950
515
271
-758
102
541
112
-748
766
510
-89
-408
507
-385
785
-875
897
-150
-829
235
867
848
-478
-550
-207
-202
674
-11
446
377
488
-346
524
514
270
523
279
-395
-620
-498
-597
-317
-387
146
-830
-400
-787
-599
-946
703
828
-302
783
393
311
960
-862
604
580
166
183
-704
-480
-753
-563
405
904
618
-68
-520
272
-686
606
-732
178
-213
-357
-475
-490
456
831
873
90
-886
378
751
79
163
21
145
-815
-631
172
621
-448
-26
-164
-194
-449
-325
633
763
-39
-411
828
-283
459
504
-391
-700
-287
-233
-951
-5
-303
38
-280
23
-962
-265
-324
615
234
-448
-976
-683
-84
-242
701
531
-167
771
-428
-815
-782
490
-918
747
-742
-917
192
-178
131
538
910
-197
-508
-678
-420
-284
280
207
-787
-940
149
481
-168
827
824
-867
500
-313
298
917
111
-322
17
295
-773
216
-522
-789
-922
-983
-978
405
-364
780
-201
283
171
699
913
689
875
-70
678
-48
-296
-636
-793
-331
21
-194
613
-267
-481
-569
-535
734
-397
769
-144
-727
77
777
823
-132
-114
-79
-178
-964
792
-720
188
655
250
207
432
47
883
-924
719
-245
836
987
494
-41
391
-256
349
804
166
426
-898
875
265
753
-798
866
208
-928
399
993
-279
-410
-961
158
558
-378
55
-988
-242
-546
-46
594
70
-172
-438
-16
652
988
-109
365
-456
583
-140
708
-449
710
-510
-564
-258
-804
-485
-418
-993
929
972
754
939
18
624
690
-660
198
245
272
798
252
876
323
-990
256
-179
-35
-387
-852
-475
-56
291
-869
653
270
-164
169
-152
72
-591
-826
728
-802
230
-647
510
749
-365
209
972
-201
-784
423
-615
-811
-68
223
544
807
106
-210
549
-533
41
-779
390
892
-897
731
473
674
-959
-855
-184
567
865
478
293
-934
-875
35
443
44
384
-679
68
-472
-33
590
-783
832
610
895
889
738
820
679
-688
-855
665
438
707
48
-892
685
-66
737
146
-971
842
-516
-442
-961
998
771
386
806
401
-30
-306
737
370
348
617
-44
292
-800
-711
166
-687
-757
-320
-818
-343
791
-643
998
335
-656
-724
226
976
-393
-260
-454
625
-736
-694
770
389
-858
431
-230
-472
-465
-573
-814
-678
506
-100
726
411
772
343
-345
367
-679
145
809
239
-248
243
649
-996
-608
488
-409
-736
470
845
945
931
233
692
-320
887
-132
-844
555
688
690
16
-231
627
-567
338
-267
-550
348
452
-982
-446
444
-949
-835
545
234
33
538
695
139
-419
855
-16
573
-127
821
-606
457
-752
68
250
222
250
854
205
621
-987
620
-114
84
-902
-228
523
-110
329
132
932
265
-23
-711
393
-159
880
-40
-1
56
44
269
-737
-280
-612
-542
-22
1
-291
-225
989
-74
533
-368
957
852
502
260
-912
-933
-769
801
-568
-79
-187
309
-436
268
-743
296
-252
462
-458
861
513
-370
154
295
-106
-880
-721
-488
967
342
-668
613
-515
-369
588
101
-460
766
-109
-1000
161
-409
-103
837
562
418
-836
-693
596
-863
454
-311
539
-482
-992
105
66
-370
49
326
-737
-542
-856
639
658
940
514
756
-534
-290
-600
669
116
829
24
-806
241
117
702
-363
-718
295
-226
580
-45
574
-559
74
529
-577
490
109
185
-275
-252
594
-433
460
-38
-412
935
526
226
-332
244
490
-937
171
-597
426
-847
298
915
675
803
258
-901
960
161
-880
-841
-825
764
0
-999
685
-964
-558
584
-987
-87
-998
672
-877
37
-207
229
-305
-759
-966
181
453
635
799
938
-486
697
-791
344
-23
612
957
-311
939
28
-908
-974
756
-828
724
-318
810
146
-118
359
849
901
9
428
210
899
731
691
-86
-674
758
731
414
-221
682
-690
493
-49
7
858
205
-307
508
186
983
-176
282
576
-897
106
935
641
-756
-921
-354
813
598
377
899
793
-3
352
-924
651
117
662
-885
-591
415
580
881
-993
324
261
813
-989
810
-507
89
71
-471
-91
565
-286
743
766
-235
955
-353
831
997
539
913
468
-819
-243
227
-411
-720
469
-508
681
-114
619
-79
-235
906
3
-655
-794
485
857
731
-106
-407
-258
-729
-499
-574
-406
418
-408
790
669
331
-65
-650
166
538
773
956
-722
-256
241
116
546
-150
500
840
-644
-529
-874
-189
109
793
194
-313
-967
432
698
937
-34
-334
-824
-118
498
863
-621
49
-391
624
474
-588
320
519
304
662
-519
-270
-412
-230
-61
521
251
-379
-587
487
-323
-782
630
182
-759
-801
-820
-221
-475
-924
560
544
182
-220
42
664
-504
443
207
349
794
-104
163
-451
-294
293
524
19
-56
833
373
-854
-390
606
-37
-787
-20
-218
168
793
961
441
-775
836
-374
625
334
998
946
294
-882
-683
-924
46
245
-208
841
988
-565
689
-494
857
977
181
-834
-800
-981
520
-936
-301
405
681
-559
716
435
-851
165
429
-999
-1
-291
-919
51
469
384
-869
370
750
86
980
340
663
411
-445
206
749
476
348
-887
220
274
315
-329
-42
-664
497
112
-160
730
-611
-851
886
-228
-569
-912
895
532
-859
-626
-229
-603
944
-486
712
-487
641
944
-108
-118
-459
-54
-803
669
592
338
564
-421
285
-667
544
-771
324
48
159
-268
292
-182
-488
707
-433
-242
-309
-375
261
659
-855
335
505
-278
-464
-806
-80
-45
-833
-883
-569
-821
-584
-82
-284
-522
-781
-797
-395
790
-81
-311
69
198
51
673
-707
405
-797
999
599
-94
798
-208
-819
-64
180
-608
-320
-570
-539
614
-251
870
581
68
-327
-809
875
366
-826
-478
-199
-978
334
22
-795
-174
-621
-200
-650
451
713
-582
-85
66
387
-218
-299
225
602
456
-476
-516
588
198
719
34
865
-324
77
500
745
184
-143
264
754
495
579
-294
549
618
-280
688
-801
-447
419
-919
-995
-575
133
-831
833
909
-352
-701
738
-513
314
-436
-128
985
-35
-904
388
-483
347
907
709
645
847
-802
391
-609
414
-349
702
777
204
-809
689
773
-86
-876
-614
809
141
48
-791
854
-997
-763
-696
-190
911
830
714
868
828
-566
-692
-644
669
-592
333
972
298
768
74
-553
-152
-814
914
-811
-360
-883
-56
-688
607
-219
983
-562
-11
-718
496
-437
646
-390
382
161
-905
810
-149
727
515
-986
555
-172
-605
-294
342
287
315
-452
-204
-427
689
801
32
-875
953
216
-273
875
-164
-329
-870
-393
855
-16
502
-167
480
-161
805
-596
-765
99
325
604
954
-538
-73
-219
-693
459
10
858
-389
-397
-154
-914
-544
-132
612
-366
69
55
218
-628
-186
-764
117
576
59
-132
-993
-547
850
-245
752
231
21
888
-816
-83
234
690
826
743
185
729
-259
749
664
326
812
-410
-206
-889
133
-980
-617
731
-353
-472
-307
182
780
-768
-156
-526
-226
586
-185
835
-842
-101
333
69
-409
32
-513
52
-263
792
-811
760
-502
-420
-230
651
-1
-532
-306
56
472
-440
553
273
97
