2205
813
-949
-394
702
500
-814
978
439
818
828
548
-921
304
-214
400
-761
178
-463
-460
261
416
-959
22
849
370
131
-950
116
-600
572
557
-399
-813
894
-160
52
-524
718
84
343
-962
944
175
-413
-694
222
-359
-573
520
136
-170
-381
716
-987
159
-696
188
951
895
-950
37
-755
679
44
-731
-750
-210
-963
185
-190
-183
-458
-397
525
-829
-925
-201
-988
489
-81
-382
-927
165
999
120
755
596
-799
121
-506
-314
214
463
65
-606
602
486
-215
-349
-931
-120
531
-797
777
-444
839
-877
811
762
-304
-108
367
-362
-353
213
53
263
-896
-231
-976
395
-588
100
-676
521
589
258
-993
-6
248
932
712
-508
261
664
-412
309
-78
-717
800
600
757
-978
249
135
984
907
-113
206
-545
-334
744
872
917
476
-511
-1000
132
-965
542
597
-524
580
419
-333
234
-38
203
-534
818
-72
-379
549
600
667
-129
330
-17
-582
955
-687
-636
739
814
866
-3
483
-57
-593
-69
801
477
-533
-481
-41
785
-346
-471
-530
34
-905
-661
437
-145
917
-820
-913
743
257
-680
822
316
-797
-811
-497
-378
-977
768
-884
-972
-860
-298
-41
526
673
255
18
870
-764
884
680
844
-687
465
-577
-160
-949
710
-771
67
306
823
644
-474
809
-381
892
-524
-814
786
491
-756
-711
-760
-541
598
-550
518
248
-186
-497
687
-212
-178
-870
968
-295
-402
267
-39
-533
-697
95
416
567
30
982
149
-948
812
-145
-617
-27
-623
-30
885
807
808
-311
666
-867
-778
-740
-497
-882
-324
-792
324
-536
-83
-85
938
-69
-199
-34
215
548
807
207
300
-620
689
-598
-925
925
-583
164
914
-359
-758
-588
605
38
-695
399
-72
-30
-774
-834
-983
-961
543
-435
556
835
491
658
-752
574
-347
-24
623
57
-8
280
347
-680
535
-333
851
-613
-258
-786
-875
-601
-317
-869
413
-341
-276
448
204
866
-582
-234
932
-75
658
751
735
-358
-579
-139
-144
333
-379
-180
929
153
208
499
411
242
169
588
468
-110
-55
-395
-653
-721
-219
914
-65
710
545
-23
-859
38
178
74
584
27
593
601
563
-11
-500
729
794
-876
406
887
607
835
911
624
-736
494
-322
320
-419
353
154
520
-553
366
-856
235
884
138
127
-539
447
309
-825
-519
-819
469
816
997
-582
478
-129
596
-462
144
-845
-944
-484
-836
278
-719
512
564
-753
263
488
-322
-332
-816
-251
-827
-308
598
-599
-787
-845
888
881
481
-922
-269
518
-950
862
829
697
-18
-693
-658
75
-638
213
-644
831
621
231
-159
583
-213
984
-277
363
-485
-210
-384
-520
-970
-313
-5
260
-484
162
-760
0
829
344
535
-393
-144
681
-624
-61
-236
-992
500
15
-48
-984
-932
-186
-551
312
657
330
288
-647
-41
-271
325
-87
-266
-566
892
8
-26
-259
-630
-224
342
-783
156
-174
-471
375
532
-838
415
-573
-462
-652
-357
363
475
-152
438
999
-776
81
-993
920
-835
-84
-516
662
356
-228
658
338
-459
-326
78
-502
-43
585
558
171
-855
-744
-642
-80
757
-48
-510
-88
-811
-211
205
-282
982
330
-516
434
-718
-347
-237
733
-729
-671
465
-895
547
202
-430
631
-978
-268
-447
770
756
44
824
-599
-402
208
-762
-766
-773
170
683
-966
720
535
995
-543
-887
150
972
114
-390
364
486
-960
-312
-875
-985
395
205
-363
-600
418
-933
684
-241
-157
-880
-377
777
574
-110
-317
20
-729
696
-595
326
586
-235
-27
750
-727
-718
737
-395
-143
-730
-818
-768
-389
-204
273
-203
654
-142
539
-632
-95
-127
-725
-31
-146
318
-451
-869
-61
20
-928
363
-846
219
70
779
120
561
-732
18
826
627
25
306
619
41
-100
-898
58
539
526
-538
-888
-732
-386
960
-184
-686
-693
341
847
374
-284
-587
-229
-898
939
199
608
-548
-551
-366
717
-845
-789
-719
-322
-978
-679
662
698
-915
-553
-34
124
316
-571
-292
-209
898
-575
-475
434
-653
-276
904
619
50
666
-216
359
615
387
695
976
-599
342
960
536
-8
-114
-31
-766
-199
-4
692
784
975
-717
168
-186
434
771
-207
493
-369
990
-504
580
-116
-26
352
-799
870
-137
-473
950
-583
865
580
974
555
813
195
966
245
-32
-677
-904
31
-354
-663
-141
-217
-42
186
231
-66
-148
154
-100
-817
-332
660
130
-547
377
-316
-734
328
-883
-63
628
-5
-549
-399
-166
629
680
-456
-23
177
904
-447
-136
-491
733
-889
-927
244
346
-720
501
-672
278
-713
380
-688
-452
-492
346
-359
336
-374
-675
-484
-789
270
882
476
247
559
103
-246
-522
5
-757
447
-532
-518
-718
-267
286
336
-171
-286
-958
718
-378
562
-970
267
817
704
508
853
109
-431
307
125
-142
254
529
-413
-987
-564
300
666
959
-7
-120
-344
492
788
-118
-707
830
714
844
-947
-686
761
489
939
-230
274
-712
-61
74
800
181
-668
926
256
-230
441
72
-52
206
851
-584
-25
196
-379
-653
-201
372
683
742
-246
-106
151
-460
-793
330
57
-373
-13
53
411
581
-980
-90
454
-726
85
71
-555
275
-690
-305
-28
-599
783
-796
-924
956
-639
-819
-162
-912
-23
214
945
193
658
-515
538
23
-779
921
479
-108
504
762
760
75
705
-261
250
379
517
-156
-975
-568
834
860
-870
11
181
-660
-390
703
824
847
-242
445
604
-283
513
-638
-929
-169
691
-117
-919
-907
-900
-141
-791
234
-947
467
-649
289
46
616
-42
17
826
-493
984
-924
-252
105
-787
453
164
571
-54
280
449
-144
274
595
-547
925
-684
-22
600
615
608
-359
-927
432
-329
-230
-416
973
-2
-698
233
-168
-578
-584
46
-655
-772
-291
773
303
-752
-440
-672
-235
-572
306
591
399
651
718
-98
875
235
731
-116
357
-456
-366
-790
699
-449
-657
-229
-785
860
-963
-898
-85
-200
842
-491
-818
850
490
402
-283
-823
-873
-147
773
707
837
820
468
109
148
256
-297
-896
606
-897
-538
300
-783
-141
-164
-76
-169
-457
619
-139
-320
-647
956
-380
593
121
451
83
966
44
-799
960
547
-979
148
971
-1000
-271
857
-415
-429
-747
882
-887
111
231
-110
-997
-295
-787
-636
-520
-924
325
108
746
147
-517
533
712
179
848
570
502
59
45
768
743
-836
404
-624
-848
-382
687
-13
-725
157
-568
-570
676
-359
-220
460
-828
952
589
195
39
626
-406
-978
-836
-13
-707
882
-983
-285
841
157
792
531
-659
592
498
594
546
669
662
-929
-707
747
501
569
-239
886
-450
322
612
660
-591
915
828
-365
818
441
438
-259
-404
605
-317
-819
-336
545
832
316
-663
-523
944
244
-612
314
168
886
801
622
-554
-634
-264
630
463
52
-101
-198
-140
214
702
345
224
-944
69
-930
-271
-10
387
-134
-960
504
922
-143
-305
-820
67
-831
-850
-358
91
-500
361
-528
825
6
-910
-874
-936
346
278
-532
-507
840
-625
255
407
-775
374
-214
549
675
274
-871
-904
-521
-959
-775
-241
584
-126
-436
-951
262
-675
-472
99
-88
384
-1
989
73
614
889
-581
361
870
-163
869
-172
822
-737
-885
-545
-711
-157
425
-642
12
703
-525
227
-823
863
-3
722
230
82
650
-960
-642
834
-897
-23
889
881
274
192
234
847
4
-831
-651
327
249
-990
-789
-983
864
489
803
99
211
-585
887
680
-483
130
-408
994
466
-160
-673
820
448
287
-959
-280
288
-367
-482
-840
553
-859
-633
248
465
-815
-631
-592
-496
235
410
-377
516
199
-257
-166
811
-885
56
-259
-960
78
856
312
421
110
708
723
25
-351
-728
156
390
-444
704
981
-23
831
-886
715
159
-375
-522
368
-935
919
-10
-646
732
96
-920
-75
-920
-403
541
931
482
-52
-187
596
-145
355
793
-384
-864
-831
869
-735
-59
352
480
-402
367
-41
393
386
-985
28
928
-452
-28
711
62
-289
-132
-127
17
585
-853
-613
168
0
-359
-885
-328
776
859
609
585
610
24
553
-816
703
-698
-967
-583
114
-528
729
-880
-797
-921
418
509
-481
435
79
810
-979
675
368
817
236
920
-114
-521
775
923
825
-688
987
694
-868
941
-865
278
914
777
610
-437
722
-309
-317
121
822
296
-119
-226
-886
-951
563
-144
-961
-667
250
-686
-129
-533
210
99
506
-18
175
772
415
-116
789
980
-201
-627
551
682
284
-427
-143
-531
599
-186
914
771
-218
-667
-992
837
956
390
367
-213
-574
535
781
-231
-981
-521
708
-59
262
-879
-957
644
716
-903
-666
-895
-663
65
-191
-951
360
408
-644
-715
-697
-496
-648
-59
42
-534
-720
-586
-133
16
394
384
79
687
-835
-658
915
-960
-915
-566
197
945
-15
-508
-81
772
-266
-705
-465
-445
172
473
-510
223
-194
293
542
756
-481
-281
175
-550
496
667
-711
59
126
66
684
-244
136
-406
262
-439
-866
392
-718
962
-267
581
-802
332
-985
-205
-742
53
871
778
-212
456
-398
163
-879
-599
-815
783
542
-323
-933
-971
260
953
-585
-856
722
-890
-865
-303
980
-642
81
109
202
422
655
-267
-13
151
-10
-602
-856
-214
75
957
-875
560
-15
-463
162
-917
-328
156
-832
109
-817
295
-722
43
-390
-366
-229
-163
-418
349
198
21
281
261
-670
361
96
-322
117
207
-592
457
-465
-572
405
243
376
184
329
474
-558
-966
820
301
510
140
-623
767
378
-222
-782
919
-856
-483
650
-873
570
318
552
-890
-183
377
131
460
-956
-552
369
634
309
-552
-14
340
16
820
569
-52
-506
-963
-326
588
662
563
574
-800
866
418
-140
13
-625
-501
691
642
-186
-466
826
-982
-473
-95
808
-678
174
256
-937
925
-594
-671
786
266
313
546
-808
766
-175
-94
-887
636
409
632
749
398
-11
36
340
-26
-112
976
488
-603
557
739
-706
167
-315
50
-388
202
-434
723
980
633
12
239
862
-423
673
-29
-379
687
-559
-988
-969
-485
-959
588
-816
-922
-947
789
16
323
-792
-287
-760
37
750
-348
-875
877
998
383
931
-546
275
-359
-126
752
682
-901
-554
844
-323
-935
-232
618
-970
-536
282
-475
-305
80
-24
-696
782
-144
266
-120
-97
313
998
125
73
-616
-510
477
-990
-317
503
455
398
-690
-671
169
131
-422
451
-193
-680
-260
71
969
-52
582
-285
999
2
-748
-457
483
58
228
643
-373
315
243
54
138
493
-48
161
-621
-749
592
-343
-871
-923
413
891
-259
-20
315
58
-556
-714
-359
-75
-492
-647
400
-524
-804
-444
-148
368
349
-319
691
-526
-967
-713
-570
739
-441
-836
148
-29
-337
-968
614
-618
-312
-636
-422
-536
235
945
463
-959
-780
838
745
132
-203
881
-638
625
-729
-226
494
-5
-658
613
201
-829
-633
158
-161
835
257
320
167
-585
933
198
877
-203
83
627
-262
-339
410
525
-509
-580
868
-284
-117
-453
-212
838
518
868
509
-213
-53
-12
-312
699
116
-580
-879
-224
-747
321
-665
806
-105
-220
-978
606
-64
220
571
50
865
-929
-341
275
508
960
80
-962
-561
-542
-775
-483
241
-550
285
873
24
-654
-204
157
85
122
-46
838
781
-135
145
-809
164
-846
730
74
856
610
-241
-576
-937
-587
-504
681
-113
-792
-920
270
208
729
635
171
-65
-710
510
-965
234
645
11
748
51
-902
-176
882
-85
-381
683
-601
-548
888
-572
624
98
-802
-505
507
551
155
508
-204
923
789
837
454
237
-504
67
990
-152
-202
21
-948
908
-552
799
-365
215
-957
611
880
352
550
-738
-633
960
384
-223
88
-946
414
299
-287
950
-158
-657
-803
-75
351
567
-358
-829
-479
-139
-88
-435
-919
-638
13
957
-410
213
-314
-631
