5116
767
-154
996
-651
-970
245
-595
-563
-861
-210
-121
-49
-355
944
-590
505
-455
-657
919
-187
389
-804
770
603
-812
911
-998
-620
-473
-448
126
-327
852
-346
-851
538
453
423
834
-966
-481
910
-117
-408
-195
-630
-492
-487
-775
963
-187
416
-185
-105
-428
-17
-306
-589
840
119
-124
-723
540
940
-235
-834
988
340
431
621
-208
990
908
598
210
383
29
-870
-436
343
608
-944
595
386
-146
217
-262
-501
-780
17
5
91
-5
-751
907
-145
22
306
-346
967
-232
-500
-645
331
847
972
-928
552
-847
-284
-833
-216
785
-244
262
-80
494
-554
951
-61
441
79
499
787
64
34
142
-169
-436
-282
-17
-888
51
-40
583
-10
491
291
-245
312
-212
875
-737
-911
737
-38
-735
-115
-853
-750
704
458
-575
545
-633
-412
-377
-526
681
89
-38
-977
906
731
-314
612
568
-973
-812
880
-523
-637
36
-171
-190
-92
-894
462
841
-818
-584
544
-985
-458
64
585
-700
913
-988
437
896
-121
708
240
44
307
-253
-266
387
-809
159
629
915
332
411
52
-469
-793
971
765
34
902
27
-11
-527
-918
59
237
-369
-705
-101
-831
72
823
-977
-739
793
661
-752
-480
634
-140
-881
-840
-520
-840
182
-51
798
236
925
-870
-945
-294
294
-539
915
-470
-906
144
-340
-62
576
-392
-716
699
95
-581
-876
-764
223
-825
-893
-320
825
-915
553
122
90
-428
31
361
-962
-39
582
-930
-130
564
16
42
452
375
-226
253
-730
-33
951
-183
-329
-67
770
-363
-122
-290
657
-611
-144
294
-582
-201
121
508
34
144
546
639
920
805
-249
-234
876
174
-823
-476
890
180
-813
570
775
-93
-453
-841
-585
475
87
763
-232
-64
-88
-775
-738
34
728
-54
-20
87
284
414
-900
915
486
-130
923
682
-439
-643
-60
-868
137
-291
-841
-993
815
477
438
283
423
992
380
382
166
-263
122
544
987
258
384
752
-896
269
660
205
-579
-831
-655
-366
-247
-26
-449
-631
-690
763
667
-320
-808
164
148
88
538
626
-399
-215
-450
731
-110
-652
-154
168
785
-623
-29
493
-747
-665
-975
227
547
-358
173
977
-928
-834
-300
522
264
-647
-950
959
676
-57
420
-651
-740
-297
82
561
729
-573
188
-560
773
909
152
-892
-590
628
485
-8
595
742
344
356
491
783
-208
636
288
-240
456
674
716
-69
-456
797
-304
91
264
-751
36
384
-589
445
543
-697
36
356
-176
569
623
595
231
-70
110
-526
995
97
-634
-186
809
952
-602
498
-195
-743
956
413
97
280
-604
-49
-137
928
-19
-507
676
-155
394
-668
-909
217
898
778
-190
586
340
-337
317
792
794
443
822
788
665
578
-482
-76
-237
-806
-685
420
649
349
-299
582
-192
554
390
538
-786
-379
-146
88
-623
-1
-728
-630
477
-608
701
231
944
-880
363
-422
-332
-698
897
-687
224
-264
634
818
139
721
211
695
126
48
-149
-774
37
-563
-122
-116
98
230
-898
302
173
-376
-682
-125
556
-150
-68
-867
219
322
795
68
-167
-293
666
-27
-657
382
309
439
12
157
-475
-439
562
879
-481
806
-729
-379
-618
203
585
-597
-579
-849
-238
-613
-579
273
195
571
351
-656
688
438
904
-413
-504
-712
-578
-599
-529
-589
-166
922
-295
159
364
733
-891
-290
421
-461
580
686
-650
-960
965
-633
355
-902
-33
852
-461
-167
234
942
-10
-577
762
-924
179
465
921
167
797
131
-833
130
-318
-509
-671
55
64
-293
-333
340
628
-999
-965
580
336
-996
-796
-351
-264
165
-725
824
-294
909
-22
661
24
-955
-865
-163
323
-297
-328
11
37
-532
381
-654
-486
183
-759
-495
44
-385
390
20
-246
-773
-747
695
-331
-235
-409
-459
615
-336
-501
223
-976
-106
-891
-295
-802
250
550
126
8
-259
254
163
-393
924
91
-103
-14
678
220
-260
452
427
134
-487
892
879
722
-724
833
878
994
343
-208
-422
734
-626
-221
-224
-704
-161
-272
233
-296
-352
891
-52
-372
49
-535
545
-577
-336
194
688
-180
-629
418
695
112
-545
460
426
-254
687
651
517
576
929
567
285
679
387
-368
-715
-482
267
43
-195
80
-916
582
340
-204
531
856
-626
475
-959
298
848
-523
164
-979
-680
608
-962
-969
-262
222
-922
589
597
-31
-515
-82
-987
-714
-199
313
161
-292
318
-564
4
239
235
411
-247
-75
-48
-135
815
421
973
-26
956
-241
-379
581
-786
-261
769
969
-244
66
-687
860
780
-877
478
-501
814
-781
155
-464
20
852
-182
-67
549
560
-373
947
-969
979
318
-355
282
579
-919
-772
-860
989
-970
-49
295
844
868
-50
942
88
862
-412
-714
377
-136
486
-182
-185
-331
-892
950
880
758
-389
-931
-235
-771
-539
-954
-895
351
-130
913
-298
-312
-781
-136
-394
969
-807
928
-437
-996
39
143
-653
-760
-718
311
988
928
-653
-976
344
-971
534
372
-611
-756
-446
-76
-996
379
-784
-360
939
-740
-550
-348
545
-236
513
-874
-578
-947
635
891
-363
-257
-409
305
-185
-450
-834
-169
876
333
488
49
80
-832
488
248
-696
-225
661
702
960
774
-266
111
979
185
970
-893
710
-987
305
544
-223
-958
-470
204
-869
405
121
816
257
161
916
504
-14
237
235
726
474
-399
-813
903
713
-294
-227
-995
-928
717
791
124
167
-392
-2
-416
494
212
-114
171
334
-201
-647
-163
410
-443
704
267
-680
711
-608
482
902
-44
-517
-442
-390
-501
290
179
539
-589
-83
-636
-43
762
7
-927
-227
-951
376
547
-494
-439
-960
19
-196
302
365
-175
-220
769
122
17
-162
652
-268
-65
-713
-689
-487
403
744
751
-993
351
-156
-818
-561
918
20
742
-244
823
-148
-914
-940
646
986
671
322
-180
986
-352
508
613
-663
-194
-80
983
228
-424
-362
130
476
-714
498
-541
-728
-663
154
690
999
301
910
764
385
-356
312
-309
-936
524
-687
384
-624
24
988
-461
-1000
397
-908
242
965
-902
654
-971
-886
347
698
690
597
463
380
91
728
-348
609
-507
-733
405
-160
516
603
42
286
482
-247
285
-386
-417
433
509
435
563
493
779
-557
238
-874
130
411
96
-833
-444
-631
-172
-290
-817
-326
-921
-825
-82
32
567
-58
731
670
262
-231
-541
-620
270
744
-462
18
14
-142
-899
251
835
-395
-673
600
-942
553
-69
-139
-319
-902
304
380
677
257
-341
-740
-954
46
-987
-811
15
707
-787
515
930
-849
-31
165
776
-698
150
-871
-170
778
823
-602
-805
633
233
293
278
674
365
-196
-828
644
895
488
823
-394
-148
-601
-206
381
272
-464
752
-291
-771
-561
-75
-946
-40
97
-564
-566
-931
632
144
225
66
571
871
538
793
654
-217
790
-945
-919
-436
-158
-334
599
562
-855
368
-978
333
-749
-886
677
24
-785
231
231
-358
40
933
867
-924
-826
-742
781
-233
-940
-983
21
467
-758
-240
690
-437
-441
-947
-534
724
-676
-319
641
-261
-313
-819
-501
-506
-725
25
815
627
185
803
555
860
-659
453
622
-644
327
-273
582
988
131
-477
823
-506
-920
-624
-588
-757
-598
-666
413
-400
813
-183
-763
674
391
688
-930
26
175
124
291
780
328
38
-334
137
-636
625
-59
-683
-265
-337
844
755
554
-832
-280
252
-377
-28
870
-594
888
-366
-490
241
-841
-863
759
-907
-799
-941
-704
247
-116
-894
702
754
-895
-253
421
818
760
-425
-235
-972
-864
751
-293
-918
-585
336
-64
507
428
76
274
502
-786
-112
-611
-410
-352
941
294
-335
573
-659
244
683
770
-617
539
169
-180
-434
-586
895
542
323
-160
714
-946
-805
224
409
941
-244
-945
-954
-254
497
630
755
931
-212
969
48
-65
-5
-566
568
-950
-877
-261
539
149
-343
-252
23
-631
368
-131
-689
-272
-100
-952
494
-991
-587
-705
-732
646
231
-555
879
-69
-442
-532
-443
-491
-673
-142
158
-931
538
-8
222
-824
284
-926
-176
-348
600
-668
-898
-623
-203
46
-260
-7
-565
-586
-635
701
615
-497
-690
254
926
-573
-506
-59
-993
-702
591
367
752
775
390
-87
-566
643
-323
676
881
377
235
-476
379
677
681
283
-829
-534
-611
189
-795
-586
483
-721
-311
100
-777
-239
861
157
48
-618
-454
-388
70
844
-775
-659
100
428
-866
-111
-376
-593
-862
273
-504
346
-257
605
-177
856
-523
-384
-204
243
-246
-239
-645
-561
-115
-536
-715
115
635
-230
963
821
907
388
776
-640
292
-656
-52
-780
494
-841
-852
187
-155
-301
927
-45
-646
415
900
13
101
-594
583
625
661
-443
-62
604
599
806
528
-729
373
-102
-595
629
597
-966
345
185
195
-759
-741
-735
313
-431
546
963
-150
217
-793
-574
222
-975
-754
445
23
-710
-692
868
-13
-556
-734
8
-614
-540
839
862
823
-222
-860
-384
-620
861
72
-704
158
715
444
-246
695
449
-831
5
-598
380
-523
-907
-151
-327
-331
-288
658
-697
860
-598
-688
807
-502
-112
126
893
-80
462
-586
54
-249
93
327
-603
-64
61
678
188
582
-742
-101
-93
-849
942
-724
632
770
-397
600
964
867
-189
-375
-794
778
750
-228
702
929
-393
845
-760
476
172
-853
594
514
-560
266
-868
202
6
440
-693
289
380
215
-390
280
-430
-551
-770
-678
-43
-486
357
-373
685
-617
-342
412
-65
-276
-137
-374
-657
315
39
-824
-890
-487
-538
849
-84
-990
232
207
563
-771
819
-7
-401
778
843
134
-379
615
840
225
975
98
245
85
-486
-647
807
247
-868
589
-520
-189
773
-331
511
-401
497
-497
-258
-52
-281
1
-488
938
-479
-674
461
-85
344
596
-301
16
235
-447
-398
-145
76
-618
-884
710
583
372
-408
-471
832
787
-982
-312
-648
-686
-736
-548
-453
184
-869
-464
793
-535
-680
-740
-272
4
186
-932
-606
-439
-474
-145
-568
456
-805
11
-573
100
492
-18
-54
791
-965
-848
-811
-753
435
372
469
230
82
653
-34
-209
161
-195
354
-164
-430
-791
939
-419
597
-760
484
-253
-41
-86
996
-926
-345
-378
457
-876
230
955
-147
971
923
440
487
-97
-400
-281
-495
117
956
-381
-303
-688
862
955
-857
433
626
-753
-782
490
356
-329
15
81
606
611
-33
576
-865
781
755
777
-405
539
-969
-282
313
784
-520
478
429
258
-989
260
514
-26
444
-902
771
-745
-216
-397
-346
646
503
229
85
-740
-847
973
-613
906
924
189
264
-895
-425
768
-927
942
726
-754
375
-675
507
171
-814
-642
333
106
297
981
-632
0
449
-837
81
-893
800
-669
-749
-240
-628
-729
-549
-661
-411
863
-868
-415
-580
-365
-432
906
-689
-471
445
-133
258
472
-81
23
91
749
-89
-187
569
-742
-912
-35
-286
-52
-103
-851
760
854
372
24
280
-743
-181
813
-625
677
-87
-123
680
409
636
774
-698
438
661
-667
107
-238
-7
-504
867
712
-712
-823
752
-452
647
-665
-158
-324
428
-713
-974
-558
214
439
-900
327
550
-125
-553
210
-851
705
-477
-259
-764
-218
-211
344
834
-884
961
-777
798
955
797
422
369
403
350
973
662
-260
442
-433
-238
-811
601
204
42
-199
784
199
725
175
-901
-959
-833
-640
-25
-412
6
356
-999
-132
-347
-251
110
-209
795
-651
848
238
-985
-756
-958
-445
242
-343
697
970
-103
809
-505
413
390
-186
980
-713
826
-330
347
-678
313
-347
190
459
546
-323
-553
747
57
-319
-163
-975
882
841
31
-61
524
72
-784
-460
744
-327
-705
-617
-155
-616
-143
97
-982
-707
845
-739
-673
-77
-668
537
792
-842
76
-147
622
491
135
556
76
-759
-556
434
979
741
-718
-578
890
-675
124
-710
342
-470
774
741
-718
-808
-781
465
91
-463
736
40
283
-827
256
-327
624
806
740
689
215
960
-90
-27
698
774
355
940
-220
-665
612
-199
-19
-272
807
-971
-89
699
639
-485
947
4
836
189
-736
-340
-569
661
-415
119
87
85
-646
-639
-823
-464
855
189
184
-831
185
-771
921
-71
910
253
9
327
796
362
997
-177
-55
-735
-170
285
682
-927
311
562
838
-270
-748
813
86
655
-671
-138
268
-993
100
355
-707
-270
752
-259
829
-937
142
-563
-491
-742
506
944
611
265
-216
-582
-114
904
66
950
-365
731
-977
491
-398
449
49
539
-529
-384
410
-331
-411
843
-628
-838
157
576
-852
-355
583
-131
18
-733
883
-253
-704
-7
-625
-413
-819
-139
61
341
924
165
159
888
462
-28
978
-124
64
-181
516
-134
-142
-796
100
-515
-602
169
-571
-566
961
827
350
-398
-319
271
-991
680
-933
962
-362
54
336
910
563
-822
-37
500
650
798
298
57
751
357
-282
526
836
225
624
-985
36
498
-598
-515
776
905
64
718
217
-294
-783
-686
-189
-928
-82
265
-47
234
-611
624
-629
963
-854
-445
793
96
907
-276
-909
898
398
-359
-89
299
546
-292
-955
-51
-705
684
-342
-130
-525
936
-841
392
-39
476
814
940
472
-436
409
919
997
-691
-777
925
-362
-349
-653
962
469
-619
786
56
-867
-931
-263
226
179
-181
-999
902
660
153
-680
49
567
314
-979
181
927
795
392
-498
-528
-533
571
898
43
-537
921
198
759
734
106
29
846
403
-568
187
-287
-63
633
424
201
985
473
-399
-421
118
-669
136
-761
-654
-517
-453
766
129
-84
-286
-835
-949
-151
514
986
184
978
-561
810
627
869
126
444
-735
894
328
-234
-165
-483
474
-838
-506
739
-71
-332
-876
248
-717
435
851
-213
97
753
500
-777
-519
657
-826
799
960
36
-783
486
-931
-152
670
413
-216
254
-589
-998
145
22
909
449
-867
9
822
530
-998
163
934
638
356
843
-75
-361
129
-736
-914
-844
678
-927
48
-770
93
-695
-898
329
926
790
758
274
538
981
671
-398
-490
-69
-261
428
4
226
-532
89
-882
-562
-253
-499
-356
-197
-925
405
-443
661
-44
256
-591
-332
-652
-857
93
834
55
-390
8
-759
-673
-743
490
302
184
123
-251
-76
506
431
-877
927
-767
-915
95
726
-679
711
-224
772
-862
993
-833
-37
547
858
809
181
-821
806
-912
248
275
250
-643
-555
736
852
704
-530
-812
100
-680
2
-172
-246
-291
390
-620
-131
939
657
734
-875
377
-716
-383
471
327
-268
-154
635
-425
597
-802
138
337
501
-744
-215
-246
-957
271
-131
720
-742
-785
234
-532
765
-1000
-404
682
-847
-341
241
852
385
-831
-319
-806
850
-245
987
318
-59
180
237
-404
-990
-61
-289
-825
-602
669
-995
79
652
407
-97
14
353
281
247
673
-233
157
-473
-732
-104
-105
188
-906
-43
-385
-230
364
-406
-279
-122
-175
431
822
506
-405
-706
771
-664
-535
-661
751
223
-232
821
523
-701
549
376
-455
-644
237
348
-89
-83
304
-162
-779
734
899
25
-351
873
501
-591
388
-722
-662
-580
-954
803
355
317
-404
-708
-290
-675
-510
-686
537
-424
547
-141
-30
466
85
7
234
900
-878
-198
-615
103
528
138
-21
268
-782
191
343
-747
-344
450
672
739
2
651
-876
77
-878
-677
-110
-934
62
-366
24
572
-604
254
-869
649
873
98
-448
39
-150
526
-745
899
-908
144
823
-754
670
311
948
564
-892
-656
-339
426
-225
31
-574
-845
415
844
-493
-224
154
-329
148
546
-305
-391
-659
-131
947
633
621
-117
189
119
-450
-887
-611
744
947
642
-874
-721
-450
886
93
-955
351
295
-151
804
-633
-416
426
214
459
-797
311
-940
-349
93
-129
590
929
-409
-367
-201
767
44
39
-759
130
546
541
76
587
-201
816
-322
236
-374
97
912
-616
-718
680
909
-782
-1
838
664
919
-501
-413
-463
104
-659
949
211
-448
298
466
-259
-604
-984
-323
523
-728
-176
812
-928
-242
-577
954
162
889
329
-840
450
560
-709
559
-681
-322
-260
-591
-698
21
-882
45
-480
275
503
593
-216
-867
151
-343
-961
-919
469
-139
-802
-936
-22
409
-912
-401
58
543
73
-90
-966
343
-378
473
258
-578
482
413
-639
-484
259
685
567
-105
751
210
804
677
862
417
-6
847
-131
-50
-799
946
268
286
-441
-561
-395
-70
705
817
745
943
99
-338
-103
-989
-456
887
62
386
991
874
53
-42
658
-217
362
-187
-188
-593
-304
852
-650
-248
-853
-775
757
941
506
-225
692
962
-764
371
530
742
-962
-341
344
-351
-634
117
-783
236
-993
877
-490
-864
-615
217
613
-905
588
-945
381
-417
257
470
25
141
781
921
871
814
-661
-488
195
200
597
665
852
-593
-801
-340
-445
563
-400
-964
-524
23
701
-400
179
-916
-988
-286
-868
700
322
839
742
915
-879
-275
653
104
882
611
730
-423
-365
-287
306
708
765
777
488
-94
-244
-347
863
413
907
880
-271
67
-724
449
757
51
658
161
-768
-77
219
-402
-614
-860
684
-136
-740
-82
-469
776
627
389
291
-271
-796
-3
-616
510
620
-215
-24
-437
194
-594
-903
-896
-932
231
-252
-728
811
354
-818
-192
708
-265
239
650
-53
121
-479
-415
430
309
-329
471
-245
-553
567
-997
-369
-852
-714
-330
-259
-445
830
260
183
-308
878
335
155
866
-50
839
-51
965
910
-417
-755
-161
314
-655
181
-215
12
-703
786
-570
-642
-274
220
-483
-967
773
-93
180
416
-272
488
375
-766
-724
-683
168
112
952
-742
-559
-708
-455
-267
-779
-839
-182
829
820
-75
-63
59
-339
192
541
-538
-194
-825
843
889
742
674
152
499
-468
-394
49
-69
-23
887
-922
366
-48
318
493
7
-451
83
434
-759
443
727
-132
-612
-912
-687
331
-719
3
-845
350
-92
190
88
129
-723
-914
-820
-253
963
-521
-600
677
366
261
-408
543
-137
381
715
396
862
786
-569
-570
-936
291
-10
541
-589
129
113
-96
-697
-657
295
542
378
482
362
470
640
-280
-234
-422
542
-556
638
-830
-119
-537
902
-115
16
860
407
-318
691
954
-302
645
-738
924
468
-234
-986
972
818
67
-818
11
-718
861
-666
-514
229
-984
-383
867
-971
-597
-398
-271
614
-680
-461
541
-436
6
-127
-967
730
-135
71
-489
450
-877
-395
587
46
-924
-580
334
-631
-531
169
-417
-646
-61
-516
211
366
718
100
494
322
-63
-294
138
122
804
6
532
-175
-707
-991
790
349
525
856
-274
-434
342
-583
478
-77
474
-962
-451
-680
-417
-189
-421
912
-721
-251
193
220
-964
-455
-425
-859
529
-889
-193
891
-109
-79
622
554
-26
899
779
-554
-788
473
-208
452
-872
583
542
-780
609
-999
509
894
642
-104
384
968
526
-314
-841
-111
289
-714
-482
973
-367
-85
-429
-226
-653
-613
325
299
-6
-913
855
591
731
650
-300
-431
-916
291
717
332
42
-31
350
810
-918
531
558
594
887
-199
-523
-582
266
578
552
331
8
-910
-129
-432
-779
-800
-952
266
854
-950
805
-940
564
533
-704
381
-852
37
958
567
436
548
-879
587
-552
-253
-504
71
274
571
-958
-346
-792
942
-769
842
304
-433
951
968
750
331
-45
-177
-386
354
89
-697
396
310
662
-526
96
-689
292
-478
-584
-264
299
-633
-642
-326
372
-813
-775
-254
-104
220
-705
-959
-121
-36
-585
737
-716
-599
-468
-161
125
-52
-802
-246
633
656
-397
-890
-166
-375
491
108
674
-81
-671
-494
754
-507
221
-318
798
42
758
154
252
700
597
-352
539
51
-475
-784
576
705
-618
819
-789
-668
992
-83
-552
-602
645
884
578
-814
191
872
-958
-270
-871
-701
549
-311
-326
-210
-901
122
-469
621
-964
-653
666
840
-171
-166
-665
103
432
-749
556
-22
81
-613
665
930
701
100
509
-337
806
717
-319
423
-991
556
286
-80
856
-981
495
-38
-278
-819
-335
892
32
555
-42
-871
812
432
329
95
-902
829
540
764
-472
-983
366
-611
-846
969
-136
676
854
-840
982
-219
-458
467
83
-499
-501
-188
828
128
342
-936
-793
-467
323
-385
-403
-912
791
128
-334
-619
744
-377
-554
612
-725
92
-173
-451
-105
192
343
592
121
-250
-916
185
226
-500
66
935
107
-587
-610
952
-135
613
-821
-589
986
-504
-865
-799
-593
271
-887
-280
-636
-280
-794
-266
330
985
179
294
518
-424
-531
-14
707
490
500
-906
-894
22
-130
844
-478
-299
-744
634
170
-215
662
-492
962
119
-740
-802
-126
530
421
-925
162
-891
-624
123
-815
285
-708
-68
-414
-31
-344
896
-736
591
300
431
946
-828
-490
281
-823
887
541
-942
310
802
210
-662
552
-258
-236
-344
-924
-725
-334
626
845
185
459
-964
755
806
481
-85
-232
51
540
100
893
-91
-245
885
459
-842
-474
368
173
549
575
288
155
96
-730
-23
722
-659
-613
801
735
-64
527
-892
730
-149
771
536
127
-728
-766
-721
-761
252
-69
-446
-555
169
-602
576
-579
-157
-313
3
543
972
144
-789
-895
-705
-943
905
314
-587
-741
-934
187
-585
-621
-258
-184
-848
370
708
372
-354
-360
-700
-165
838
976
232
-856
225
335
-760
-905
-426
-906
-159
-155
869
808
49
995
622
-331
-767
-886
-852
-956
703
328
657
127
839
-104
-370
-696
-530
-192
287
-470
-421
580
-526
-966
226
680
-926
-612
734
-686
-828
930
395
302
141
895
669
-117
734
138
-80
-302
-947
-978
-899
359
-847
958
-891
280
217
454
-515
83
-550
108
711
421
4
-234
-343
876
-321
-299
251
-915
-601
494
-446
-526
641
794
-171
379
-503
-493
-952
293
986
207
-691
-503
-583
-951
-717
-885
318
26
-296
-926
959
311
-493
887
-421
308
135
359
112
-490
597
-973
-438
-410
705
279
841
-78
158
503
-3
525
601
484
593
919
-993
814
961
839
124
964
-983
-300
-703
504
251
-941
-511
478
381
491
200
546
-675
-668
280
-8
769
-914
82
-673
159
478
526
847
-762
243
439
-766
-808
695
69
-289
52
-703
-792
193
212
583
365
646
-752
-544
-47
-477
-916
-24
656
837
-251
61
136
-30
-925
-474
591
-578
348
-397
301
-726
-554
-897
-408
-426
310
274
138
55
137
-525
129
-876
29
347
115
-118
510
292
-21
-928
-855
-271
436
-27
302
-201
-719
-492
103
-87
503
-726
31
-847
-968
-594
-959
-70
525
15
-354
-117
-305
-244
-950
-466
-702
-324
-332
-146
126
-595
-336
14
-565
-534
819
-697
-472
726
-118
-198
296
437
104
499
506
-710
-550
94
-940
891
-664
723
-965
145
906
701
-318
-549
-572
-359
-372
-734
-32
570
-897
630
-393
-935
696
152
299
-327
-284
-271
548
217
-926
-97
-923
-334
-973
512
-6
-240
-245
-89
561
-450
71
-164
-254
-438
122
832
795
983
-298
510
-163
-863
-620
908
621
-420
352
769
-361
85
-716
-623
-234
538
190
115
-711
149
449
-221
546
-541
-811
980
224
-701
748
-163
-985
571
67
100
-775
196
960
-791
691
117
-962
921
854
-131
-589
-45
-223
474
298
-202
-824
-858
785
-679
-413
385
-479
613
-971
890
789
-355
246
631
314
446
240
-843
-974
-559
467
-503
532
-915
-187
-524
835
25
441
197
-215
607
-517
424
257
252
326
-340
334
324
-974
-429
-805
931
-3
50
767
638
933
280
956
56
-305
700
-891
497
-169
-993
-662
-520
-588
-208
-255
-448
215
142
-237
-799
-928
24
-400
694
973
-928
-369
644
-32
543
710
842
-596
994
563
-845
636
433
-507
824
-560
624
842
563
-827
-817
853
-145
-673
220
-597
139
757
-680
747
397
762
231
312
323
739
-991
-988
-668
-182
854
298
870
-850
-274
712
-376
-75
-627
-697
639
847
998
-551
-817
280
-521
270
-641
265
-798
67
-529
-533
635
168
-59
458
941
-245
-734
530
872
-778
-796
233
-747
226
-316
473
-422
-9
688
88
216
689
-541
-235
-671
688
-128
-304
-520
-564
-402
-297
657
-77
-83
-439
711
-383
-185
825
332
-869
449
-63
299
-552
-624
48
-871
-740
-647
-318
778
-206
321
-902
-480
693
227
-850
206
-789
-256
767
155
-609
-624
420
-269
841
918
-830
-969
204
-718
666
-957
716
-175
879
192
74
-913
-126
-656
-450
-212
-212
215
240
523
-649
-486
-269
-377
-135
-193
-690
561
-369
-44
199
165
914
651
-706
731
-200
-813
-220
745
553
18
-89
-395
124
-818
-101
-9
-770
475
-682
-563
-97
-354
183
521
713
49
-460
677
509
-17
-928
231
-980
399
-987
63
990
-99
-29
-83
547
419
-187
-801
-12
-200
-452
8
-827
-689
-694
429
-391
416
-403
777
-382
-653
727
128
820
248
-714
208
-220
-364
-60
899
-158
710
941
-911
-400
408
-760
195
-690
465
21
802
-44
-393
-702
-674
-261
-814
-215
-454
136
91
441
53
710
-957
-49
-972
271
-864
224
298
502
-542
-202
-711
-716
-268
-986
-574
-450
-290
-502
-375
815
-905
143
260
983
168
765
-750
368
-196
-738
-904
-472
-701
-419
-170
-864
-538
-771
425
992
965
691
89
-44
-421
289
755
296
-333
-433
529
75
-988
280
-428
195
136
30
628
13
-614
-661
-66
-802
-642
630
188
171
426
-706
723
962
786
-746
278
-44
-654
333
599
-737
964
-599
926
699
865
575
-286
817
-92
161
-92
883
810
420
-133
476
-442
-99
457
-987
737
-232
-163
561
590
-251
18
246
348
-496
677
313
580
266
371
-732
-398
249
289
854
609
-535
-715
-825
-641
-819
338
358
0
-522
-255
258
-690
-609
-70
-751
-307
-941
418
-400
765
203
127
712
-791
408
342
889
-420
169
-187
886
883
266
685
-436
381
265
-185
240
943
726
248
517
309
-810
-897
-874
579
788
-837
870
-231
-363
-935
-175
149
598
-470
367
2
-428
836
453
990
440
607
455
-343
973
784
-642
617
207
370
146
-166
194
559
580
-493
812
-433
395
885
64
-120
937
188
72
835
-103
568
-786
-929
-105
-379
-681
367
587
-907
365
-978
628
-688
-857
-957
189
-238
7
-129
79
51
-721
-429
-925
644
385
783
-94
-332
-46
229
-405
-590
427
-564
-272
317
364
721
925
504
364
775
341
-759
209
239
123
176
792
643
171
-395
178
-196
355
10
-420
-781
257
-545
249
21
-966
549
-226
-737
-749
-822
-151
-7
-112
-813
-481
-33
391
-152
337
-966
112
-360
-934
270
-373
-2
72
412
814
747
-412
-824
986
-989
191
469
-983
-972
-389
-645
-250
-880
212
475
696
540
409
953
-708
304
507
-248
527
-737
-991
-492
389
609
36
-103
9
-276
-770
-943
433
50
-182
26
956
403
488
821
-21
-574
464
219
-998
101
-768
378
314
-537
-349
-115
-20
936
-416
26
-885
-412
-996
485
230
752
-787
-302
-758
240
-387
168
600
-906
503
801
600
-266
-271
733
-199
997
565
102
-413
271
-674
-130
859
311
124
116
-813
745
-509
-730
332
843
758
0
200
979
-996
851
-752
370
-547
-623
431
126
-261
901
-534
925
559
-305
-84
717
606
989
-271
432
-632
149
-97
677
958
-353
-419
-14
-323
-593
-831
-931
939
-849
-567
378
45
924
469
-337
-718
-9
-833
-397
-832
12
-967
-412
-839
655
-62
680
377
82
-220
268
-561
643
301
-536
-410
-702
