6877
-607
573
-784
420
-280
595
426
-42
-820
471
-697
-808
-19
-462
-297
124
119
-450
-794
-285
783
101
-341
-901
712
-904
682
-554
-782
-372
630
-778
865
430
647
-604
853
-153
115
-161
-933
203
-612
386
143
-308
-969
302
316
-197
-12
-41
-750
462
-65
-517
-957
717
-831
460
234
823
-221
575
-584
-719
433
381
124
-962
-473
103
-657
-149
-741
-250
553
-479
198
64
179
413
-832
-425
-678
444
759
-549
716
64
-980
800
723
-320
42
-166
-421
-629
-557
357
-142
861
-823
-223
-693
-166
886
-902
-514
583
-423
453
352
-552
270
-953
10
116
-136
880
-936
580
589
116
-799
-149
-354
490
590
848
946
-482
921
-74
542
449
356
76
-477
-816
306
-304
-812
-446
70
-129
-270
490
-346
792
-475
669
-581
-914
889
-835
408
76
36
532
261
194
-544
381
311
126
-743
-645
-291
566
772
749
-487
786
-519
-983
-662
775
-785
85
-926
653
-349
-714
-856
578
-763
255
-851
887
703
635
147
776
866
-651
-610
313
190
836
-453
-276
-610
421
-216
128
-34
544
15
931
-341
589
-430
-297
453
-225
-732
323
723
-882
-798
576
883
851
-627
148
380
-724
468
700
-990
815
306
-895
597
-933
-559
-915
791
-822
-582
487
-920
-717
427
715
-32
685
-925
-667
872
493
-867
139
197
-144
806
-518
-510
372
492
985
680
-832
-506
-438
-67
-987
-598
719
-761
-388
703
-183
475
366
784
-709
-25
-782
776
317
696
193
-256
-276
-552
-474
355
-129
-57
466
155
741
101
-884
-390
554
-374
-299
790
121
946
488
-351
378
-631
288
660
-916
-178
-267
552
46
935
62
-735
-56
-223
-630
-200
631
-191
426
-717
933
-676
-666
-765
454
688
-720
249
974
-563
885
-475
33
260
607
-355
-925
-166
919
-569
-130
-824
936
-524
-495
-29
-785
504
-459
-61
-945
-358
747
562
18
-780
945
-254
521
-889
-748
-325
84
-481
-96
-911
141
494
242
30
-258
664
398
33
147
-213
652
18
234
552
141
-528
327
-686
44
122
-556
754
288
-858
422
-443
670
769
-822
-269
507
596
-434
524
-65
431
-403
816
-252
436
562
635
-722
-125
-594
-180
-907
-370
-28
145
989
-808
-815
529
-841
-593
489
37
-256
-734
-148
-860
23
-544
744
729
236
-272
280
-61
548
-361
874
-599
841
-359
655
-712
-834
767
763
-182
240
-207
988
725
-888
-288
-457
-547
-210
898
509
838
887
203
829
-597
255
-923
532
-300
849
-964
-817
-472
-446
25
257
655
542
904
-32
-63
219
280
-263
-847
570
-946
-220
-928
396
-954
-174
479
64
328
-766
773
410
19
-316
-584
-544
344
-523
-884
-514
-378
457
-875
-727
-835
-842
-901
-608
129
-756
-839
479
-595
179
-686
-978
-831
350
-495
-842
762
-389
26
-413
813
236
275
916
656
943
-711
-129
-348
-71
32
626
802
-766
666
581
-655
-230
-189
-853
546
-822
519
664
-984
116
-623
-964
-809
-612
-879
44
312
832
168
818
438
995
-301
-357
-360
695
626
-866
-981
-72
-572
637
-981
614
-655
51
-81
-501
-253
574
926
315
930
758
-335
-968
379
-677
839
-75
-932
45
-289
419
382
-428
549
-233
-529
112
-804
876
-820
491
-428
-155
-712
923
-184
27
-549
468
616
-812
9
-743
-338
-891
765
723
846
430
546
858
-369
483
399
336
144
60
-403
-3
-311
578
262
821
-785
-199
-405
-410
531
-643
417
846
-664
-699
-806
-327
-336
-939
-52
-761
-846
719
64
-884
601
281
953
321
412
634
542
153
-155
-595
134
-866
-975
-24
-273
-679
-349
39
-245
-384
-523
-735
24
553
-404
-692
442
445
150
13
-121
-616
867
23
575
-771
141
-395
-778
-857
710
483
16
937
-227
373
-632
919
-84
27
-852
-338
704
-115
-328
782
-442
848
493
-712
-129
-5
-562
-878
208
819
-25
359
-792
625
-901
-581
958
982
344
-596
-633
949
121
101
-655
238
-664
364
-689
539
590
-293
578
-77
-24
-996
-256
349
839
461
467
158
245
-366
145
-317
-657
-822
-253
106
-189
-310
-188
-229
263
-858
968
724
275
526
-474
449
-931
69
-444
555
-385
668
621
999
-793
829
18
831
491
-220
-950
638
-634
-313
903
-859
-540
583
551
427
246
-193
595
-815
-718
552
600
-766
538
-465
-609
26
-761
734
123
974
370
-713
815
841
-818
656
617
-89
406
727
991
-279
367
567
20
633
889
-861
-857
104
-665
623
105
-349
248
446
489
-844
-190
741
749
85
27
-417
687
-81
-605
-326
738
-448
-943
798
-241
155
488
510
-400
-150
101
-761
873
334
888
581
-754
455
-947
757
388
-449
22
421
232
-880
-474
-600
326
-122
349
-331
152
399
-725
495
-117
-721
-429
-880
591
-256
-306
846
-645
-569
72
303
-454
370
-261
-807
-650
445
-378
-318
543
852
777
-506
-952
-94
32
279
-897
-729
569
-289
855
585
-300
-975
884
370
-569
-275
-638
-393
-293
594
-911
-632
-362
-403
-159
643
933
464
-617
963
-122
-34
-743
758
464
-301
-852
-579
-993
-815
279
-580
256
917
-45
481
-939
39
-815
785
117
912
-104
-242
147
-746
-614
421
-998
-893
195
147
834
-988
845
952
-191
541
-974
-268
-415
-358
735
221
-663
-976
720
515
395
-175
638
459
42
462
739
-121
870
-408
374
854
982
-689
791
-104
224
219
664
682
-393
-631
-539
-592
130
-19
514
-480
181
646
-512
523
-385
-321
-36
407
415
-15
-92
-393
-269
-794
-889
-52
398
-632
968
-908
773
-8
269
-495
375
91
-342
-827
791
-705
278
761
-777
-629
-169
653
211
20
543
-726
471
443
610
-13
-51
-508
-398
73
999
450
25
-515
469
926
866
801
-732
807
-795
440
947
-653
637
-532
99
243
72
238
731
-428
-198
-809
-571
66
62
-371
41
-329
-486
786
291
593
-722
-745
227
-558
-183
-115
706
-911
-680
268
60
-178
-212
-836
110
-222
-233
-815
-708
-764
35
20
-81
-904
-418
283
-22
67
277
139
808
666
124
-76
164
-57
584
-277
117
717
-727
69
995
387
888
590
506
172
968
218
-518
-696
-452
-957
-552
-269
-795
945
22
411
-394
-281
457
-193
390
-502
-644
418
-351
61
753
271
-212
-137
-465
231
-765
614
-291
949
481
-819
-631
179
-166
761
901
470
-488
193
-418
-525
513
892
363
613
-239
-132
-737
567
-311
-312
-6
-245
-732
631
466
-291
626
-744
825
322
323
79
268
554
-463
602
856
-236
938
-815
73
81
153
-292
976
848
-736
926
-768
185
-28
111
-939
965
-635
-600
-607
-534
-375
999
212
-123
-364
643
616
512
-491
-567
-121
-973
768
-412
-935
838
-253
76
-211
-859
-760
-347
-221
204
-890
-104
692
241
-748
654
543
18
-532
-727
-607
-781
-249
-771
-176
-390
-518
-821
-684
822
-515
511
-973
-23
692
-753
615
614
428
964
-866
453
931
-875
237
-332
756
14
50
-248
366
-304
-443
161
-943
-222
425
123
532
293
-27
-528
-843
853
-390
491
446
859
-591
392
-464
-577
19
312
-241
-309
467
896
794
-117
-645
-848
501
16
818
-303
309
788
-505
-376
-601
-504
221
375
-339
-406
35
675
150
-654
127
-496
761
826
406
904
-242
190
42
-118
905
777
-847
735
-588
223
-642
888
807
25
-578
-220
951
459
689
-850
-600
674
802
-270
240
857
-747
304
714
-646
877
425
-796
-415
-889
-217
549
-84
22
153
-514
-289
731
-69
-276
293
-991
-220
263
-447
-893
201
-837
49
-277
-641
624
-348
-361
189
-568
370
633
-400
-460
410
444
169
-253
-855
911
-287
-856
854
351
-276
407
107
165
571
973
-163
664
284
-119
988
-239
892
-198
-522
-502
236
198
-986
721
385
-172
859
879
-539
886
115
191
124
-345
-730
381
-15
429
-322
-723
-866
-533
-812
-187
906
358
598
600
877
-878
-396
944
-817
504
91
23
95
-506
777
-526
864
467
206
555
-403
-243
-205
-87
908
-95
-315
526
33
646
890
-883
313
-873
-108
-570
919
459
-173
271
940
-989
-476
-368
-161
-913
-649
683
924
477
655
-329
824
383
-845
-440
-381
968
-191
940
-986
-349
-926
-924
-868
751
729
-659
189
683
-796
-342
-570
458
-555
0
-92
963
-581
701
-50
184
-343
902
-685
609
-728
-84
-71
-843
-520
-22
820
84
33
766
-393
963
409
593
-379
948
-482
-91
-336
-478
-78
458
-765
-378
55
605
459
265
256
973
-641
-537
-601
203
769
-740
-899
749
925
686
-788
975
-690
-346
-24
312
64
-516
-828
276
-896
-82
80
115
863
-484
480
781
-395
627
280
640
-45
373
884
-632
-303
-222
756
-263
-394
613
-411
-196
-379
348
282
-364
708
501
-535
476
-999
-494
562
-881
-35
857
618
-445
-238
475
822
-526
945
-993
291
-281
-581
778
354
-766
-878
220
-720
-57
-608
122
-236
489
293
484
-462
623
622
643
-724
817
-960
-639
248
993
-459
-652
637
-696
285
-728
-489
-36
-363
-808
-278
987
-427
825
291
-58
83
356
217
733
934
-579
-189
659
-891
-524
3
-994
13
232
-240
-739
33
-653
993
246
-580
134
805
299
962
-367
16
904
-956
303
720
332
-269
396
-546
-238
-548
-588
799
267
321
490
-646
889
-8
-623
-972
-438
-276
-725
-521
-145
-223
-597
-447
-616
-554
761
377
-913
899
-447
-820
909
386
-760
789
140
250
-947
540
59
501
808
-475
-761
740
-78
361
812
153
432
850
280
785
-243
-417
-280
245
-718
487
802
773
-603
-37
-994
-667
476
468
-799
-188
-228
220
-41
343
-478
936
-308
-187
301
-429
776
603
-602
-682
421
-400
-498
546
670
242
818
-560
-971
15
-611
-176
-623
-464
-405
975
-845
528
773
-412
-93
-374
-403
904
60
0
-696
-651
112
8
99
-601
793
353
-557
-816
-466
51
-211
152
-530
580
-578
-479
-917
-489
-23
-184
118
112
875
807
116
738
444
-168
426
-167
-363
180
-166
-349
-904
-502
345
168
32
395
156
267
406
785
767
265
-403
-560
577
-273
-165
421
-720
-216
-812
683
-116
883
20
396
907
995
-503
-796
-104
-448
-997
402
-615
346
377
-280
-308
30
-591
-31
-916
-846
60
-142
-106
74
-876
281
-302
-307
-142
850
-271
-127
296
-471
194
562
312
969
384
706
-657
51
-836
-389
482
-598
914
208
243
779
-806
641
992
-357
-2
-131
-472
-88
-989
722
955
-127
-986
-560
605
-366
-476
379
598
-217
774
895
121
33
-889
-770
991
215
-733
-651
-785
-780
845
-915
-499
-994
413
93
-52
-121
-827
-196
-111
12
-513
4
6
-101
501
-734
-937
545
-100
698
28
-703
125
-152
275
-671
-783
609
-310
-401
361
-328
-858
-368
-712
-772
-829
-183
-115
-754
505
-809
-752
257
471
-104
328
826
750
-4
7
135
637
-410
-829
188
-492
-755
546
392
263
-672
-15
566
-367
-554
-719
512
-654
-478
-961
157
471
-955
-306
-373
-443
-482
82
328
321
-964
-260
-486
415
117
989
527
245
-49
-551
430
-566
395
458
-372
369
-63
-930
779
-772
-793
-674
125
-369
-885
-757
-458
-573
720
-665
719
-333
53
29
439
262
-432
751
-428
-359
714
874
647
152
-572
632
702
729
8
658
259
-250
-54
-593
-895
309
765
269
-186
421
786
-773
292
71
491
352
546
-905
429
-628
-720
69
-412
-198
-312
-908
-624
-626
239
63
253
672
-870
787
705
-427
-434
685
655
-473
303
-320
696
945
-870
-349
961
456
-65
-459
-401
937
-90
-578
895
-21
-125
-205
18
401
-973
-363
-122
-65
566
-585
608
693
727
250
532
957
630
551
183
189
-778
505
300
458
386
980
939
425
-517
-778
192
307
781
904
559
804
16
272
-523
64
-407
-281
25
-237
-832
-846
-366
-717
109
815
370
101
44
462
-240
-872
975
-7
948
-911
-525
18
859
692
-182
967
698
621
295
-652
670
600
201
-730
-622
739
478
-377
699
-19
-839
635
-83
-421
751
518
-687
-521
250
968
494
949
-608
-122
51
-700
606
565
375
221
606
789
663
-484
-311
921
-418
920
-379
575
-348
400
-370
-672
-659
-749
-381
-539
-318
188
200
-349
733
-823
521
630
45
-362
254
662
-358
155
-423
423
-334
-817
428
-29
-382
-921
-600
-52
80
-513
1
913
-459
3
-35
431
376
554
443
-783
597
656
-976
741
-3
447
-884
860
-569
569
-517
-386
-764
-43
984
-408
209
-381
828
227
549
-515
580
722
-551
-19
17
-168
263
5
-24
323
-453
-625
329
297
279
-463
-883
237
-125
-84
169
-674
-47
290
-640
-723
751
593
52
-199
-587
-224
45
-744
-114
629
-606
308
387
-271
-749
-65
3
697
-886
-923
991
-734
550
-147
817
55
471
-485
477
-486
776
597
-944
101
133
688
837
-261
-978
-74
-650
-207
356
-522
-912
-574
641
-695
95
-829
-732
-436
-952
68
137
63
-842
288
519
728
187
321
979
-715
808
194
435
460
-999
467
-740
865
151
-397
956
-92
-399
557
-300
483
693
-191
877
115
-553
-371
524
-601
-780
968
720
-37
145
44
-489
-672
-628
-595
160
-61
-364
90
-868
-436
-123
-81
-690
256
315
-476
-943
-828
744
550
9
111
752
352
81
250
193
278
-44
614
913
-259
-569
-22
-225
-54
803
136
108
-42
608
523
962
-870
-227
-224
-142
61
861
333
-52
311
-261
-142
55
-479
-914
-837
-240
-948
951
-369
607
-262
-169
184
-122
-931
382
751
-717
538
-962
-509
-860
-664
830
-10
250
731
90
260
342
-136
-232
-463
863
229
917
-50
694
-177
-210
168
849
262
-133
285
772
745
-235
-213
-626
57
633
359
686
-515
-652
423
70
-142
782
-355
-88
780
-973
-752
574
-290
-724
-344
694
34
-339
390
473
-59
-73
-34
477
-974
669
-686
496
521
-540
-404
-43
-68
-268
-953
-901
998
-773
-661
-520
841
641
931
-410
674
182
732
596
650
-73
941
-611
-4
911
750
-539
-850
922
-10
383
-370
-443
-315
-389
154
-447
538
621
652
-377
754
-982
576
-235
-34
716
276
-586
431
-44
-709
128
-15
654
-67
759
-175
-304
-513
687
796
461
-854
670
-842
534
459
432
-988
-336
166
692
966
-399
392
-924
-524
563
-152
18
-652
-885
-536
-915
678
-701
-946
627
172
707
537
-863
-231
-801
-253
-651
932
442
962
580
697
680
826
-536
-724
-159
227
897
667
289
-542
-867
-112
-900
-858
-494
-737
-529
-895
-521
-222
337
-286
-269
-897
761
907
-99
178
777
580
-590
844
920
-757
485
-472
78
-667
-319
-970
-24
-666
426
-122
-213
393
-414
-398
453
-420
-841
-952
623
-132
649
-605
-482
808
346
613
-647
-140
-898
339
69
765
-735
-579
348
947
-40
952
845
-232
79
-950
12
340
706
-734
186
-669
583
-703
-673
667
185
-343
340
-851
-113
560
685
-169
-821
432
291
-700
-33
-417
688
-575
-183
70
852
477
959
81
-412
-820
693
-638
354
-120
-772
-558
231
-43
580
-364
-675
-482
-510
-217
906
-479
749
-231
-538
916
738
-845
877
739
424
-571
592
-744
590
-210
326
597
-96
39
400
-928
-840
-115
-805
-37
833
634
318
-976
-138
-145
-814
-42
-839
464
945
930
480
-36
392
-436
42
455
-698
925
-688
-42
-441
866
982
310
-310
864
240
841
-547
-988
401
-210
218
-171
-513
828
-21
-455
-845
-454
-278
992
-52
158
-797
785
547
913
218
-912
457
-516
-39
840
252
-799
-110
762
456
-857
-141
-254
251
867
-281
-989
-303
-912
473
399
542
-436
-349
964
-998
654
564
-650
-986
375
-432
-43
493
-668
-958
619
-491
45
-963
468
-683
557
592
842
432
-897
-105
-500
-896
-607
-786
-69
-210
-744
977
-383
-50
464
398
430
183
-739
-612
-544
831
115
-587
270
966
-130
287
737
9
-721
872
416
-761
-44
463
-538
-112
915
-752
-366
969
-14
-809
-949
-597
710
-506
398
572
695
913
150
-875
940
-809
-282
946
-312
587
-187
-423
816
-912
-137
786
-777
-701
756
-443
409
418
-888
-352
240
379
-521
215
118
79
-358
-778
40
741
-775
115
291
-230
87
862
-593
-202
-747
442
-764
-21
-28
-667
348
-729
539
931
-729
888
-688
-775
581
-897
311
-539
20
605
-859
107
-858
26
-881
-389
429
-620
564
926
950
324
-797
-66
-432
-115
-517
-75
-793
-18
429
990
-158
-873
655
200
-267
-648
320
153
467
324
868
815
-349
-604
603
34
990
825
-926
-139
579
249
-459
715
439
-357
383
822
-20
-819
-16
-38
413
514
-231
112
307
-438
-25
-649
695
-631
-38
-523
-939
-855
529
844
-727
-517
4
407
-232
-71
-242
259
462
359
-827
843
-209
376
438
683
780
-755
-286
198
-235
-8
-433
-701
-363
-433
732
690
62
-757
-570
413
-606
912
-144
-951
123
87
594
988
-904
727
-64
-328
-284
227
-763
-635
388
381
-483
-706
-627
-57
924
481
-400
410
-290
842
-221
640
-452
-151
702
107
999
847
-338
-519
533
-296
777
863
789
498
-129
-318
352
61
-519
-220
-450
-486
-416
971
-622
421
237
926
-44
-145
457
-679
-679
-684
0
-95
-752
-228
678
545
747
-787
710
145
840
-867
979
184
-372
997
-803
776
107
945
579
-760
502
516
-321
240
-175
-248
-462
-691
271
435
-612
452
-467
-667
-216
131
89
-66
978
771
525
764
-106
906
-789
-686
566
-99
-74
469
-776
-830
-790
-576
-630
275
-70
-265
-557
-177
372
104
-553
-182
-253
109
-826
117
641
414
-735
-584
455
-220
314
-932
770
-440
-856
181
979
186
-668
-260
-476
-674
-397
427
322
928
735
-270
-421
-760
-796
23
454
-71
-139
393
-327
435
-936
-795
586
-312
-75
-959
-906
-356
-746
-394
-312
437
203
812
-601
386
-787
-899
-482
456
284
-293
537
-360
392
-259
649
140
696
-748
-316
48
-85
493
-692
941
-567
-993
122
-752
-476
-605
-793
-390
112
324
-377
192
925
-676
338
355
-371
-562
-784
-134
-218
-46
97
-309
-635
-70
-330
-184
653
-44
-913
-682
-85
-776
770
-647
23
-447
388
-996
-727
808
-568
-355
501
988
993
-652
-475
526
150
-717
162
857
-639
601
-1
-641
-573
-783
-366
142
856
568
767
-735
-334
460
690
467
-779
15
-743
670
-626
283
-100
1
993
639
-598
449
-531
504
-959
-746
-530
539
-774
22
-337
-114
206
-673
490
-858
73
270
-450
-325
-982
-803
-356
-792
483
-168
766
-753
580
-528
179
-134
46
217
-517
-837
454
142
-132
-972
137
965
911
-141
-266
892
-326
-107
173
290
235
508
-622
403
-675
-69
61
619
-422
30
817
-196
110
934
-201
267
595
242
982
900
-354
985
-367
126
950
-764
-466
-760
380
-967
830
531
59
225
-402
906
-18
-293
-87
-869
328
266
-232
-471
452
505
-25
43
393
-305
-428
732
937
830
-793
549
215
725
697
648
803
773
-878
-733
724
-544
-461
868
-48
173
-964
-388
747
376
-4
-596
-391
119
-93
-772
802
-536
-667
11
-991
646
-179
976
-168
-502
251
-49
436
157
-372
551
-439
411
-140
520
26
196
-789
369
695
-627
-415
-984
3
-445
-897
-29
752
-209
188
-669
-422
-395
808
529
-723
-905
-88
-543
595
758
175
-126
238
760
-506
-281
350
133
-920
576
-384
331
236
-415
644
-750
671
980
201
-726
221
-933
935
32
-900
-435
312
992
-954
866
-381
212
-351
-662
199
-934
12
-121
113
-141
392
379
-470
-968
-816
-21
129
-409
679
-909
976
332
109
-892
476
859
13
968
-738
-7
582
-106
-358
-918
-652
-815
777
228
-710
987
311
867
959
487
218
502
-302
-469
573
567
906
-588
-567
888
591
500
511
-407
703
-986
852
-138
-626
-94
-327
748
301
252
-442
-676
773
375
-589
-792
-336
119
-413
-453
-139
868
-35
646
-946
-950
-536
-876
919
-371
-238
622
-810
682
973
-37
-959
-935
-794
-561
-240
-865
612
-219
-672
-576
-966
-89
-639
81
-599
10
173
970
-779
-937
-474
-102
-671
419
-598
-394
-311
32
757
-166
541
-100
-396
-208
-459
-825
257
-899
726
83
-480
952
303
4
997
199
-736
-570
255
834
-808
-418
-811
-888
-584
-967
-484
-176
-918
752
498
-520
-424
813
426
-487
570
-793
-876
892
-256
697
248
-635
-969
546
447
590
-516
549
-210
287
27
16
-864
-648
-286
793
-721
-207
-761
821
-49
-727
-558
210
-281
762
-712
-924
-835
-146
326
-947
268
-629
278
677
-587
473
-511
-374
-609
-107
-351
32
236
14
-494
-183
330
204
-460
784
354
-208
943
624
-176
-361
228
-895
-320
968
156
-558
-623
157
-480
674
-871
686
-636
-520
-891
-344
128
-205
91
109
-52
828
-578
-331
-41
-600
-371
-301
-476
-199
-952
914
-958
-77
-784
-738
-889
-900
587
495
-344
669
496
-17
-249
-651
-299
573
218
-291
-782
602
-300
790
577
-703
194
942
-363
980
564
258
228
785
-123
-579
-605
-349
41
383
444
-811
-909
25
-146
-15
-528
-172
-350
-73
387
-543
853
393
846
-197
-458
-717
-487
-599
-722
-232
835
-577
551
631
-206
276
331
44
760
-289
-598
675
-812
-918
-249
-328
802
137
-464
842
-336
-188
-376
-242
814
-577
418
-657
514
-421
-20
898
645
549
-250
888
29
-980
77
-707
-9
256
-151
94
-16
854
895
-184
-479
376
-780
-182
597
73
335
972
-599
-586
840
-135
879
840
-141
40
-690
102
-92
-663
57
-328
254
634
762
566
204
217
907
494
-662
260
-79
917
-575
876
-410
757
781
-792
-79
644
-323
198
-588
5
-441
972
-446
-664
693
-963
875
-724
-544
215
-363
949
903
313
937
264
716
545
-361
548
-85
739
630
-437
680
-90
-772
285
-476
-343
-762
53
763
-29
774
-19
-962
-24
-346
589
504
647
-723
-223
799
640
365
-920
-744
-269
389
-120
999
-428
746
111
866
-614
-387
453
-175
614
585
-595
-555
-655
-900
122
354
239
672
-385
-534
575
724
-210
279
-892
-485
-559
-860
638
177
-617
216
-191
630
439
-927
-8
-888
688
553
-526
-335
-527
264
298
570
-860
-987
-876
442
-427
762
-253
-160
96
211
152
-455
-696
498
-971
-130
-732
835
432
269
613
-249
-989
-302
-254
879
-736
545
-156
631
369
-205
942
-324
-83
-869
-621
-196
103
516
507
-632
-335
313
-207
840
638
432
244
-485
148
-476
-483
-599
352
925
-528
-664
708
-162
683
55
907
331
-437
459
942
-75
-978
-173
831
516
-540
-438
-94
335
926
872
779
-773
-119
501
258
-530
-188
540
771
-769
-484
-793
786
-100
-999
557
-420
-42
241
4
745
-611
-678
37
-322
452
-547
-741
927
-655
710
-377
513
979
-744
-204
77
-960
-163
-702
320
-598
715
-943
15
-802
-686
123
-248
601
-574
-418
-780
-90
842
292
-119
-392
-165
673
348
-847
699
921
803
-83
37
-132
505
-866
-83
239
-326
980
497
-104
-546
-327
60
310
771
214
-188
378
962
54
-829
982
-300
677
-430
-80
-834
660
-463
802
-185
-244
196
578
282
507
-504
-839
-74
-224
-109
-269
195
-160
392
514
-160
611
298
990
104
-514
296
-675
275
749
-761
-53
728
-595
957
518
911
275
745
393
-796
-403
-975
883
-631
451
435
-205
-717
-520
-787
-429
-268
-45
-89
-242
-503
517
238
46
793
870
908
-650
-946
-271
99
713
384
680
-887
-874
-916
933
-260
-863
980
-513
822
-178
705
197
-4
-676
675
138
545
-228
665
-387
-760
-947
107
-861
-298
86
196
884
-42
367
-2
607
-346
252
-554
-486
-274
-794
-34
410
609
-648
-127
-805
428
-13
561
476
-581
495
700
-581
107
-626
941
600
-998
942
-353
-471
-454
444
-148
-86
-27
511
836
-370
-965
-392
-7
694
134
68
359
-243
78
-645
-335
-194
-583
264
742
-782
506
-603
-973
698
522
-909
-622
645
-284
419
-640
126
-902
388
-884
6
-778
-295
778
-967
683
-522
-952
-353
-871
-537
-888
914
-385
-915
-708
-217
-934
-282
480
-21
268
456
-367
-709
824
-7
60
896
282
-594
65
581
-780
943
725
294
-910
-733
727
-137
-49
-787
202
-290
864
66
753
670
847
53
330
833
642
513
945
-255
985
-797
917
579
711
530
-89
64
696
844
318
721
-351
862
-424
7
-620
-865
-757
-203
978
-647
-726
10
27
54
3
-402
-734
499
-747
-775
172
-285
-914
-517
87
-733
-61
427
-842
981
-951
479
-246
987
191
20
-611
498
-161
603
-792
41
-998
992
-747
668
80
824
542
-79
417
775
324
-290
349
412
-596
117
-745
169
660
526
617
658
147
-289
-479
417
-498
-758
441
564
790
-157
-955
484
431
-19
117
546
-548
-560
-391
-912
822
-296
-748
458
-580
-403
-6
767
-925
139
611
464
62
126
689
755
-870
-917
190
-956
432
637
255
457
430
-757
-379
-287
-369
739
-494
536
-267
-43
-504
-135
153
-914
77
-239
-198
480
699
-196
-655
-54
196
-562
-923
393
482
240
-950
-229
-804
-556
-363
219
-11
279
730
654
767
35
438
473
861
254
889
13
-634
210
-85
-576
820
874
-193
-919
540
-843
260
-936
233
650
616
-768
49
793
824
129
169
154
-285
-170
852
-956
-339
936
375
619
-546
-83
312
791
154
961
-332
-962
-324
-49
-961
973
-69
-612
646
-168
-97
592
401
-933
60
369
-827
108
381
-146
-58
-288
-180
294
729
-122
942
-669
-953
260
316
-634
-611
-244
939
-689
-400
970
-163
-24
-209
829
-127
-784
625
-513
-667
15
909
-461
924
107
728
26
218
406
-8
706
-69
705
-553
-980
820
-686
-588
-136
242
-595
692
127
-817
-174
-858
-819
787
131
-973
-839
982
399
-28
-750
675
32
718
520
-775
270
808
-541
-421
-546
-3
-108
391
-390
-803
327
-732
862
30
-511
-956
812
-640
556
841
-483
-947
-532
564
-11
-945
-675
888
-303
-292
811
493
432
-755
-962
321
331
556
-960
-439
739
-485
732
-971
-139
754
-44
-767
348
848
-929
983
-381
-93
-579
562
821
-94
-567
334
499
119
-294
-645
97
186
-299
-559
286
521
-845
-771
623
-748
219
-711
-601
-732
187
-551
820
251
472
449
-136
-185
992
901
51
-927
920
-695
26
850
-761
407
-522
612
-802
254
651
70
-606
103
-621
-566
-328
-109
-713
-375
-741
-655
713
-730
717
588
353
-225
952
-528
-350
735
528
429
-696
-703
-665
692
257
-112
12
-898
149
-855
977
-804
403
-270
-953
169
729
-76
-456
-772
-657
467
1
-358
721
286
794
-296
760
-382
-701
-114
-845
537
-867
199
583
-529
979
-988
896
-827
-221
-800
323
-417
-260
830
-14
-151
693
-433
330
-602
648
-64
557
-136
-950
145
-185
156
-425
848
-849
76
206
-637
652
696
967
580
513
287
-355
-138
118
-185
-516
-58
837
-724
87
-402
686
197
806
611
-457
194
-197
-451
-540
577
-337
-905
47
-224
686
-356
-716
317
460
242
635
810
-958
707
514
396
-871
-139
-793
18
498
972
-657
194
719
-299
214
815
194
467
-765
-297
944
-217
343
873
817
-296
626
132
374
802
-462
602
87
586
-406
-141
-647
367
347
990
-247
-435
241
226
792
-708
76
-13
466
-859
808
192
172
276
668
281
698
888
-740
959
-278
776
-597
-397
-848
-720
-127
528
431
521
181
52
81
918
-201
-727
467
842
-947
851
-992
855
167
-78
937
370
177
358
-771
195
-219
-254
-437
344
394
-582
65
-200
765
806
527
949
-678
441
398
891
471
-981
790
-763
-163
-943
288
542
228
-785
185
453
-518
884
896
-278
80
803
-659
-122
786
-606
-627
167
32
-965
926
40
-979
-480
-781
-641
-141
859
948
-177
961
755
-570
238
291
-261
258
241
-644
853
-27
-44
-541
980
564
-330
-441
-33
-503
-112
47
417
846
326
-93
-691
-667
-746
-783
126
625
-178
-755
637
-667
154
504
908
471
-197
91
143
1
595
672
-662
-668
940
221
-427
-536
-920
334
-131
-923
-397
-529
-204
519
-779
-973
-296
-382
-909
-367
-510
-105
-362
-188
668
805
-439
277
439
-549
-260
-423
-15
44
969
-359
720
-414
-735
514
485
467
-939
26
14
96
-850
-83
-967
999
569
-155
-64
824
467
88
-378
868
428
235
-596
-287
651
-811
-880
554
-33
798
-78
-77
748
470
-412
-469
90
-734
94
-294
54
161
-948
-246
-605
652
308
210
-143
428
-489
268
744
902
-396
808
-543
-31
611
650
609
-248
-827
-17
899
-501
757
-467
-143
896
107
-40
959
103
493
-320
292
411
978
648
357
132
-971
-846
-304
89
930
-715
-142
-286
-640
-672
-683
204
763
25
282
438
77
-642
-225
841
-856
733
-819
276
-462
847
-688
-667
702
799
260
-973
787
-72
168
184
-453
-948
-286
-132
-550
-79
959
909
761
853
725
11
302
-813
855
-337
-358
510
276
-708
734
-742
476
-50
-117
-854
800
-642
885
-429
-971
-201
579
-960
213
355
325
-865
802
943
-414
-552
183
654
302
606
61
-200
-732
62
919
-957
-971
293
427
-182
-243
30
-626
873
79
888
-470
747
-3
-699
-738
123
566
239
930
-346
-453
726
-298
-30
-641
-955
166
-488
203
994
-372
988
-612
627
706
-899
602
-242
-478
-248
277
153
-452
-521
-594
-303
131
999
607
102
-124
-777
776
754
772
-932
663
330
-122
-270
-941
-83
-827
-388
-683
-614
-668
284
804
-81
0
-545
876
-180
-178
-369
-919
421
662
-868
246
742
-917
613
-116
801
-970
-640
841
-189
-641
809
-976
788
8
23
-794
717
-475
986
848
436
267
225
-282
-269
-796
-40
-444
311
-147
94
29
-908
-708
-684
-148
726
-239
2
-743
-638
375
884
-651
283
439
129
642
544
810
-260
273
290
-711
979
489
-604
979
805
49
43
-870
289
954
789
-374
9
-900
-922
567
-555
76
141
994
-476
230
37
-57
-562
-291
-905
662
-427
252
-499
285
217
360
417
-290
762
-796
-188
626
600
-176
763
970
-169
-560
660
-275
-481
-748
-314
99
303
921
-890
156
-639
859
-42
-882
-743
789
440
-262
599
-153
-16
570
236
82
503
-183
-248
788
-596
974
690
-901
565
55
-862
999
-285
-946
-392
-176
371
-870
623
-832
321
-763
604
367
279
-235
-976
106
-188
-438
29
-177
39
323
982
-632
922
189
-514
-911
972
-455
786
-936
263
696
355
-416
624
-971
-884
465
-132
400
594
-849
415
387
137
-875
-448
562
-717
-97
-423
-812
179
-511
107
168
-288
56
174
662
277
-518
-779
-636
-875
156
-976
-911
-916
-272
27
-543
736
761
-620
-138
630
893
954
-617
-143
597
-415
-608
518
532
-239
581
267
834
606
-412
-18
-444
819
262
673
-183
408
962
290
-61
-718
-801
-391
-640
265
579
27
-59
837
300
892
870
-703
-230
321
436
-766
-392
947
-637
753
149
-416
-649
-748
323
-485
267
315
-324
-188
269
-795
-645
-302
729
-253
894
-788
33
-588
-522
-185
806
-880
296
-471
245
689
-92
317
-575
-533
-209
176
152
-148
527
760
853
349
-558
-188
594
-519
-117
-243
-280
-619
395
-676
-715
-819
984
454
888
512
-180
114
-821
705
237
-564
797
511
-940
353
-228
814
428
-806
-52
-892
506
-538
294
-704
659
304
976
-76
-50
736
21
-237
406
-147
177
-939
-356
-80
-982
88
520
-380
414
-943
313
9
-954
-704
369
-729
-444
737
6
272
-146
911
-554
-785
630
35
234
60
597
-934
-827
-415
-556
580
730
-25
199
649
216
521
-474
518
-413
586
617
997
15
51
256
11
587
612
380
58
-888
-20
-850
471
453
-300
889
-314
9
837
390
961
-901
-182
-315
-24
257
-224
-726
-318
740
217
892
-703
-468
-608
85
-620
-147
-472
-538
-539
46
-979
923
-509
-927
-213
934
-469
148
109
-661
351
-76
-50
-969
456
-72
-916
-786
-984
-175
-678
512
-232
-100
-188
-249
-400
-320
109
-465
-811
299
-939
994
108
-540
-745
767
141
396
-962
198
515
-553
647
-253
-417
144
-255
-107
556
-34
961
-102
110
913
178
-807
-716
728
-678
-357
-116
-365
616
182
661
576
106
-248
880
181
-341
-99
736
552
840
-212
640
14
739
500
-317
462
-927
-929
55
466
719
-576
963
-247
-254
766
-688
955
-565
61
-285
235
-343
533
-824
562
136
865
-390
-83
-761
-57
191
405
-793
-17
945
-185
-64
-415
343
-144
926
-993
898
-585
8
188
243
-265
-191
-151
506
-233
679
-582
521
-521
185
537
215
-951
230
-538
896
-278
-640
-775
825
268
96
-58
-686
961
-525
-180
-363
54
545
-678
-582
-327
-978
-962
189
425
-22
908
631
249
243
55
568
-624
-214
-529
535
688
-925
231
96
512
933
161
-20
-791
930
265
-385
441
641
-965
922
823
-457
-879
48
725
-652
653
-42
523
329
128
180
53
23
676
-456
411
338
492
169
489
-651
646
-695
-182
575
-102
-380
-794
908
82
-907
-779
590
-10
264
-481
-918
691
474
625
783
151
-228
-770
128
971
-185
-800
435
349
-263
-935
-334
-6
-739
795
975
916
889
47
581
-363
-623
-58
-663
-927
-583
138
-145
-79
343
592
-135
-655
-681
493
763
407
120
-382
-663
718
116
981
481
-801
-36
-115
-395
811
306
-598
17
-24
-576
478
-644
805
-634
-564
105
-85
273
-372
-420
-734
-25
-505
474
285
-17
165
185
403
652
-31
-442
-837
363
54
-970
-221
514
-583
356
-739
136
-686
-823
-105
-76
-344
842
-843
-947
-425
-805
-371
784
689
-63
911
-768
142
678
703
-232
-271
-571
-464
412
-598
-315
351
-498
-31
866
841
940
-11
326
202
790
-79
-393
19
-531
-728
-789
-265
-601
-931
566
-638
-593
785
-908
919
650
9
-254
-428
-492
-533
854
20
-87
-122
-209
-767
-977
-932
182
-221
928
77
804
170
-586
-32
206
-316
751
848
-228
-325
736
641
263
-274
118
445
-480
-742
56
816
477
901
535
92
-162
24
567
-630
-866
-474
24
-802
581
-580
-739
469
-566
-345
333
-978
-474
-611
264
-542
660
-551
609
193
-12
-137
586
650
-130
-665
-2
-505
-252
-239
279
-669
-31
582
559
233
-851
-401
996
-438
754
165
357
106
761
-532
713
-520
-451
-612
-321
265
194
-531
367
287
-18
414
-785
-501
501
-238
-717
924
-205
-183
-724
-462
-223
214
704
-652
-741
850
-646
-598
953
220
152
328
-983
155
275
-568
-803
50
972
435
544
910
881
-149
84
-689
-690
888
792
48
881
-163
389
-155
-26
214
-761
-831
897
145
-471
-943
169
-138
-871
-231
-991
468
-69
-248
163
-23
665
-518
54
-531
423
-742
190
-660
660
722
450
558
-163
625
184
-939
492
935
333
-350
830
-912
721
277
-749
-406
478
-865
-770
965
970
85
187
119
-798
467
-192
-407
-10
-661
140
129
-748
409
-275
796
540
820
318
280
-878
995
653
603
-510
905
746
-796
-178
814
907
-756
851
-628
252
-920
346
-765
788
238
458
777
-477
-494
906
-558
-504
-580
276
279
799
759
597
630
807
808
162
-362
530
729
868
582
181
721
868
17
-545
258
129
-593
-89
-177
-418
283
-2
440
-679
-516
595
-13
-906
-205
245
-359
618
-352
339
-614
611
481
-464
974
629
329
-958
-327
943
-952
265
633
924
812
-19
495
166
-316
928
-328
965
-531
482
999
692
363
-445
993
-940
166
-316
-43
602
78
502
-410
788
-420
948
-26
-390
134
333
-224
751
-721
409
834
454
-343
-387
518
801
71
-391
-197
772
228
-178
-171
-616
522
317
-275
-244
-816
-725
-858
726
403
-576
958
423
-65
527
-180
-179
-662
-512
333
-638
-883
745
613
81
-880
-693
580
729
145
-456
694
553
193
755
663
-869
-517
-704
754
942
-335
-134
564
156
-331
-253
-767
602
-207
998
-494
-354
-204
936
-70
-310
90
-195
756
870
-58
-89
-901
-372
703
42
293
973
-316
-149
125
961
924
-58
-869
-212
-866
814
115
28
666
-449
279
494
675
479
649
640
-278
-365
752
-319
-728
991
422
-811
-473
181
-451
661
-802
-849
540
99
-361
-313
954
442
46
435
-699
-412
168
510
-946
998
189
513
117
-122
-108
465
269
253
-230
98
28
119
-817
170
-606
-602
-771
-128
355
598
-907
-878
706
-116
72
-346
875
744
591
-408
-51
-358
999
851
499
897
732
843
-98
-883
-943
966
-671
-298
-102
-789
-648
886
