7345
-308
473
-179
557
-533
841
536
401
932
-653
-59
-545
760
-814
200
261
826
-769
785
-241
-789
444
-566
-483
564
141
-951
387
239
-282
-830
635
755
-17
-899
837
-470
-843
-33
-466
-928
746
-488
-242
826
-852
-648
379
-895
803
-706
332
698
148
639
-392
323
963
-161
44
-581
421
-368
-789
319
-685
-140
-257
61
-406
352
958
86
832
-529
-327
469
993
-993
-642
-73
839
-451
-499
-890
904
-792
-681
854
-951
628
-510
58
-639
-498
537
-860
184
551
128
40
654
-737
-650
-885
72
159
835
77
-172
-142
81
-464
222
593
-586
-252
-308
250
-513
961
-716
540
649
464
797
834
9
-393
-958
713
-404
-449
-829
-544
328
-941
-474
811
-783
806
-341
-908
-265
993
765
447
573
-919
-156
-473
-715
-487
-985
-54
470
369
-498
910
239
587
-362
-625
-266
613
-498
839
473
560
926
-120
-746
-780
-136
57
-586
30
-506
-838
675
-137
-685
645
-101
-350
-58
371
461
977
168
408
704
-204
135
-307
-894
944
931
264
14
88
181
-774
487
-565
176
-859
-31
154
415
87
-545
579
222
839
-794
-578
469
363
-703
484
-465
868
542
-953
617
359
421
-365
549
-808
-247
-657
494
821
-649
111
-474
-420
268
-103
860
-598
-13
-879
-423
-319
-981
-156
-615
-507
-26
-530
583
-716
798
-168
800
-640
403
705
-342
826
96
408
430
-788
907
-349
224
242
-886
-209
367
-138
-717
-395
-488
632
380
-171
-107
-266
-799
-110
-557
605
-60
-214
-815
396
895
112
452
657
-747
231
-649
-93
70
493
-720
396
-655
-47
-434
-608
308
611
-114
-34
-673
-265
269
-798
518
646
-920
-892
933
209
-289
1
-978
-558
-120
355
-819
-207
175
352
-291
303
843
44
-892
-957
60
-452
441
911
-559
-855
342
606
278
-612
-696
44
506
-324
291
801
206
-335
-829
-228
26
-700
-691
-695
-870
-363
-444
30
725
952
263
184
-162
349
791
268
-429
-741
743
844
211
649
-20
953
-275
793
820
48
931
-31
-909
690
253
-538
-376
-845
362
-137
94
-545
18
-61
910
-796
-426
985
-174
544
409
810
644
-232
-312
829
629
145
900
719
-502
-1
-31
-172
513
648
-842
638
-559
-876
-907
-343
191
-172
821
-895
797
891
-950
-175
797
701
231
729
915
115
617
-341
280
-136
-156
210
107
820
828
223
-222
-574
410
913
-818
-545
-754
272
-628
-814
-477
-377
-792
514
94
668
-628
-823
-944
380
710
-797
843
184
-856
754
449
-986
537
-270
312
566
745
-188
-310
-62
-767
-615
-247
672
889
989
-400
-969
211
-995
4
-68
228
502
-71
584
-413
-20
-975
87
-726
-749
-113
-272
490
-642
122
140
299
674
701
389
-288
-11
-309
-804
953
-216
-960
935
-798
927
562
-155
-263
937
150
-753
253
16
-385
-562
769
447
-526
723
-32
139
21
422
603
-33
-203
590
126
728
439
89
-400
-151
326
-262
-727
-468
331
-579
670
358
779
151
-696
-74
938
-594
-894
842
-403
-622
161
-115
381
-8
-162
545
392
-687
415
69
673
-325
68
-93
-585
3
188
-935
-972
934
-1000
801
-964
99
487
783
-971
-594
129
-505
-523
147
-400
-119
-761
-491
-73
362
-952
-13
-938
-896
-914
-139
614
473
-969
-551
111
153
-1
-620
250
-978
492
-425
-48
-207
452
-224
-767
716
-66
458
-368
18
486
-718
27
672
169
-458
585
782
880
-708
-771
113
-694
909
647
-16
-286
492
873
-399
640
-345
-570
-336
-421
793
86
-485
-68
-87
7
-3
926
-286
-514
-331
609
-976
-133
-238
109
68
762
-995
-556
180
758
499
544
-862
600
414
-340
535
701
815
623
-676
-107
-710
-222
629
-232
-83
-349
-117
803
-930
-894
20
800
-799
-439
-720
-220
-557
-680
243
817
437
542
-886
-772
-648
-844
-740
-359
242
-941
287
-270
507
-730
755
726
695
-198
991
991
959
833
854
12
142
-698
357
-868
-955
-949
-884
124
-485
639
487
488
-587
667
-584
606
382
747
-13
-928
-253
26
646
-921
-595
422
-990
357
-900
50
-118
-861
-387
-758
-889
473
-280
-575
469
-36
-488
-569
574
-815
-25
167
33
-656
-538
-836
-209
-381
-618
-989
114
-642
-490
-21
794
153
-535
-711
564
409
35
712
-535
-547
-528
-386
-751
-925
673
554
115
-230
-732
794
442
835
-34
-280
-795
-911
-968
116
331
-417
356
813
-168
352
-902
-535
-951
-510
-445
645
832
604
417
678
789
-986
-519
941
-807
-296
798
-904
-9
939
235
-970
-598
-645
-467
819
453
-418
-437
433
83
-882
-974
-889
-4
-830
657
-989
944
-725
942
588
-365
874
-252
611
597
735
-214
119
429
-660
-640
-505
-655
679
-840
-46
-284
623
-369
-870
621
-426
215
-761
448
653
626
-552
-276
-291
77
693
-976
353
-89
48
218
-94
-788
-23
-274
-294
-446
-335
111
-295
127
454
733
-26
837
109
-709
-547
972
973
-645
167
-70
664
985
183
945
165
-143
433
213
408
-994
469
-488
580
688
-391
772
503
872
-828
741
611
963
199
944
-308
481
-794
932
109
-271
-588
-356
-139
923
877
-51
959
777
-308
-366
368
-398
189
594
-982
-59
493
683
-227
959
-467
-387
60
-150
-394
965
157
610
-58
-444
554
-140
-792
-980
5
85
914
119
985
-244
-712
243
-197
429
606
334
863
659
-134
890
-9
-55
-664
461
-874
614
967
-377
771
-973
656
961
233
-583
279
-129
859
844
971
-655
-219
-274
983
332
350
-735
619
79
137
-579
132
741
-806
-790
-489
-569
-59
-773
446
-21
-669
615
-487
-147
-370
117
-410
-792
348
-605
-725
-864
-408
419
-625
-769
907
-541
-952
-405
234
-953
-704
801
-727
469
433
784
-371
-419
95
996
-209
995
-635
-659
445
-597
-73
459
-550
-17
358
-904
-938
-96
467
435
24
-250
-21
-876
-585
-314
416
609
-280
735
-424
-308
322
193
-34
-26
-307
139
-793
69
-519
351
-721
-691
-821
100
850
142
-734
-617
-634
-791
56
-576
133
768
-748
460
473
937
-708
-948
192
-849
-633
-551
31
982
-559
339
-957
-535
408
565
-894
449
275
518
720
627
-222
-66
-946
183
-272
-446
-19
49
805
-625
-17
-850
248
-97
-946
365
242
747
775
39
77
478
-482
-36
748
257
405
844
388
408
-313
-434
8
504
734
353
818
-893
756
-148
-819
130
599
468
288
-307
-906
-630
597
-182
-408
-642
-601
-288
-228
-652
633
135
-630
-559
-12
-481
248
402
585
-279
905
297
676
-635
-911
662
-303
841
-877
-354
121
250
411
-406
-396
-54
455
-962
-974
-785
304
996
309
-708
615
452
-954
46
-118
-13
952
-667
965
-826
138
861
485
465
-635
-920
-727
-992
-811
-135
753
-176
-155
-272
-152
-885
-77
749
-290
831
818
563
-946
-694
-497
-806
-721
708
-181
-80
341
-87
806
-194
-393
146
-131
3
427
318
-134
191
-914
-110
490
-690
912
362
541
831
539
554
22
-481
276
886
753
23
443
-885
-876
-945
989
-856
334
-259
921
412
685
-34
495
-51
-788
-624
-909
-254
-24
-358
449
-802
100
-632
-741
-326
35
-122
-178
-851
82
-423
19
-662
-72
453
833
-569
-123
-738
-321
-251
-776
-882
-473
-239
-99
111
-234
-666
-973
-970
144
-756
-676
-115
49
-415
477
-628
830
-510
949
707
-710
183
267
-907
917
-232
-800
-796
-962
-688
643
-522
857
700
-333
-431
-757
304
-129
584
-430
-553
-743
818
2
-12
186
851
826
138
-481
825
-347
548
592
37
-851
-78
-159
148
-855
144
-846
-246
-425
-11
-447
602
-891
-651
-64
499
-935
35
-592
-550
849
55
-548
208
-299
-168
-973
353
408
-890
589
633
-595
-618
990
-46
965
635
-999
-114
535
-979
-260
365
-503
-359
-983
412
-181
805
-956
-374
451
-658
-216
472
834
-416
997
445
-458
-495
-668
-653
873
154
123
-607
-522
-301
459
-266
747
-70
182
431
-518
560
815
341
-310
288
-662
934
-949
-659
898
14
-121
-105
873
66
-93
361
362
232
-187
-302
-6
-426
559
-147
685
-618
-103
496
469
99
-211
-802
-874
660
364
441
660
-351
702
-168
878
-714
-489
416
-908
227
-444
482
211
-691
965
-767
401
757
53
-690
-61
-301
-396
306
-915
-689
214
263
-79
-181
947
-381
-440
-480
-785
226
271
-220
309
943
-487
501
413
879
786
933
93
427
-765
257
-53
-40
-47
-192
912
-844
704
164
-297
814
438
-304
901
-574
762
663
-941
-991
-54
-596
-393
-791
-836
-820
-191
70
860
436
-191
980
773
671
-91
144
139
464
-640
-950
-860
-423
-249
-7
983
-954
-123
203
732
873
-754
167
-413
675
-352
-462
417
-53
949
-358
117
-898
421
2
-263
-205
633
490
532
-951
42
-39
-388
-160
-152
986
-487
97
-282
-670
276
827
867
-278
-642
251
884
-644
-115
887
-4
958
-639
-697
-995
166
-587
384
312
297
-239
-241
-463
-331
781
-162
846
-473
335
-138
-274
-183
693
-543
214
-644
-962
-342
822
574
-733
-92
-261
-457
-588
195
-738
-570
-116
-517
569
755
86
708
537
657
697
406
-914
-558
767
567
-864
-874
372
-546
604
274
793
515
-580
-487
-601
-219
117
618
-559
999
-166
469
-493
-504
221
123
183
-595
998
369
-778
238
-164
976
379
810
272
-83
-109
-937
-327
-432
113
362
617
67
-802
-401
735
889
125
598
-122
-568
973
106
731
-140
-297
-33
-372
-870
599
-553
331
870
88
-399
-607
-31
-200
352
544
330
523
-637
-639
591
27
-378
588
-151
236
484
-74
-638
142
-650
-971
596
748
-355
-337
-593
609
872
944
-442
538
306
681
742
-170
252
-938
52
682
290
-648
482
-910
-531
481
-194
626
853
815
472
-310
-96
367
-947
536
27
163
-668
-121
-509
-754
21
437
-879
-85
513
450
656
782
-286
900
-484
-302
-561
8
889
-510
-4
610
861
851
-340
-346
-197
-738
580
864
381
-404
-306
13
173
-503
-730
428
736
827
981
79
-593
844
791
-181
228
-301
-773
-177
-483
-478
503
-622
-80
-8
773
789
620
-251
-195
999
-89
222
-832
-713
-215
679
-33
100
-44
-627
-730
-303
815
-394
-919
-668
285
-753
-455
973
383
-555
-926
36
563
16
-364
699
-394
89
-627
659
29
77
-145
458
204
-999
435
-543
386
-843
-359
-164
1
-259
-613
835
557
-406
157
-442
-767
736
-141
-723
344
304
-880
-148
-834
-162
805
-410
372
573
350
489
-182
726
565
-585
-580
-873
706
-107
-868
56
-512
-869
232
552
652
-836
903
-249
-244
496
853
-627
-662
-467
184
903
620
661
-353
-542
-526
744
-74
175
-453
761
-520
887
243
63
-174
280
973
-318
496
-994
-583
-299
790
925
211
659
-723
-103
104
-671
-616
25
101
19
466
224
-2
395
-491
-661
-297
-563
617
-535
467
-402
-312
-828
998
-38
26
-962
937
-924
322
-810
266
840
372
-502
-179
-499
-159
647
916
-426
897
-69
918
295
-37
908
47
277
884
753
515
630
785
-274
-256
520
-469
541
191
-227
-833
23
-234
756
174
-765
-898
-413
-120
-843
620
-144
-16
-760
671
767
668
-266
293
598
-277
-189
9
780
947
-678
-979
-672
-826
-209
-496
-91
-672
-588
-996
859
576
-825
-946
841
-528
520
835
838
355
-903
60
-488
-69
62
590
611
659
675
760
-429
895
-67
-366
-763
-353
-311
830
-449
218
400
-434
-768
-356
252
-766
-990
-978
516
251
-628
911
-125
609
372
-52
599
-882
850
881
550
837
-369
556
-614
850
-916
106
77
624
335
784
144
-495
761
456
-459
269
595
-106
892
-758
230
-698
-502
387
-615
-155
662
-359
-523
600
-962
-269
405
956
-490
963
-103
827
432
135
346
-793
711
73
872
-681
-43
979
286
-804
-987
370
119
382
-429
-282
-886
136
735
227
497
716
-592
-825
-760
-812
-555
664
752
-218
-537
761
-525
595
986
-759
-222
-899
-750
393
697
-269
770
-88
-108
906
832
-915
-564
569
-123
-321
-150
961
416
820
860
375
-742
468
325
48
-460
-694
-322
360
-36
-153
-118
174
-353
258
680
672
936
96
-399
-498
855
92
-686
333
-100
195
-541
-709
643
270
581
346
-454
349
555
908
748
-899
79
537
98
-538
-778
943
448
579
61
806
539
-578
466
782
-694
23
-848
-952
-86
561
-830
111
443
106
-920
-335
-664
-107
-457
717
596
342
-565
379
847
-167
-296
-718
-967
815
-914
-310
29
166
267
-113
-434
-413
-342
718
464
639
633
95
413
-517
664
-97
920
674
317
649
-786
-422
-555
353
872
-539
101
-915
-595
-598
-674
-624
661
780
239
-940
-792
724
-364
226
996
-801
-323
145
766
-682
873
794
-304
-746
-575
-156
-944
-884
-927
-992
-975
95
-751
-749
-606
585
-814
155
-235
195
-477
-640
-117
300
67
793
426
-234
-319
-712
384
286
400
915
-127
-762
-490
-560
-516
-64
68
652
-259
601
-241
840
315
271
-68
-64
-111
545
155
761
554
466
-662
-841
325
-551
139
-936
921
-184
-368
-847
-335
-282
-46
-110
-136
763
784
-568
-768
-776
-171
-144
124
-207
674
947
542
728
-261
-734
363
-521
62
-513
-646
250
-131
805
-725
6
-131
38
820
-182
439
-481
-809
49
971
-359
-273
48
-331
767
-487
802
-600
519
-912
-306
-154
991
128
-927
578
758
-772
-978
-340
-844
-772
-977
-837
-618
-498
582
-598
474
-724
820
-311
771
-194
661
-780
602
294
-746
-112
-671
-214
-971
-271
341
-737
-876
506
-528
-528
361
-676
-921
-306
-588
-929
-73
1
493
702
-553
365
-966
652
442
432
-677
245
499
-313
50
112
549
-31
802
0
902
955
-93
634
-624
-294
-562
-767
52
487
123
140
923
-92
-27
-231
-550
-291
439
-230
433
-454
-74
-882
176
896
-758
-789
-858
728
9
455
-152
-57
-334
-202
731
-580
-333
-546
-386
-599
-72
662
662
-247
-479
-387
-361
-369
702
231
588
-1
-135
113
-508
-778
-640
-874
-855
499
-210
330
350
217
-235
803
-220
-707
763
72
233
698
190
-302
958
-588
-940
-865
-621
-263
-301
597
657
-525
58
-29
-701
475
-38
227
146
216
-507
812
684
356
-847
388
816
575
-359
-77
937
77
97
-173
437
-310
-477
835
352
718
955
458
-14
684
107
744
-975
-604
476
-520
-844
-1000
-14
466
278
444
410
-930
803
838
195
-653
610
933
-58
765
-913
-49
227
-132
84
-990
-295
729
-717
827
-622
20
835
-219
249
-808
-76
-918
857
-736
-720
-315
755
899
481
279
-117
-293
-647
56
-432
-348
801
-250
-698
863
-366
-119
354
102
826
295
161
-454
299
-206
213
536
-954
783
-67
-6
15
67
640
633
-99
-810
870
-367
560
473
-653
781
-849
531
-543
913
-946
-169
-983
-442
361
274
749
-401
575
48
-379
827
-243
-930
-12
-188
181
-694
-938
820
-484
-10
552
-217
-339
572
84
363
829
955
-152
-397
-164
480
642
780
420
-416
362
-617
-318
977
-308
-539
990
-872
-16
577
-280
-627
936
-650
273
-148
-427
-479
627
-684
262
-446
782
-766
-17
412
416
-104
-430
-644
608
198
-484
6
-472
-886
-962
-742
700
84
342
982
-117
-46
-582
-363
-847
-21
769
-587
790
663
350
-778
-521
283
-374
-977
799
-717
-164
-486
-111
215
247
191
-203
-880
-112
927
701
340
747
-537
-142
892
417
-860
-48
87
-528
-155
-917
792
-497
860
-4
-949
-804
175
812
-651
341
-821
91
584
943
-728
525
-587
-858
-825
-717
-356
-975
-153
-527
-192
161
519
-271
710
870
663
-364
299
734
999
-656
901
763
-207
-870
978
-720
802
-479
925
216
211
597
159
-14
-762
-62
-399
-371
844
877
-480
-692
-45
-311
105
950
221
102
-924
366
364
568
-178
473
-823
-641
398
33
387
-552
985
-27
-443
927
-560
234
112
111
-505
723
24
56
-527
360
-725
668
71
278
155
278
759
771
285
839
505
-900
-822
-785
-163
909
-173
340
-576
-484
833
513
958
514
202
862
-143
-425
-224
-552
-921
-983
307
574
337
168
-313
-793
-856
-478
448
-142
-565
854
-855
540
-861
919
-219
856
-233
495
-547
-834
507
-355
23
99
995
-35
216
-784
-346
834
-960
-382
-242
642
819
237
523
286
-808
365
791
-980
203
427
756
-572
-483
-119
626
659
-933
170
573
-833
620
-223
-510
136
67
676
978
-169
-939
-852
-496
774
-572
204
116
955
-38
252
290
803
945
337
404
55
-705
378
-92
925
-800
-374
-426
237
-965
429
962
526
-554
-200
207
-419
-714
498
443
-119
-642
217
-409
-226
-152
82
-737
-787
658
-495
-552
-604
880
-655
130
767
-848
304
-52
-342
-854
490
-266
273
373
-191
-462
823
839
-554
660
-417
645
214
-727
91
-424
-732
-269
303
577
703
354
944
611
-305
527
-354
-946
-750
50
891
604
-931
67
-137
724
81
-963
-198
-131
924
-258
-612
-660
-759
492
293
158
245
-174
732
449
991
7
-66
-468
491
-785
-898
-561
242
651
179
198
-246
172
306
615
-674
-475
664
346
634
-914
116
-312
-619
277
960
-996
-230
-961
-854
-505
-475
204
227
672
-905
-904
-173
-504
-698
-963
-458
746
-379
-90
695
-607
955
975
808
917
434
-904
363
29
462
424
720
-120
-249
-770
236
71
-811
-125
-14
-734
-680
-789
-592
-294
-591
-197
777
638
-367
-732
-406
840
124
605
764
-513
520
-785
805
111
-280
-631
394
773
256
868
-795
-268
-492
49
575
-586
-735
799
571
716
-792
-743
-161
-394
482
-645
-737
382
-427
149
-264
-946
-382
-792
838
946
-121
445
-174
-376
-1000
-27
-485
-108
-731
-69
-97
992
87
-394
-841
-959
333
-422
829
916
174
750
314
519
778
809
496
-731
-862
342
-943
-615
-288
470
-277
788
179
532
-160
-311
-629
-749
-554
-779
-242
-380
-681
540
-923
-828
6
270
-953
962
-561
25
-929
94
409
56
-68
861
-276
-663
325
-215
-999
-771
615
-618
314
344
-852
335
70
-808
458
942
-639
34
213
666
350
167
306
-981
850
-762
201
697
-425
-548
309
82
-119
70
620
-917
784
167
-170
-386
811
-219
556
897
-91
829
366
823
-473
551
672
384
-326
868
930
-148
103
435
-325
-163
-659
660
-287
185
-819
-492
-696
862
853
102
-219
337
280
435
-163
-961
71
-968
-785
164
94
-450
-134
-54
701
583
-724
-407
209
-540
-215
-643
-897
868
356
-203
-116
246
-35
-312
156
575
-521
-334
-363
-889
948
956
879
494
-592
-135
-278
-515
919
636
220
-202
-12
-985
-570
-739
711
287
65
688
-655
587
-678
114
95
-229
-584
725
-159
774
-634
-587
678
859
545
994
662
521
-561
-666
-645
362
202
-11
781
346
888
449
-823
501
120
653
-995
334
667
378
962
765
-307
349
-681
-240
-849
-111
6
322
2
-871
581
-840
-63
830
-469
328
475
-938
-164
357
444
-234
19
-203
616
686
-788
-157
515
610
-117
-880
912
-246
460
341
787
-193
920
755
773
757
272
-452
-924
-344
169
-406
180
735
-827
940
758
-194
954
-174
132
-665
-191
-370
-58
-784
-531
-694
-476
-353
-747
600
-264
866
-288
388
-418
-708
12
710
124
-310
-245
404
-168
-93
-773
420
-165
-179
609
31
-912
-131
-255
562
616
134
-20
-3
141
-893
342
318
-527
911
-158
136
354
353
-627
444
204
454
-620
-6
60
-249
819
-575
-243
265
571
-958
-880
243
-769
867
-84
969
300
-225
416
999
194
602
-111
-902
579
915
485
857
102
338
-998
321
-72
-16
-813
445
801
662
-672
516
-114
990
-118
-419
384
-202
-664
-579
721
387
-928
-159
-82
801
381
-345
-907
-39
617
-713
396
475
-440
-257
-117
731
-878
555
728
200
-406
356
510
7
-337
-177
184
606
-226
-746
703
333
2
628
494
-169
394
-550
-738
-467
581
527
643
604
876
-940
530
-275
-133
68
285
-294
-370
-86
733
-239
-555
830
-437
-64
-940
-488
-725
-448
-951
-475
597
-145
-870
-442
641
517
586
453
910
632
-840
-365
-801
603
933
893
-508
785
-320
-275
752
576
-641
-531
-244
-176
-116
-970
-905
-270
969
-362
-344
605
706
-176
610
980
238
-434
-574
-540
785
385
728
89
641
-167
-928
-672
323
192
316
775
-958
-544
896
945
-965
-507
361
630
263
61
922
407
-106
-820
341
-946
453
-916
-365
-845
-805
930
-928
716
822
-724
438
-388
653
-26
52
668
881
715
-838
456
565
25
-588
-640
55
-707
593
-34
-694
606
-658
887
481
-154
4
-662
202
378
907
70
-11
810
649
-295
-368
276
284
-782
672
899
175
-88
958
-619
124
-108
379
763
-354
-664
-958
-151
-638
323
312
-451
650
-387
898
-804
-147
412
132
328
-65
26
-927
-194
-712
189
116
891
243
22
714
847
-923
-139
-183
-454
920
345
-447
898
-780
134
62
-489
-583
-961
359
606
-373
-717
-826
-999
537
-541
-444
343
812
625
961
248
-503
-763
44
745
-860
809
-411
942
-287
-508
381
-67
167
-204
982
-233
-412
-940
-739
706
-425
-227
-16
209
-226
-567
781
981
204
-381
-551
-564
-298
-359
42
232
-933
163
754
-565
222
910
-136
254
657
465
-908
-911
-224
529
823
-948
-265
-672
-715
692
-640
736
48
-198
861
357
-46
365
430
-248
-505
-352
112
-153
-940
102
211
-102
-440
745
-714
385
-851
186
960
538
-165
226
509
430
-758
-809
708
-53
-479
-245
354
-244
80
191
373
-220
-714
388
758
857
896
-670
-957
-531
95
-559
312
313
293
980
410
-526
651
-169
799
-51
946
-339
-450
126
324
556
-545
-628
486
932
910
513
333
506
1
-707
-295
115
179
762
82
43
300
-981
-450
-682
-65
-595
-131
782
-879
-465
449
-853
-47
654
-931
544
840
-455
776
370
-723
-508
-434
660
-779
359
100
-979
214
582
245
235
-425
-4
798
801
86
-256
323
748
-955
570
476
707
242
271
271
-948
465
935
91
284
584
-32
46
-89
-458
-420
-28
-171
33
341
236
709
-500
704
-775
651
81
367
-478
-380
-16
-895
-618
59
548
-620
384
-459
-802
235
722
86
-575
-6
65
-250
-567
222
-179
30
616
938
907
-580
-17
667
177
-953
629
829
590
620
-985
-73
-684
-378
-788
-798
178
540
308
-841
306
389
-708
165
-101
551
-799
-654
-620
476
-801
-471
-602
-634
100
-830
-3
601
726
927
-949
-90
381
754
-247
281
-370
-164
154
312
-683
-272
-610
-388
399
678
976
-436
561
-996
636
-828
-855
695
-95
-651
-465
983
174
853
855
872
477
-169
-779
-811
233
-746
-163
471
-275
476
-41
-117
58
751
-820
-255
-140
-86
975
-528
730
105
411
200
-32
45
-396
751
-742
-752
412
-707
680
-877
-666
-77
-711
-781
-865
-442
237
-869
-211
-726
-85
-446
567
265
-53
197
591
-477
-975
-257
888
687
566
-476
632
223
-507
541
827
-447
303
-530
-255
-942
460
-700
613
78
127
-582
123
-606
84
618
646
675
-728
-560
-637
-569
-779
458
821
672
201
-532
318
265
386
225
550
-695
312
795
379
-507
-794
-933
-922
530
615
508
357
936
-503
-998
-741
290
-207
656
80
-159
-821
911
918
880
779
-661
-839
-157
-635
-98
914
-695
-843
-992
-999
960
-36
-754
-60
-393
361
855
-576
-162
495
710
986
-934
664
938
-549
438
-810
529
-226
-125
433
994
-881
367
179
-838
690
868
44
959
-275
-281
226
-928
435
945
-632
941
334
-838
602
-717
89
-623
291
-912
-329
-8
-389
-924
-302
-836
-800
-984
-684
771
-785
-839
-485
14
-497
-36
-835
-866
987
934
409
146
426
867
101
350
-275
-748
-775
-264
948
614
-56
572
-355
429
-506
-768
922
672
154
897
621
109
-463
-708
-525
-35
-100
-567
-837
738
712
705
514
973
40
-624
124
525
961
-43
-48
850
18
-745
432
-913
-3
-126
724
285
-90
319
-654
-100
-1000
65
-228
708
878
-116
-681
26
-827
-160
99
943
267
-893
-437
-478
227
844
-597
726
489
219
-119
-50
924
759
2
-636
189
416
738
-439
-429
722
-786
-665
440
507
66
162
883
659
978
764
578
426
-529
-408
276
-335
585
679
-879
238
-565
-578
-233
-894
-72
905
562
-825
-161
-264
550
-781
445
407
-676
554
368
-548
-297
928
724
-294
594
-181
636
418
-56
982
-706
-327
879
-750
-453
20
1
424
697
32
-983
778
-529
-706
471
839
-931
-133
-400
173
38
-130
789
-72
139
-261
-787
297
613
-476
50
-718
-290
239
-971
-19
604
-765
639
828
363
348
-410
28
-346
-930
632
179
-830
486
-426
248
615
587
-720
289
380
-92
633
311
-34
-525
-185
-713
-564
-417
-503
642
322
735
613
-285
464
-78
45
384
183
572
-83
458
-496
315
628
959
-504
-776
-691
-689
-437
568
617
139
924
946
650
905
478
459
-546
676
370
61
-426
609
766
502
19
380
-298
-307
12
945
314
863
-563
-74
-500
983
-16
-155
-740
333
625
-696
514
-395
784
-243
-362
824
-248
-55
-81
-64
695
825
919
-212
-422
-957
-760
-141
839
-181
-122
262
-346
-815
-425
-162
-772
440
-685
-411
309
-654
-588
976
93
-634
26
201
-756
-108
-162
-260
-820
-449
-415
343
-344
761
240
308
-302
205
22
291
-319
117
-594
-624
-698
923
-397
965
105
-3
327
648
229
138
-964
-588
588
-88
-414
-475
424
-904
-354
-211
416
-14
339
-556
35
-342
671
972
724
132
101
-894
177
-989
-126
-224
898
-835
-258
-832
251
-22
273
-869
414
-645
976
-512
240
-744
-989
352
-730
-750
-348
965
140
-137
773
-749
705
-333
-274
-873
-349
-701
659
716
482
85
-450
876
-204
-644
-882
-189
501
-448
-773
464
728
738
-732
997
830
557
679
-915
-47
263
140
-499
574
358
927
-557
494
-128
377
-421
287
-293
634
593
-381
-220
229
320
261
763
71
-247
-493
874
981
-401
732
-970
-687
-545
-664
607
376
926
-818
-958
-740
-486
806
925
329
770
-532
-126
-250
130
157
341
-821
54
-830
928
-919
559
710
982
377
420
-123
-541
-891
-944
-509
-574
477
-983
-507
-711
680
337
-832
-385
-696
-635
-611
-482
-937
-397
-538
756
483
-232
-784
739
228
-537
-892
-105
790
214
-164
280
-984
867
214
965
-593
-77
-984
-47
-841
-645
304
-502
72
-216
534
-589
-191
-616
674
-716
-477
-581
-589
-72
-980
-956
-717
-972
-625
-726
196
-137
717
316
-410
-324
290
-671
265
60
-82
-932
234
193
-514
-514
508
-779
-218
-906
996
-150
990
-109
-976
-237
-538
-997
-892
782
103
180
-93
-811
-808
511
215
-358
857
372
-898
16
912
712
-415
120
718
460
465
-871
604
528
672
-775
391
676
522
-888
758
-866
-178
492
868
295
-387
-826
910
784
813
403
-470
-157
154
687
-190
932
-646
388
732
-154
-421
209
-953
-966
-292
470
-380
-670
-523
715
-274
339
387
-177
856
921
692
-210
-78
596
139
44
567
816
-591
671
-650
339
-376
233
-917
464
637
802
-806
584
938
196
391
-656
-299
-512
612
-867
-136
-50
152
780
589
-623
777
-770
518
569
854
161
-921
978
-637
842
865
-38
305
845
27
-832
665
15
366
-24
581
499
-882
-485
364
65
-863
-405
-504
-667
-451
-845
982
739
18
317
345
488
-384
-690
459
-325
-634
508
-271
-365
153
719
25
482
-834
-75
195
-241
36
832
-807
817
-655
26
28
-633
823
-71
637
69
610
-51
373
-439
-927
933
626
-36
894
-814
-626
-636
236
244
-803
-155
220
896
339
872
-196
-749
-577
-188
-84
96
488
248
863
-363
-29
106
-325
-532
-130
378
-628
-979
-740
-944
-693
-47
-258
-331
-458
-943
826
397
925
-83
554
401
-952
-840
-605
11
120
816
400
-390
-183
156
43
-106
-864
-817
840
829
-73
-519
94
556
690
572
963
585
765
683
-173
-723
180
111
668
-241
878
291
232
-885
-489
-17
952
178
9
-109
-54
-5
-874
985
-361
39
757
188
508
482
214
984
914
102
-284
631
700
937
-714
-134
-291
-810
-559
649
-797
-391
-322
337
676
-12
-813
-148
-13
927
561
271
-17
-900
-822
-708
-264
72
-196
232
927
270
463
583
-614
534
-266
-573
288
-230
261
588
-761
248
-784
121
-121
-988
-708
-596
-742
613
373
900
-957
720
362
-180
-71
-942
-760
945
110
-666
-750
96
-400
774
-390
622
283
-305
175
-959
-840
-243
834
-468
-457
-811
-714
-616
836
434
949
317
-951
-730
-71
-192
576
178
-50
22
435
178
-495
-697
754
399
-876
590
800
-936
449
668
-293
-741
280
-547
598
-660
-617
882
-875
-872
-491
413
-508
-604
-772
-788
-445
286
705
-884
-734
-731
816
-178
485
597
408
-521
981
-102
97
-846
-541
-138
918
896
-919
-643
514
-240
-929
-243
651
-855
23
76
-634
-124
-106
681
-347
-810
-289
980
516
-261
413
-374
316
143
-452
-775
-223
-699
85
738
959
-678
981
812
140
-940
936
868
105
-811
311
-510
-198
-197
92
280
144
57
-179
868
528
320
621
916
898
-441
-214
825
487
-5
-876
-701
-249
-337
828
-100
471
676
-716
498
612
-893
-600
-788
638
487
-71
13
644
-711
-254
-138
-696
915
-391
-394
-642
854
916
157
-106
-874
228
-722
-924
-830
-845
99
216
-494
-346
602
-161
506
-897
268
54
75
-639
-418
-491
-23
-992
721
656
535
-331
-507
-667
-963
-52
-406
163
92
922
-506
-504
488
-290
-493
852
-652
-206
672
-657
44
526
647
964
-997
313
-193
-615
-3
-131
552
-900
-273
438
-157
587
51
183
-220
-448
-209
537
416
-41
-971
704
-335
654
909
-355
264
-1000
382
-295
433
-451
171
-91
-94
450
474
107
-274
-848
-143
-240
374
500
-119
-999
815
-158
901
486
447
567
571
175
832
-38
-912
234
471
-3
99
-810
-434
630
-881
248
-323
821
-140
-833
-904
657
-640
-810
802
99
-74
181
991
254
352
-940
262
-470
689
-738
614
316
-781
493
-992
595
-161
728
-654
-606
972
566
-573
629
-786
-851
426
433
-113
-596
-855
109
-276
-479
-537
-457
-154
696
748
-348
521
416
341
-104
905
171
-105
-130
615
-205
800
325
804
-300
-967
551
637
-247
71
-522
-684
247
961
-923
47
32
-116
465
-358
101
274
-997
135
-933
338
-589
-106
72
-896
-975
911
746
205
-109
892
229
641
-818
900
55
213
483
-782
-614
733
-479
-284
-267
-494
-48
607
-433
-418
753
-112
-735
464
527
-691
983
336
945
426
531
61
-32
-856
-131
-207
752
808
603
-762
92
141
-743
-270
850
-161
-618
-51
-104
491
202
-941
-790
424
791
-571
50
-380
-68
-774
-574
381
656
-669
896
-164
305
-404
271
828
-135
-97
406
-519
265
834
-33
819
-267
848
-594
-607
812
-842
76
-734
594
675
-897
798
-53
34
167
811
-394
85
104
461
-492
263
655
-491
-764
-893
643
-615
-435
-621
-662
-140
855
-239
133
-428
-122
-679
-872
994
628
-497
186
143
-967
765
165
313
346
581
11
61
-389
165
598
278
-302
760
409
195
-22
-696
392
295
-432
242
-208
938
-690
994
-155
589
738
61
167
-277
-758
190
-672
-165
-98
40
316
-319
153
26
869
212
-155
-112
395
-790
-797
134
284
464
-124
648
-315
-554
119
-156
613
-921
-416
49
-838
998
-928
-359
251
-29
871
-606
-191
-643
-61
-550
-157
-350
-893
784
237
-302
-724
704
555
66
-361
646
-409
12
438
68
-867
-829
17
926
984
596
-382
595
-949
-40
888
-746
-850
870
-676
-6
274
373
-258
-420
-797
-881
442
-70
585
-990
-115
210
-37
-16
302
-795
513
486
395
666
-988
-375
385
206
-588
412
951
-263
-603
-258
-408
-355
359
273
-437
24
865
165
449
-840
698
83
954
-386
-637
-762
-284
683
-620
771
689
951
225
-103
-541
160
-199
563
-409
-257
-709
187
636
-521
406
697
-338
983
-805
-264
-333
-673
881
234
337
-785
-667
834
411
-662
-69
127
646
-263
533
-72
44
61
31
-606
732
-260
981
815
667
-500
-574
769
-661
-962
166
-691
934
738
-830
506
-296
584
-93
-872
311
791
105
749
640
150
627
-502
398
487
154
-163
-967
-940
-330
-112
121
769
-656
606
742
-383
309
-634
158
-555
227
696
-143
239
-381
668
989
-331
404
738
561
-448
-176
451
48
-108
-707
391
692
-358
194
624
763
713
-877
692
115
-428
-869
-664
-482
-819
870
903
-654
742
-664
-622
-192
-72
365
-223
462
972
-850
-56
-861
-137
221
-284
-865
-300
-131
757
517
969
512
742
997
-630
847
647
618
-948
-896
620
-403
34
103
878
724
260
747
879
-405
446
-173
-421
77
821
-947
266
-417
67
731
-207
-151
-429
411
-343
738
9
658
-233
471
808
-956
250
-649
-921
-350
-332
942
-530
-880
351
732
-918
754
753
-750
-400
802
-742
280
830
641
634
350
-195
744
144
365
835
249
-467
600
-379
503
518
-28
457
-274
-1000
-126
-583
353
-282
53
804
-17
126
677
302
-896
218
-130
744
-335
323
37
-134
474
-737
601
-131
297
811
274
677
-691
-988
-888
75
-368
-402
546
393
625
680
-150
-481
494
471
-838
-30
635
94
629
116
497
671
516
239
-394
924
763
666
420
230
-792
-2
281
-441
-505
-157
-373
475
133
307
565
-680
207
-384
307
366
421
-943
518
-359
-863
-105
148
-220
30
14
31
296
983
-80
512
115
878
707
-480
-93
-187
403
307
609
-948
650
977
186
792
475
-286
-152
492
-338
-986
-608
918
-731
-194
-907
840
797
-118
794
370
673
-32
-108
233
-119
662
-691
982
463
924
-699
-579
386
-551
547
680
-637
-80
-502
-720
445
494
-521
760
-46
899
630
-683
-560
-197
115
-450
18
664
-978
956
259
670
-775
-82
669
-694
-21
-388
-545
976
-297
533
-834
671
774
455
-222
867
-32
-646
161
-200
458
-342
-935
837
-662
-960
-169
764
438
-149
-635
653
634
-32
-753
962
328
747
-746
-662
-823
-495
-546
-107
146
-988
866
-231
-686
-622
-41
495
359
202
574
-355
-447
459
691
977
334
-421
195
-362
-939
514
890
-90
334
481
138
493
558
-79
136
-395
-480
124
-656
612
239
-222
440
-802
64
777
786
519
476
-539
-452
361
476
-528
-111
895
557
-666
-814
-20
-622
351
-801
843
329
-726
-481
308
710
242
368
-953
-501
-849
-552
568
169
-532
-934
-457
-96
-143
452
458
850
461
-364
154
-602
625
-773
775
169
-37
954
-839
-705
-722
361
-220
-746
314
-985
342
-197
-210
-885
689
-970
-873
232
-208
-31
162
912
-681
-810
-746
672
-213
742
599
-712
587
-987
-551
526
458
51
-686
-616
570
278
-503
519
-473
-877
705
-508
-323
-21
-820
-398
-730
-590
46
851
-252
-101
-305
679
423
990
28
-129
-148
828
-436
815
-381
234
-614
321
-917
-296
-93
647
-132
-538
381
456
80
-884
481
-276
815
-57
727
-573
149
788
893
767
-782
-523
372
-782
495
-816
-744
33
-904
-73
-519
888
-646
-494
-6
-216
-838
-984
150
299
335
-707
986
-760
-195
181
-254
-30
991
-889
-172
843
976
-499
-557
549
758
151
513
169
732
-337
-971
577
-757
-745
373
351
-572
-562
591
-351
12
-606
698
284
-396
224
628
85
468
-729
615
-321
-780
-22
765
14
-425
-477
-852
410
580
-459
401
-673
738
-885
-795
625
767
140
670
-275
-355
383
277
-837
-486
-661
911
704
730
423
-230
-737
-589
561
470
703
293
-966
749
-744
196
574
752
-281
-45
81
864
-110
-561
-539
374
869
821
536
-737
282
-607
-501
728
-426
468
349
18
-48
-239
901
-223
910
-636
415
-729
888
-353
797
24
-547
-29
479
-423
116
343
-882
-38
811
-88
34
-978
-517
-499
579
99
-275
-746
620
-254
501
-639
91
-988
461
-200
-507
-498
221
-662
439
-837
181
-780
72
917
733
908
-134
608
516
778
607
3
500
-44
360
179
-713
244
-664
-642
547
40
-937
-223
-128
293
-430
-889
-133
265
672
-434
-557
732
-640
-185
400
-638
446
938
115
400
436
-140
-936
808
77
414
889
498
-731
683
-627
-471
-116
-962
877
-192
105
917
838
959
11
38
-102
702
-213
-284
-255
540
-499
142
-290
188
933
804
-580
93
-761
-249
-409
389
646
-132
-282
-359
238
765
-346
427
-834
44
-957
-191
-996
-923
-689
126
668
-225
533
-977
908
-898
-681
468
-537
-1000
259
-312
233
-591
-332
-913
-319
982
581
-580
-254
-637
-448
-84
244
-591
-603
546
-727
928
294
128
201
620
-929
975
302
-849
-653
395
-980
851
353
-755
200
658
-635
-154
-839
156
-597
-587
-292
-972
-897
-890
241
328
-848
504
371
-102
819
120
-331
976
-525
255
904
21
-859
453
-151
-215
906
640
103
-452
-450
653
786
-270
-386
442
-145
-892
-713
909
-1000
755
-696
997
-880
553
-471
-821
900
-450
-363
532
781
-812
-173
-538
-461
-529
-749
-908
-229
-396
451
-24
-208
701
385
-500
768
-121
-965
-715
-227
-536
626
237
756
-880
-995
956
570
971
-950
-447
338
527
-881
-318
-468
233
-513
446
264
879
184
939
-201
-351
312
-318
-814
896
224
-589
-412
683
-447
-107
-510
883
659
526
939
-902
869
-244
-981
364
-770
894
-471
249
722
-766
-976
495
-992
939
539
-864
504
-418
858
-811
74
857
193
431
218
657
895
-139
-785
-185
604
-321
762
103
-117
-578
292
-116
303
662
0
-861
-230
729
544
522
-672
-464
-412
21
-421
137
333
-659
792
376
335
165
-898
347
597
378
-785
31
366
502
-26
984
-779
194
-544
-655
606
486
-712
-944
492
-66
-581
917
-112
490
602
543
-948
-350
-419
-133
-874
-76
-876
842
-136
764
-615
-771
340
734
-367
-208
212
915
82
704
-1
-242
495
202
424
218
574
578
-591
82
-950
45
-979
-420
500
651
-558
243
580
804
-851
399
94
286
-560
899
64
200
454
-477
584
-922
-536
-432
290
-438
488
-238
-658
-981
-902
-671
704
5
322
-465
-639
-227
392
981
-397
494
-360
185
-126
-827
-330
745
-154
-811
751
103
-11
168
587
-400
-331
-653
15
330
-801
725
-193
-70
-913
-900
-448
-400
968
-364
-646
431
-443
812
-83
781
-279
534
267
-797
-760
-181
-157
-383
-385
-871
-562
578
-898
-965
-494
-521
-666
-509
532
802
-132
-906
-726
161
-275
820
255
-923
-771
818
-257
543
616
-794
-238
-250
-231
-465
-362
-201
-856
574
-428
-903
286
-172
-187
347
709
-118
574
-211
-325
951
374
-936
-59
-46
-184
-757
671
-524
-605
691
-879
408
-641
101
446
-270
251
-677
486
650
866
666
-597
-92
-5
892
65
973
-657
270
-481
83
-762
-280
802
-367
778
916
736
854
-147
-947
-295
-255
967
197
-390
-293
791
547
-436
81
