9796
-63
-517
790
952
-109
-889
380
592
529
623
-475
945
24
-320
890
900
717
951
23
570
-381
-69
68
53
-838
278
-382
199
-559
-351
720
469
924
44
941
-329
128
-345
328
-625
139
-449
324
-269
-798
728
167
457
-190
579
417
-802
-329
573
554
-270
-165
964
-844
-188
166
-393
208
-922
371
377
-436
-148
740
-831
922
807
940
865
-260
-792
186
480
-965
-845
53
-906
-346
-814
179
436
-745
130
676
-450
-862
-450
-213
-26
568
919
-100
230
-280
109
912
-182
612
-820
726
-153
17
549
869
364
8
424
220
84
505
331
-166
-748
112
938
-391
-969
112
-453
-380
244
-309
572
-390
88
-333
-52
27
150
-373
578
239
-920
183
-450
790
416
130
314
522
-737
111
-707
-416
561
423
-484
-658
-476
-784
557
454
-589
638
697
-304
307
-525
-115
295
233
-973
814
9
517
563
-666
-926
208
239
-721
-126
13
970
875
74
175
0
-482
343
-969
-488
761
-795
168
373
-589
-828
906
908
229
808
-218
-113
-253
-118
692
616
994
-980
-417
-895
-54
-822
-830
368
650
-580
194
-159
-413
248
-9
-917
-702
-524
-297
996
557
457
305
-48
-120
611
995
789
596
341
249
-70
-698
-727
-733
510
-352
-27
-127
628
-82
-391
173
588
574
565
261
781
13
-376
212
239
-454
963
-339
741
970
-693
-909
-457
807
-547
359
654
-587
812
334
-808
-573
-537
-978
155
-102
-986
-506
870
854
-334
-809
-493
-179
-220
-333
329
-960
549
-559
222
-946
-731
617
410
-672
328
-398
-458
-412
186
-331
211
-791
-845
14
-680
19
-10
879
723
-916
-77
-831
-688
-8
-675
776
471
419
-379
305
944
-743
-251
987
370
-799
889
-401
-72
903
199
-419
-699
260
-721
-252
-769
-915
942
414
-58
133
413
-554
-440
-192
262
-521
-531
277
854
-958
-835
-386
222
843
530
335
-189
753
360
-559
-218
232
736
538
-482
901
-876
-517
-639
-587
-827
-602
354
-566
-256
-135
-380
227
191
-341
-788
583
-917
610
228
126
831
879
-980
-420
920
-41
859
-597
-263
606
-236
948
172
978
-204
-151
866
625
711
162
411
441
-934
-718
416
-278
427
-571
157
-327
220
728
589
-396
-137
21
110
-211
-548
714
628
-379
245
-955
953
-810
-966
574
386
-804
400
497
-195
-31
477
-42
-122
-811
343
-273
424
455
-518
973
-608
-526
-24
-129
-242
918
-118
-823
-251
-463
725
-707
658
-582
-136
-312
-663
-502
-974
699
858
488
368
-107
35
832
612
777
207
-817
-591
449
-516
701
291
-449
-806
903
-533
-196
15
87
-88
-369
760
-365
-783
-533
-134
816
-497
-891
359
-480
-536
-95
-69
-961
-858
712
166
741
-10
776
740
-551
-212
-248
-536
-989
547
246
824
684
402
-640
-863
693
-982
491
122
-96
397
851
-345
-706
-407
879
-44
518
-527
656
929
63
460
-794
-403
618
-186
255
443
495
-779
957
770
-909
-761
627
544
-413
471
-132
-242
783
494
743
238
758
-634
131
-432
329
-263
131
229
-641
104
863
-133
629
-921
-857
-713
687
-442
99
-751
-736
379
556
-359
530
219
657
-249
978
151
583
272
91
-573
257
693
-243
-158
-473
565
-630
989
-314
450
637
-606
-332
-799
151
969
558
-421
71
514
752
-319
5
666
208
284
508
765
-793
-350
610
-699
525
-91
213
112
160
-331
-365
736
-911
934
-10
-853
-965
476
-918
3
-656
-302
364
112
962
-21
946
-663
283
111
33
770
-358
935
462
400
-69
-876
165
-425
465
-38
543
868
18
-150
-364
-473
719
556
-643
599
-770
-69
-492
282
-105
-485
522
-900
935
-138
-251
828
-604
-813
-636
519
-850
-248
-975
172
366
582
-542
-690
-98
115
251
-936
5
22
163
-534
-291
906
33
18
-750
-331
-700
374
-199
19
140
366
410
-325
184
-226
-84
435
781
-335
716
-417
-545
113
-407
-283
431
99
815
-756
706
384
415
-45
457
237
311
862
-462
444
-733
826
-517
-933
623
-830
622
43
-121
-326
109
-341
-146
-599
-341
274
-920
292
549
44
-236
20
491
-596
713
-919
-961
879
347
-391
729
513
-230
-655
388
425
-200
780
-135
-993
-395
17
822
-274
-55
966
426
373
-99
355
319
-377
-266
466
-603
-318
318
226
183
-19
273
666
-532
-374
18
-390
733
827
840
366
270
-176
104
-148
90
47
784
-84
367
525
-148
-281
499
968
441
-408
-574
-217
-972
-832
-107
-887
-578
-410
-975
-838
-417
-646
-7
-588
883
730
-800
114
-427
638
-769
992
-969
-562
447
-658
-773
-844
-172
-253
177
-500
727
927
-34
-456
814
200
981
735
73
902
-763
-763
780
170
-98
566
132
-263
-992
-132
-776
38
-141
-191
-546
-499
-771
-754
-250
-723
419
305
711
989
-81
-387
-620
-353
-870
379
-757
129
135
415
-918
-960
-452
118
494
951
-739
874
-631
566
-217
216
783
-626
-794
-7
494
424
195
108
247
-667
-435
-139
205
-752
146
-722
-471
80
859
491
407
314
562
-868
305
-157
-896
12
439
930
-441
87
-233
-620
-759
808
-482
313
388
-673
619
988
-406
-782
460
657
721
827
408
950
3
-897
632
396
67
-946
146
703
605
-954
388
592
-792
-110
-38
-524
156
-848
732
949
266
-32
-106
822
-564
473
-635
388
377
997
875
-104
165
829
288
153
259
-257
389
-545
-488
-37
-378
-62
-546
494
811
-63
-319
117
-390
46
649
435
-403
950
-939
781
-436
623
160
-349
-761
426
-61
89
-925
-665
-73
-268
-706
-552
597
528
-369
-962
-948
349
495
575
-659
555
494
490
-458
202
324
-799
906
884
197
-396
-470
-730
-976
415
258
-983
-300
521
-766
415
944
45
839
969
-571
678
-986
-170
-311
84
-604
741
-805
-357
405
523
239
698
-993
16
-971
-407
-934
836
442
-821
982
-929
-294
-509
-535
134
63
419
740
-486
-53
-16
592
-502
-193
-79
602
-248
966
-825
-295
-311
401
614
-936
822
751
432
-972
416
-728
-957
-301
576
-906
185
-801
429
193
-338
-770
950
693
-977
-305
-225
-333
93
35
-792
241
608
886
89
-786
-200
73
-278
566
415
-403
-402
-802
-629
317
-112
173
79
-72
886
-200
-15
-214
-910
968
-362
-937
-56
73
-646
675
-215
-14
-724
433
61
172
-747
-875
-128
432
-167
-312
-765
130
406
-840
-701
740
-663
-375
871
472
833
12
-798
-74
-133
283
-263
-10
-692
110
559
-485
237
-595
-213
-339
-560
18
-421
224
-175
617
434
342
376
616
573
414
491
-715
-861
439
545
313
-358
-219
-607
863
-457
622
232
648
-403
-670
473
-210
903
773
814
-989
-928
-565
-211
101
511
126
71
-768
-543
-401
714
-815
334
535
693
739
30
-376
940
792
-796
-75
-399
788
-264
554
578
-631
-77
-470
499
-533
499
979
800
-528
-865
-384
84
422
-764
555
280
-592
-867
-740
-365
686
993
-557
-929
153
-682
-402
940
568
420
-393
-322
113
-491
-67
850
943
968
830
174
-195
-220
702
-346
556
-150
966
554
-377
-605
636
716
544
216
-886
208
-362
65
-306
557
966
261
-274
-992
859
128
-683
783
84
835
-834
-773
-144
196
76
-658
616
-890
-620
-188
409
-220
793
295
60
-73
-767
402
-700
-520
296
-825
-684
14
-991
-340
570
616
-540
-545
796
87
409
-181
669
-45
832
-573
-548
190
-486
714
314
725
-281
181
310
-702
685
-135
-282
431
-607
46
-412
-315
-922
-523
-237
-158
-465
-362
-228
553
-990
-31
473
67
-820
374
-675
-556
411
193
703
-471
331
-707
273
620
528
-503
593
458
-403
-857
-965
876
-560
-607
632
-959
-950
-73
-136
-131
718
739
-696
858
212
-162
575
-83
-53
-421
-741
-604
-487
801
-989
-661
496
-554
456
541
816
294
-403
200
-14
803
880
-999
-552
406
804
439
-529
-172
-212
379
302
-131
-490
-227
894
-611
114
-118
373
-219
-738
-367
992
852
511
861
-579
862
478
-644
387
-81
-948
-177
414
-263
-204
-790
-342
-152
28
-213
892
407
726
519
-968
-244
-71
576
706
-818
-409
-861
-300
-841
-53
-291
-279
-316
674
974
-988
89
531
453
-112
-543
843
331
948
723
-199
317
-590
-543
755
48
-291
922
-589
-855
-395
639
-510
-892
-783
-813
-384
226
-665
-469
-627
288
-886
-187
566
-254
321
-987
-273
622
-352
-999
-775
869
-315
-690
977
-532
674
573
-27
-103
-894
-259
-509
-54
713
-340
-112
-658
300
-872
-878
471
-518
951
-165
-825
-538
-122
-286
39
-638
479
-672
135
-55
275
-973
-81
-871
279
994
948
572
604
-114
295
-910
790
993
199
300
-882
-761
-313
935
867
-363
-695
-622
987
90
-102
158
423
720
39
-606
-252
-993
13
472
-162
-353
-561
-360
-641
455
-384
510
-683
-345
-528
922
-782
670
-685
-124
-995
201
45
490
677
-807
-22
920
534
-752
-166
483
-268
-57
201
306
372
-449
285
137
-566
-254
-24
-333
-931
677
-178
-661
151
173
-800
-889
-967
-310
407
658
-293
36
-148
341
448
-863
-365
577
-536
705
-711
-325
-785
-362
-190
-844
691
419
261
836
162
-113
548
659
770
294
546
-524
-677
-627
-647
686
543
896
-204
727
-503
-39
-329
736
-221
-945
-129
-201
369
-23
563
621
219
493
-295
-43
777
-790
-522
53
422
542
525
-803
-665
-619
857
-639
901
607
-890
692
-395
156
841
3
-119
326
-657
-549
752
-325
-637
-216
296
902
-951
-85
-76
505
840
966
-664
-215
197
-969
-15
742
42
672
274
598
-219
191
89
813
-996
927
560
-470
-289
-55
495
-255
-298
88
126
-944
-183
376
-264
-111
703
282
364
651
-451
-425
-659
949
480
206
-487
-24
262
204
-761
-544
455
-345
505
975
-687
-873
193
878
449
-94
-336
17
749
-462
506
469
-291
388
-667
-600
75
128
175
-667
-16
-864
479
-997
477
-769
164
-631
171
-864
267
25
-758
-440
572
-650
-282
-935
419
-85
-808
-756
188
-791
313
-615
871
-444
833
-378
492
667
845
-22
-792
914
-354
205
-827
334
926
542
-825
-116
30
880
627
-866
-949
50
682
-909
-480
-454
899
210
836
-643
-921
307
867
381
502
-470
-133
-177
-41
832
-547
328
-756
-976
-733
741
-204
-757
-271
-925
298
-679
52
-47
442
541
39
528
-956
227
388
675
-439
904
167
-279
690
70
-450
981
913
91
-83
-314
751
-123
479
-712
644
-228
-682
854
916
-964
-317
-551
23
-851
337
-206
81
32
12
368
-656
-647
-545
-913
-139
532
475
-787
393
821
851
-38
-160
448
900
-421
187
-831
-605
475
423
378
270
-545
-541
567
-524
-188
-240
238
224
-424
65
-424
48
-159
625
-825
725
926
-797
420
595
-88
-619
758
968
820
-642
-400
-870
24
582
23
728
-713
-507
654
498
-837
803
257
549
366
-737
43
430
-571
43
-684
160
282
548
-422
225
-684
-672
314
334
-315
-544
859
143
-448
741
-792
-778
388
-241
-136
-800
106
-288
-740
-562
-713
703
-300
653
190
-872
942
193
-602
784
188
929
-670
-713
880
-293
675
806
-953
664
791
-296
848
-486
-213
-107
168
274
293
-983
-205
191
-313
820
-520
640
-640
-982
265
651
469
-966
-242
-682
951
-900
-723
178
753
-492
200
359
369
-205
-732
858
-880
428
833
-756
-496
596
-822
796
-639
-877
-533
-867
-737
-89
-742
850
972
-121
516
-91
6
-251
757
-25
-732
589
-446
273
18
330
-105
-54
103
952
-328
-111
-177
436
822
346
618
719
-831
534
336
65
-748
-358
-145
795
-846
130
-206
-203
-422
-2
864
197
233
506
-305
-607
29
28
-445
876
194
407
950
-372
-533
-148
-811
333
622
-176
213
862
-420
-104
209
-408
75
-96
241
-433
866
-980
376
-879
865
-778
746
-500
-885
-714
56
300
1
-944
-806
-462
588
-362
-777
-848
-218
-530
-332
-768
-907
431
-345
629
-363
709
-826
745
-207
484
-575
661
622
-360
585
-561
196
715
156
-866
-86
896
542
-231
-899
893
-540
221
508
310
-464
-99
-797
-909
837
-764
371
-797
-938
-522
-438
-790
527
-60
-108
6
815
-818
877
-385
913
-525
-15
717
-475
196
499
-556
672
-745
-218
650
733
-56
859
329
-482
-135
424
799
-13
-631
609
994
309
851
-442
242
48
-675
-759
247
-5
849
-822
-711
-539
-903
-495
47
174
-237
-729
-897
559
804
-495
515
-617
105
873
877
787
792
363
-15
952
-11
842
-767
48
417
668
-154
703
236
57
-183
834
-789
-597
-622
-765
533
18
952
202
983
103
-121
547
-296
-453
512
312
-250
459
730
380
-497
114
-154
-252
588
683
880
657
119
-975
-415
-354
-434
-410
466
-782
16
-164
-357
307
884
-93
649
72
-423
832
94
-200
-361
-778
705
916
228
851
-825
-2
-813
234
-998
-939
-665
-72
165
30
870
-91
-286
849
-104
-423
-70
-628
927
697
-660
-168
64
237
-903
646
-497
-641
923
805
-263
-495
-186
-508
-230
-901
-281
814
-288
-95
-951
-937
-153
-419
-394
-143
498
-2
-550
-245
-69
-52
899
39
-830
-362
453
-345
834
-598
-981
-861
913
993
824
361
-314
-956
59
-575
548
-337
-272
-868
197
-159
227
233
-382
-147
-529
627
-50
-768
-523
-469
-541
-721
376
-547
-780
828
69
353
-799
-620
-624
465
-39
-903
-230
-398
906
487
847
385
852
-827
-821
-517
363
-949
541
-424
-869
250
-733
997
470
459
181
845
185
920
830
836
29
-623
-732
-160
248
-499
-951
52
788
830
970
-86
392
382
900
924
898
-485
-921
591
-266
333
-829
284
-688
-432
-193
-484
-475
-445
-296
-768
200
-37
230
538
72
628
859
668
-346
342
900
555
-779
128
610
-961
-342
163
162
330
-877
-67
-8
978
-748
673
-309
-387
-756
-160
953
-216
278
-362
-133
388
-37
99
-924
397
-395
212
323
-296
255
-403
599
-727
-824
406
-46
303
-794
-65
-314
828
-697
-415
-963
260
-366
675
-539
-735
-692
-298
167
384
311
141
-664
429
949
924
-599
934
-742
475
-135
-162
207
-105
-965
512
499
7
-254
-418
988
-218
-856
-571
491
1
446
-817
158
558
158
4
-34
343
-756
-755
-39
914
-949
568
394
-82
188
305
-716
796
-848
-637
510
-633
-497
171
568
-574
-270
36
-709
781
554
-907
383
643
-269
-797
-714
884
931
-60
101
-871
301
930
-461
-583
386
807
810
-425
855
683
-421
246
-895
24
446
970
-403
-730
854
380
-100
-568
67
730
907
337
-719
-616
497
916
126
359
194
568
-711
-976
433
836
342
-306
82
524
926
-843
61
440
-781
210
62
269
-495
561
-167
395
239
965
378
-637
133
-584
283
978
232
-593
-865
782
-511
56
-260
187
-53
163
470
-901
-565
522
-491
-624
-630
-562
-920
95
-930
288
483
339
151
-583
436
11
-59
-425
-924
625
166
628
-391
72
861
212
-345
561
-434
875
-458
362
422
696
63
180
664
-766
-335
-193
194
-610
32
-252
-50
-534
717
303
-924
-263
208
-969
781
-868
97
667
-302
-119
-569
954
-253
986
152
143
-397
-252
-625
440
961
-350
-533
-223
-622
782
116
-94
-951
-484
552
-783
296
467
180
517
-688
169
382
-103
-939
-198
47
-647
509
-876
-194
-307
-361
-943
807
-625
952
498
-757
-647
272
501
-703
-624
-5
275
-918
407
-492
89
-126
-334
228
-48
-910
-104
680
-85
-29
-13
-432
-163
-403
600
-476
436
413
397
-735
-26
-811
-132
-591
758
-259
-941
745
115
-249
644
-276
542
-48
-208
732
661
-541
139
672
273
551
764
225
88
-631
68
671
592
900
-728
673
737
-900
940
-998
582
-981
-706
-26
816
899
621
-573
790
834
-764
-35
-772
515
-746
418
431
-80
967
852
235
-571
261
-276
409
33
626
-756
-135
518
943
-643
647
863
-218
199
573
-783
4
-705
-155
-438
-383
266
905
-234
-915
-976
-391
657
201
-900
-360
-441
368
-176
-780
-938
880
725
-224
229
-168
960
640
-578
-929
991
-960
246
-802
-893
-432
-738
-228
-456
-688
-446
373
-112
-428
-866
-522
-882
-411
913
967
141
244
-631
-587
689
331
814
-101
-315
-254
459
-900
-813
443
902
-752
771
731
65
489
-517
-731
-279
-719
964
-204
-196
961
-515
612
-184
-528
329
910
-866
262
-557
-913
-43
172
-430
963
-422
-445
599
275
933
557
-109
985
984
-373
-218
459
-512
-812
-158
540
926
-737
990
747
447
-962
182
-139
567
647
-240
238
-371
-769
473
679
928
789
-818
300
407
-951
743
-626
-635
151
477
584
-357
500
44
800
-56
-124
644
-372
828
-971
-135
-915
-710
971
779
-739
-85
-583
480
865
-721
457
188
171
-465
440
147
174
-818
-623
-171
526
750
548
-200
388
-514
-733
-220
572
-655
-455
759
-325
746
-585
-679
0
483
637
953
-859
-466
1
-522
-30
-526
-50
395
-258
551
540
-190
179
-436
456
-327
781
181
-831
33
959
-125
190
754
-477
-772
-593
317
747
217
510
-262
872
414
-94
224
-522
-892
944
483
-606
-510
-307
-249
521
411
-267
-398
95
928
-287
224
377
-202
569
-64
-521
-62
-186
412
-639
-911
930
438
-995
181
-721
13
-470
809
-272
-417
-819
-379
-360
536
357
-771
541
233
13
-493
-71
-748
941
-450
-275
356
157
-94
-575
681
-152
-162
-916
528
537
421
557
-190
-476
-60
564
-717
403
-365
480
-934
363
823
-298
-367
475
-525
266
2
-383
590
-466
-511
361
-656
-684
-887
562
-698
-879
-786
-465
677
416
146
-521
283
-689
-637
313
-592
-566
-495
-913
-516
595
893
-146
-141
-805
-739
-344
-21
816
-563
-66
206
-718
-385
581
27
-189
931
-493
-858
-437
-367
-346
-560
-955
691
-926
-351
-838
-144
613
-831
328
-397
777
-617
286
-54
-795
-167
103
267
704
-910
-784
-272
643
-127
152
355
202
-258
755
357
855
983
315
247
-958
777
-61
972
-879
-357
697
-986
848
787
200
-899
814
204
-57
-306
-860
143
306
-80
-95
862
-574
834
103
-608
972
-177
748
470
547
-28
302
-660
-950
536
-537
284
522
-214
424
604
-132
329
677
-793
-11
-612
397
905
-229
882
788
-124
151
195
-754
-16
-295
262
874
-49
434
204
985
-689
147
777
-550
456
592
-573
932
-363
-720
-718
-737
-257
675
296
543
-891
-928
58
-946
728
-982
-836
-620
99
111
716
374
-344
-275
724
792
-619
-303
-974
-416
-219
-3
85
-567
530
-779
-994
-320
-183
-441
374
303
-186
-939
878
-252
686
944
912
557
-804
274
133
-414
-301
215
496
-354
-142
-935
376
603
245
-345
-684
-758
632
50
-258
348
742
260
985
-208
-144
-803
-81
-822
810
59
-77
-933
239
517
774
131
-108
964
-635
-560
250
495
703
241
-355
161
-908
331
890
-119
-232
23
957
-66
-537
-169
-72
765
-29
-877
-177
-64
473
53
96
-243
-318
973
65
968
453
-975
-126
838
842
628
-191
-337
-919
-95
396
-673
-944
-651
656
297
339
-921
912
744
542
-683
-558
980
-58
-196
-92
-211
942
387
-468
744
166
-651
-851
963
-147
-279
484
757
-425
-656
610
967
777
874
501
122
-319
-603
-33
-204
851
147
759
698
-258
-554
-546
155
-242
-213
-678
902
778
-31
143
-279
125
-140
28
712
578
-678
753
-410
-248
-38
686
451
101
-988
-906
-862
167
-832
-382
678
-795
-985
-270
-599
-555
40
367
-8
-89
-72
-532
301
989
921
-245
234
766
-699
540
816
624
40
-865
122
-429
168
-774
-455
-211
898
343
-388
960
449
-939
-373
711
589
799
977
959
-802
409
-29
883
-564
-218
-431
975
-459
-633
-920
518
-198
-530
706
911
806
-960
-309
-678
-533
569
208
913
155
346
726
-151
480
989
-76
168
-808
-823
671
480
-399
81
320
377
541
-218
115
-3
-542
573
-593
-211
833
-20
749
241
560
77
151
317
-346
-379
734
863
-765
510
856
532
-758
864
996
858
476
-401
475
352
897
238
-27
-662
-123
-543
197
-479
-611
960
802
-601
-955
-441
-829
88
-776
-838
-137
-900
475
-106
926
361
-666
115
567
-203
144
-698
-954
361
-362
354
-639
-79
423
318
88
15
-609
-494
-144
528
110
667
890
262
-27
254
772
-11
-500
-39
-117
-519
-365
901
11
-60
883
696
-442
438
623
998
765
-588
861
-520
589
-5
-693
933
904
-321
-17
476
879
-884
-512
-796
762
-243
-38
427
-492
-486
146
-742
-187
-84
935
970
909
-308
833
-417
874
186
-631
-654
871
-630
-957
77
-287
312
-548
176
-746
252
989
560
-516
-280
-551
-753
620
-321
-727
-169
-871
-688
-703
335
-79
847
-337
-768
-785
229
-321
481
-807
-306
-2
831
-163
-32
-215
-903
323
-533
401
-665
351
-148
157
298
-873
-37
764
-866
-421
741
-298
-19
-875
-284
-355
-355
-626
-823
-731
-951
505
-148
45
814
465
-5
-70
395
-181
-770
-129
540
-425
507
826
32
937
996
845
-539
190
686
-280
454
829
717
-896
59
-37
955
-978
-322
-645
760
-10
-498
-736
-196
-830
-276
0
231
-85
99
-504
601
116
-587
-90
-835
-29
-32
135
624
364
-513
909
752
-229
492
-885
-577
542
740
161
-121
829
-861
767
-521
231
126
472
908
954
-352
597
779
-402
-820
674
-966
415
641
-791
334
342
252
-439
639
-125
278
-462
40
-600
110
208
-773
596
162
-14
-31
-37
-889
-778
-209
-417
-344
-893
788
-274
-86
242
879
-585
-786
-951
-979
793
704
853
-736
-885
-547
404
-757
626
-527
349
-807
-910
814
-196
686
483
-519
894
661
127
782
-363
-855
-474
-445
968
-352
511
602
-149
-208
-709
528
-762
469
-761
-685
-444
75
478
977
-517
-378
-424
-597
418
-479
-588
920
-940
291
-723
-554
112
-995
-613
-277
426
208
441
-118
-526
188
-753
1
31
884
620
446
-153
829
-591
-974
-770
-956
972
862
328
-561
336
-422
892
44
478
100
-24
-619
-62
-634
731
-795
-708
-208
-653
-283
936
-844
-908
271
-275
-351
-799
164
15
-281
138
601
-638
410
82
427
604
641
-277
547
-476
-291
448
805
-467
279
799
962
-631
594
754
254
-644
528
9
572
831
705
-11
-635
284
837
-749
455
685
-109
851
-86
-884
-974
-940
-850
-330
708
653
-256
305
67
747
-5
-426
340
-318
-885
-83
296
-590
-531
149
-64
-104
-925
316
65
989
436
-47
845
15
767
-93
705
490
223
53
-786
-93
-886
-814
734
401
-188
615
88
-56
146
-431
543
-685
-648
83
756
797
-717
-605
-132
-611
930
-142
381
-788
943
-857
146
-717
12
-584
-867
358
-807
308
604
791
193
-289
-348
-792
-972
-838
282
801
-848
606
-495
-278
-920
997
749
469
-937
854
-810
-372
957
971
984
450
-24
304
-585
601
622
-806
576
-625
183
-558
-309
-699
839
77
749
-17
-647
-647
729
-527
615
278
-634
907
-43
46
828
-349
286
-286
568
876
87
211
-817
704
175
-358
-400
-561
616
436
465
-460
175
-850
779
144
-842
489
-590
-554
-476
-39
-20
130
802
-448
-844
-9
-986
226
-266
19
156
-908
-806
-367
-688
374
-946
170
-119
-149
-949
217
-241
-623
202
538
-931
-431
863
702
609
116
-397
718
833
-801
320
-614
168
-3
-954
557
-531
40
-933
654
-972
36
478
-987
-306
-312
-84
-649
-372
-598
380
385
-143
837
405
525
597
697
687
932
229
-368
-154
272
-344
-232
619
204
669
354
950
-965
320
-26
566
-350
811
-735
-152
531
-503
-276
-170
-921
118
-422
-122
999
722
-978
-588
134
-716
582
154
-34
75
376
-533
-186
-384
695
-689
-274
231
50
312
967
-539
-487
-940
-207
171
-787
-661
417
352
-173
760
-689
973
725
-491
-486
369
21
-1
-904
-251
-609
424
190
314
-70
-485
-327
-946
826
266
230
-754
133
531
-300
-203
575
-191
676
-861
805
15
-518
-999
-237
391
179
880
594
824
34
9
-126
-809
-935
623
-753
-644
128
984
-381
989
-43
699
120
825
-239
-500
-568
-998
947
787
-477
173
-181
-134
-692
814
309
741
-15
-36
799
-181
933
-693
-871
467
779
-391
296
-886
-607
328
-889
-863
551
-38
283
-957
-246
907
-318
-684
-830
280
-313
-155
164
733
-668
-877
100
524
-204
-543
-917
-54
-221
-118
-863
707
853
-360
568
478
-240
402
-92
-997
-504
815
-150
8
549
730
612
707
818
-562
543
570
100
-272
193
478
-219
844
138
-10
604
-568
-298
448
-373
645
156
-30
-411
-621
-314
335
-470
-636
477
-315
608
809
976
-334
879
-264
-639
-153
-39
335
316
-43
309
-718
357
-124
823
833
-419
643
333
453
-320
409
456
-551
46
26
21
-267
-27
597
759
5
39
-182
-525
-728
541
185
-152
-844
-456
-475
713
775
831
776
952
-887
970
-736
-416
77
314
-697
815
950
819
-64
-258
406
695
365
-97
98
64
462
274
-351
729
948
836
627
-519
67
20
-529
-386
-923
755
-316
482
604
952
545
444
928
877
-464
-618
838
-375
460
822
-767
907
548
732
530
-193
-232
231
907
-927
-224
404
466
-821
-852
-700
-271
140
838
-424
-614
-808
-44
-132
471
230
937
349
943
394
-437
-408
565
-529
-817
-127
-245
288
720
909
-972
547
-449
-484
-26
-606
-571
950
-882
-248
-141
609
-626
-363
-934
-996
801
-386
-617
731
-209
-636
886
832
844
-977
359
242
635
614
-258
-467
81
-738
-332
-394
-812
413
-100
-1000
-591
265
-144
336
988
690
616
-911
-670
-503
-740
309
-693
-740
514
754
284
751
513
-44
-840
936
134
-388
-842
-970
659
757
-882
-481
965
-322
-66
-379
-273
681
-471
-155
-14
-144
-610
-4
-866
-626
-954
-283
-478
993
-137
611
-113
-998
-10
104
-117
574
777
-272
257
813
-294
-707
-907
-292
520
959
629
-687
296
-849
667
315
-888
-887
-880
843
20
468
-613
482
-894
176
6
-23
855
90
-95
823
-419
-130
-432
-397
-164
554
767
-890
340
-453
-426
-869
-387
215
600
791
-474
566
-555
223
-118
381
-176
-950
-656
920
-86
-156
-815
-460
637
-309
581
-810
-763
-550
438
779
856
400
934
61
455
860
509
879
956
759
282
-778
-109
654
-358
-652
-282
-149
423
129
-192
-193
183
-424
-941
-626
998
-949
-252
-681
-82
868
-444
-930
-894
-550
922
-41
-998
-452
-676
-175
121
237
-51
29
90
-308
960
234
185
-354
954
-273
782
506
-858
-828
-12
753
66
781
-617
921
-362
-717
-244
-444
-603
-655
234
849
-421
376
22
991
807
-801
-722
-647
-509
843
459
-237
430
-521
-247
-512
-934
432
674
-675
65
208
-634
957
34
149
823
33
506
-388
257
-125
974
799
167
-112
277
-919
-648
833
546
690
-639
676
14
380
396
620
-476
-920
-635
961
358
-635
461
-540
318
150
-184
-44
670
831
130
-826
-791
844
510
901
26
958
574
150
-782
-125
-386
246
736
625
-21
-590
-984
-210
-334
195
390
-705
530
-188
-485
-197
563
-623
934
-517
864
910
959
-111
-592
-191
-948
50
451
493
-650
-78
24
267
278
314
459
-329
473
232
234
-587
-445
-925
281
-161
-65
232
380
876
-652
-665
-734
478
-556
660
-255
55
30
-86
636
953
211
-238
369
-599
-794
-804
-50
-273
172
-472
740
813
-334
564
-124
-390
-546
-974
278
-135
-562
148
953
-5
-787
87
629
-643
980
345
-821
303
-147
745
158
-333
530
-470
-869
-834
900
-621
51
590
200
614
649
-248
-965
-917
295
189
327
-136
-405
184
-147
191
-817
-57
274
-700
-506
435
487
-231
98
-275
448
377
147
-153
966
589
26
381
647
222
59
606
-805
968
929
251
946
390
379
-918
569
-816
-204
-473
-692
190
-623
616
-635
968
-685
59
-878
-644
588
991
-203
122
-450
-468
-571
-993
-593
144
161
-100
633
-282
501
259
-323
309
-203
350
40
-542
758
-212
142
355
-196
104
-845
258
990
887
-167
-902
678
-194
163
-432
836
766
919
945
274
493
354
52
419
-622
-794
-900
276
-35
-177
-403
-92
-496
-285
8
528
-834
-313
420
167
-561
-242
427
668
-83
172
-754
-982
-946
521
182
-622
-114
18
-968
559
760
-807
388
459
768
-84
363
506
-479
531
826
804
734
563
-633
-143
663
304
71
-692
-646
831
-199
-950
-989
217
-861
452
-782
875
-905
447
-952
858
161
-867
-115
884
112
-548
-896
802
-306
-803
-868
-390
990
-673
596
-975
-415
-790
459
878
-27
-249
-62
393
75
-708
-497
34
147
630
-682
734
630
-321
999
811
-688
607
-221
133
120
814
764
514
-851
295
-663
-361
398
137
-989
318
-202
535
-258
559
-653
431
-57
155
194
8
215
-57
104
-460
-319
-347
655
373
-834
-97
507
-884
530
-723
840
652
90
-746
706
269
-779
-14
305
-3
860
-818
335
-304
895
137
902
360
286
-565
-277
-783
864
-74
-159
867
484
708
-724
922
722
-112
-557
-526
-260
593
273
-693
-682
-128
-616
300
-433
-630
626
420
219
161
-891
588
431
-882
770
-599
-183
257
-645
509
-215
-839
431
685
111
654
227
669
898
-36
-930
-649
-694
-774
625
-806
764
824
-47
527
32
-872
-510
279
-689
2
-78
113
-274
203
-960
-264
386
97
-489
552
-241
-611
650
-911
-735
-837
286
-620
-218
-443
-146
-182
-666
-117
-561
-268
-448
-849
-942
525
866
-563
-817
812
-972
-536
-109
598
-622
496
-599
400
660
-977
-258
-846
-132
-526
708
454
-484
-955
-891
608
497
-409
898
216
943
-355
711
-654
443
-542
-836
15
175
956
-165
76
397
810
-888
-344
-828
425
-430
-172
-216
-394
885
-78
-847
-34
905
176
866
-367
-917
702
-157
-732
486
490
94
-954
238
29
835
283
121
-961
120
-348
778
-555
-671
479
-918
-597
-137
-38
-747
940
-328
-109
287
990
-932
987
-239
475
47
-886
212
601
607
108
-855
827
-988
584
-398
-143
311
593
-624
523
-928
-523
-198
-549
-704
131
391
295
151
-343
-119
493
-445
220
-682
-718
-873
353
-476
-589
-605
56
64
-723
725
-328
-149
263
-996
-731
209
-579
293
-466
-921
120
-364
723
64
360
513
644
973
-493
-20
373
783
-360
206
414
-22
188
-514
-2
552
-842
-292
-977
278
-730
189
244
-785
495
324
799
707
246
266
-160
868
178
873
-8
-67
419
571
-852
-384
-624
-631
548
-534
-216
-221
-238
-764
-998
732
800
105
32
270
403
927
294
785
796
-412
569
-93
-595
311
442
597
-983
191
881
258
-205
-324
-833
173
648
504
-228
166
57
970
-210
-216
641
791
779
-270
709
-971
902
-848
-791
573
469
741
-97
668
307
-665
-550
982
-687
-729
-703
728
-392
-804
-897
-247
-582
-901
-410
-741
102
-619
452
612
-134
-67
126
548
-638
-540
154
994
286
707
153
919
690
613
512
343
488
958
-265
119
448
939
586
591
-617
-457
142
-66
-43
-424
158
996
416
420
611
193
894
547
130
-137
-24
-430
-385
-114
699
-127
-417
52
-840
298
-821
-2
186
-834
800
336
-377
-498
-108
-43
-592
-733
51
-404
275
986
279
-865
-624
255
-426
385
-648
-123
309
723
-47
-240
410
2
374
127
704
-943
891
-759
68
-193
479
99
-356
-987
282
-917
-634
638
709
20
-722
-61
-391
350
90
-142
896
753
800
-86
-552
-362
215
518
-666
-542
106
756
791
912
473
832
673
826
362
-111
328
468
-163
848
-36
-843
781
-175
272
338
465
-528
277
-247
739
105
-859
-9
792
-845
-868
326
926
74
913
87
-140
807
-558
584
-46
-257
-307
82
282
757
155
305
-842
76
886
240
241
-34
-324
369
290
-110
780
-121
514
157
44
-656
159
-793
317
-351
-279
953
-73
464
665
752
-82
184
-526
881
-410
-67
207
361
-414
733
-756
591
-489
-978
-351
505
272
-839
-599
280
91
-477
113
-431
-624
788
891
-136
-718
806
-638
-581
-978
684
392
-472
912
-980
-852
156
-507
-821
439
298
-308
-893
-443
-636
133
-221
368
-728
-485
-13
824
602
-114
-509
544
-406
-184
-353
82
-622
290
337
50
-65
431
-557
447
-695
-458
94
278
-848
-499
-411
-207
-811
-880
151
493
946
65
-507
857
-153
874
-335
282
-286
-450
-802
283
26
-499
-22
466
88
-842
-907
702
499
23
332
-468
454
415
183
-631
112
517
-309
690
920
-46
-644
903
-645
-887
-925
238
740
38
72
547
662
212
-164
749
953
-263
-346
284
94
-596
568
575
161
-441
-339
114
-262
679
81
820
832
320
77
-10
875
398
-451
-896
372
214
480
-371
-261
-757
764
87
-747
604
411
-66
-704
346
-954
-975
276
440
172
543
855
-709
559
503
157
-383
-165
619
-725
-3
-941
147
-682
64
123
126
-371
-603
-100
-509
-640
-189
-809
-122
-85
-667
681
-393
-557
-139
-617
772
-757
-12
-281
414
499
199
810
857
494
924
314
236
639
810
-245
-23
736
-554
609
-601
574
674
271
842
868
336
775
-220
450
932
163
-875
-519
583
30
-466
-506
-104
895
-412
-727
-388
627
495
97
919
263
338
647
-541
-209
-923
-733
477
598
638
-306
-385
674
-530
-11
-809
-493
-329
-90
-585
-536
987
827
966
765
-912
-240
-924
-395
896
498
378
-111
-355
870
-832
-774
242
772
-744
976
292
478
439
399
-489
384
484
-181
973
534
-807
-407
73
-732
-441
-247
-782
-586
166
451
-445
-155
105
29
-657
-93
-800
-522
-462
-573
807
626
-590
552
348
979
-876
-536
654
736
-101
-516
16
932
-756
-633
797
838
349
-432
-874
-559
427
-498
551
-817
-901
608
295
647
-760
22
-114
351
-581
767
929
-720
-231
-897
280
-699
758
669
-703
975
-617
-729
-338
-487
-203
-606
-727
674
301
162
-793
-884
-203
-479
-966
-672
569
-496
-943
-916
643
216
139
315
-103
267
-1000
335
-863
-964
-304
-531
-193
200
556
932
-305
-177
-814
876
-51
-413
255
935
-447
284
493
-985
409
565
196
-372
79
-201
-51
-664
794
479
289
-495
-928
318
-880
-543
440
-354
317
-2
717
876
86
401
-481
871
50
325
916
-525
-365
702
764
665
-597
596
-62
239
667
346
-210
-81
-185
943
-729
503
981
497
950
221
612
664
198
-3
793
-282
327
-16
276
233
-559
746
353
347
-42
817
459
-569
784
21
-357
279
-262
-640
-562
510
-741
267
164
-721
-532
-358
725
-280
-853
-315
94
-497
-184
564
-583
584
-899
-105
-998
176
698
-81
-426
-375
142
348
-193
-46
98
596
-982
657
-17
653
-991
-736
-896
-937
435
-686
-334
-695
-599
-32
-713
-138
245
389
-694
908
-541
146
237
-551
913
430
271
26
379
926
985
385
-961
589
-9
194
-49
888
-796
-966
-124
-759
909
-979
-817
989
-40
170
-260
772
-770
125
-368
901
451
-62
353
-644
727
-159
116
65
596
394
576
-331
-872
-851
178
667
413
-90
-405
-127
-909
612
964
522
863
117
-382
506
-612
-848
-877
637
608
30
840
212
-390
389
589
957
-41
419
-157
-466
628
371
-113
285
958
351
-404
959
-555
179
-901
875
479
-567
939
106
761
-713
947
414
871
161
923
-756
653
-5
-917
-249
-954
688
427
282
-447
-8
-982
-126
-339
-647
123
6
-583
317
601
-28
445
188
-917
-855
-713
-938
274
-740
-82
575
-993
807
67
-633
-15
531
-491
5
237
544
-29
-913
-170
926
300
-119
-820
-53
274
888
145
840
-643
-751
-10
954
140
-590
52
-645
-137
-499
774
-870
624
-595
-556
-171
199
870
-581
-382
-340
462
-744
-491
464
-79
-205
624
292
-859
536
-515
-301
-788
880
-287
780
-641
254
670
839
-579
918
680
-488
96
520
449
-111
680
-182
324
386
166
611
298
700
-41
-332
-84
612
907
-591
165
515
913
589
931
-215
177
340
-437
529
-731
-303
854
480
-491
-400
-53
-281
-818
-594
-902
633
974
860
-381
-90
-594
563
81
661
-164
-591
-106
32
-172
625
-397
9
395
297
116
523
-104
-915
-969
-133
-481
-335
183
-915
-917
715
441
499
808
647
706
-16
154
788
-365
715
-515
-709
-734
383
394
896
950
-977
578
-639
-674
-361
58
220
895
573
-604
-242
249
-281
678
-331
148
582
904
-362
-372
-369
31
363
214
507
738
-316
638
388
453
-898
-945
-224
970
850
-738
-886
960
-140
67
-901
-939
-341
-604
-200
-736
400
-992
437
-252
880
965
855
-158
924
-97
-569
-514
16
-194
-141
-245
320
786
542
-522
669
838
536
140
839
166
-664
217
877
878
261
590
-815
336
900
-322
807
370
620
549
75
-686
-843
469
673
-26
-401
-497
616
932
847
-645
-888
-965
-716
164
-229
-275
728
786
616
729
770
-443
474
-839
-712
570
863
-987
-831
398
-228
609
-39
-979
110
58
702
-507
-565
952
807
-196
807
-975
836
170
-781
-469
832
869
-65
987
-333
359
-192
654
-364
302
-995
674
124
176
99
-253
149
856
937
-146
946
657
958
243
424
-418
301
-964
-486
-236
883
820
-350
485
183
678
-181
362
-344
211
284
876
229
-225
287
-641
837
121
-769
347
262
837
607
-456
707
-504
680
-475
623
-465
811
-475
-754
717
500
-233
451
303
-513
-479
-812
189
-444
-664
746
-769
638
-81
-396
-903
874
857
427
309
-261
796
879
796
-966
885
657
448
-902
97
-694
-55
-774
719
-472
794
-301
-688
393
63
-623
936
240
-986
-129
436
965
871
-165
-569
-727
688
-456
739
119
290
722
-575
-507
338
-739
13
-182
956
182
113
-182
-389
-309
971
364
174
-186
-690
-340
-761
-428
690
461
-139
804
249
358
748
-996
-560
-707
-642
117
973
770
-24
-634
-373
738
683
-130
432
236
-90
-677
-297
-673
429
-457
686
850
-744
306
-146
318
-22
283
-382
-26
699
-56
-9
71
709
582
-449
458
232
-278
849
-634
186
37
896
2
254
166
-26
-200
-464
777
158
661
-501
173
-837
-275
167
-684
440
-468
866
179
-436
919
618
-663
-103
289
-12
-547
-910
794
796
-976
55
353
-247
721
-402
777
716
-353
-256
-38
165
137
-163
-977
194
65
668
-179
453
512
979
-461
-255
-477
-832
860
-671
514
786
705
-251
97
231
-132
-614
672
898
568
68
-131
-888
420
-406
-983
888
102
-705
-856
-267
-324
-232
386
513
-451
-17
-489
439
255
867
-657
-635
721
906
862
708
-536
996
215
-506
-264
-115
-840
-613
776
62
-397
768
376
464
-276
709
878
-273
942
-600
555
-841
937
675
125
-370
-522
-737
-499
-578
955
-172
-167
941
-535
-898
-148
-438
-718
317
-295
-251
297
-151
-105
220
274
-848
998
110
-344
990
-720
606
573
-440
-22
38
172
-795
857
453
-262
-167
674
-953
139
-865
-934
-897
145
642
-532
3
847
-88
617
692
-500
284
585
265
-444
886
-625
823
-952
89
459
-913
-268
-231
-6
52
-399
263
-584
119
241
-149
309
-959
-120
-403
-668
540
-53
0
944
606
384
587
298
-956
261
148
-754
-233
-612
267
-332
-211
-908
-127
-430
-386
179
804
94
-431
783
-1000
80
371
-84
787
6
532
-961
340
658
126
-878
241
-674
-702
192
-275
896
-655
-48
434
104
355
-242
704
118
-296
-524
338
184
-167
-471
-327
337
426
496
487
678
-370
113
-70
402
583
-252
196
105
-631
121
-653
89
-279
357
881
-628
-825
-249
698
890
-219
745
-907
300
211
50
-238
971
57
136
-33
471
288
-301
182
387
893
-324
-42
-34
-501
20
956
-355
-172
-911
-899
675
571
-781
-973
578
713
-811
-61
-981
659
-305
391
-974
-652
360
236
-195
252
-311
-6
955
149
-739
-677
-799
525
-284
-118
47
149
-473
378
-574
-683
982
-112
-478
841
-500
414
-596
-163
-780
-516
-902
400
-699
-827
-771
824
-359
-277
461
674
-69
-712
887
-973
-449
-381
-683
-160
-837
363
476
743
163
595
383
-231
-557
-198
880
164
629
-282
599
-768
-830
716
-549
118
-331
-610
-35
-168
459
-271
-764
-191
967
-246
-638
-358
786
-763
278
70
751
-334
-293
-997
-547
701
926
-866
-619
-745
-756
169
723
-266
138
-501
-462
-570
-754
652
976
-918
59
-453
-671
-29
-998
-521
495
-740
-685
998
-514
576
-261
789
-66
440
952
685
218
165
-577
286
-67
-570
30
427
452
-425
918
-319
782
-970
592
-811
912
627
-751
-726
854
-797
408
-741
84
449
756
-213
794
82
98
374
774
323
547
-12
-573
657
301
714
-369
-667
328
364
-582
-454
-695
-141
122
556
-869
-377
59
-417
696
-903
-156
665
-824
128
694
-627
-63
-578
797
-299
44
-594
-567
715
744
252
-522
-940
392
-128
-938
-950
-345
-951
-175
180
-340
850
-109
660
-968
-828
484
860
92
376
-187
-18
264
-505
-363
-913
-834
-832
-989
-536
-427
-667
110
-887
330
530
-503
345
432
-854
378
654
-8
880
-447
293
-132
-848
998
31
-203
-24
811
345
972
854
-80
838
-338
-305
-618
-725
-536
72
955
-650
-670
-251
852
844
504
476
361
78
-157
-635
-631
919
-505
560
623
-507
-795
-509
-932
-623
897
-673
84
-884
334
-786
-219
296
20
795
417
17
-700
317
813
678
386
-383
-351
-824
-607
-204
480
-322
77
74
898
-351
690
-962
413
-85
-550
550
867
519
-13
-751
468
-555
958
-368
-333
973
-172
495
-394
173
-125
-113
200
256
630
833
153
-931
739
-336
-651
-311
862
155
-223
-390
-421
207
-527
-278
257
-819
-329
-828
186
-451
391
766
950
-242
-90
962
-97
-312
-480
-117
-297
-160
632
889
445
-936
506
-928
-49
-479
-548
-93
105
701
-60
329
-692
389
627
-742
954
4
527
-168
942
-1
-274
-356
-840
785
670
-933
-586
-602
-399
-619
638
-908
550
779
648
-494
403
-822
-152
-858
814
40
-8
302
555
26
613
-790
-256
-1
-80
-220
532
141
-571
798
-443
102
-904
-905
-55
982
859
-119
-595
-4
-324
-126
457
179
315
-20
-140
908
-294
27
-380
937
893
-381
-739
120
0
404
-789
-582
-456
211
507
335
961
-186
419
96
935
907
-718
-967
1
-379
626
-223
999
725
554
-217
820
817
752
491
-186
-941
332
710
-158
209
-969
966
661
660
-990
234
-986
951
211
-425
503
-786
90
149
698
304
-989
-759
415
-269
-876
335
699
-573
533
83
-891
-898
-561
-804
827
799
-67
822
-303
325
-177
27
-967
367
-770
302
-306
-202
-598
131
-534
567
-946
-146
808
-469
-843
-746
996
181
-602
-346
-850
968
-437
400
781
210
96
414
288
713
-362
-409
-417
-623
-889
762
689
775
-237
681
807
396
-839
-203
-939
-703
978
610
641
284
664
-712
-476
-523
276
917
-67
239
116
290
517
438
171
-160
445
-927
-286
-514
771
580
332
891
372
342
-632
-462
-245
-327
127
-537
599
-629
893
364
267
-168
141
512
-529
122
-19
-971
-300
-562
-415
-36
-747
-556
-957
-401
265
787
-504
235
-331
-602
781
600
781
-793
960
679
-869
775
-581
-745
536
-713
-52
-957
920
262
432
683
403
-393
-963
-658
-675
-51
895
593
790
-458
-182
255
-803
-494
-34
604
272
-145
57
-633
-241
563
38
-724
-81
-732
-109
-60
-470
-169
176
698
211
339
387
698
391
-879
985
-857
-897
-93
87
857
514
-578
206
-542
568
917
989
-676
345
755
560
-815
-109
165
55
150
139
-159
305
-236
-70
-345
199
84
409
915
-843
-841
88
-820
-541
-449
23
-451
66
638
200
157
-879
873
27
-740
-401
872
281
-372
-917
-308
-371
665
-600
398
-708
135
-388
-512
741
-728
-393
514
852
646
-831
244
-64
-205
-340
-733
84
762
-567
722
-485
-719
982
-635
-844
-818
629
749
-27
915
184
155
-212
535
632
515
657
243
-940
-161
-137
-395
-601
-804
481
-316
690
581
801
-382
-695
-213
-164
855
-262
-323
-279
-241
-617
-710
120
-990
-667
-672
-737
-837
749
575
-448
568
495
-944
-458
-291
887
-628
702
-155
-168
-806
899
-713
-28
-488
-511
-255
-867
-508
411
-461
310
136
-728
-374
-333
817
-968
823
688
970
485
988
125
-742
245
514
-778
-762
27
106
240
852
-307
846
127
-547
-768
931
-11
-482
111
-98
54
-516
91
16
-393
833
60
95
372
663
150
-926
-912
-832
759
296
711
-272
-276
22
-288
-521
867
75
-402
-529
684
754
-490
-674
440
-204
474
632
-492
967
-44
-459
607
310
831
-886
150
-386
-770
231
-624
771
928
940
-635
-99
-101
-471
91
370
581
480
920
-111
866
153
475
-24
-920
-110
-538
-717
654
769
100
-78
451
-8
248
277
-758
755
886
-793
-589
-288
-6
-92
-299
556
-570
439
248
-186
-886
-203
767
-814
-292
-560
754
845
-617
201
506
-344
-689
917
-955
-301
-846
955
-535
-25
-454
-153
709
-369
192
830
-509
52
266
478
794
788
229
-111
720
-241
606
-753
-563
-115
-487
-84
522
-161
-187
37
-200
81
-601
498
-818
472
-365
-327
394
-658
841
815
328
967
875
-517
976
-66
-67
-887
634
193
-923
-520
877
903
466
-671
597
-6
-855
-780
-958
-412
-485
-160
461
506
802
-769
230
927
202
716
952
-281
508
-254
-210
681
-842
-462
111
-257
406
192
-203
-995
-379
619
492
844
96
503
-603
-670
66
-199
-470
-592
526
-306
-260
-472
631
568
-232
-392
-782
375
824
-953
-125
15
437
-821
-203
-53
954
485
-730
-961
-187
714
-786
-926
-506
-66
-656
464
362
-865
312
394
-959
459
-43
808
11
959
-192
-3
-431
254
282
-987
-800
-710
277
590
-672
722
89
463
178
-809
966
553
825
-116
-391
169
-96
747
647
-713
-279
-450
150
-913
-555
528
827
-582
-1
-415
30
583
-46
159
858
315
-37
-472
-239
290
842
-551
-163
80
-990
-623
176
665
928
-473
397
377
40
-540
-641
530
298
-577
407
64
100
-652
-669
330
641
815
522
-89
111
-277
-828
-615
-786
-382
-522
-261
4
703
235
3
62
680
846
996
769
273
181
-524
431
47
183
612
-267
-629
-595
977
112
-338
102
117
-497
-273
-27
795
724
-938
982
734
-347
-900
-562
172
495
481
63
524
650
-278
698
425
-905
965
-161
458
277
-518
-496
880
-253
576
-571
283
928
104
792
-39
-769
874
-32
604
-889
715
-245
-937
918
248
723
21
357
-319
708
950
-890
325
436
198
234
5
-480
-804
255
-216
-952
956
-954
-821
929
-519
179
-142
-503
-805
-610
-144
-297
120
87
111
271
-701
-842
-292
709
-562
-144
610
-934
-932
-666
225
226
-120
967
-998
-314
11
-251
475
-140
430
69
-670
740
-99
-112
655
-650
436
919
314
647
553
547
-322
-269
-363
810
-399
884
336
718
-655
504
-488
-273
284
-768
-818
225
-645
837
685
-264
-483
70
136
-321
-804
524
-290
-39
-498
590
492
671
635
-320
624
-345
-635
-362
358
-27
-936
-601
433
812
-864
989
7
-659
434
-664
-647
176
-632
-222
958
688
284
-435
-229
289
47
569
673
109
391
-174
35
-357
51
-299
-414
-815
764
563
166
608
171
863
-868
-98
-543
433
551
-878
-874
-307
-668
-153
913
573
606
-109
17
-69
570
-622
-186
-309
-688
-933
63
5
-521
-44
545
224
-548
513
432
42
543
632
-611
-972
346
752
-372
-278
-450
-392
-431
-799
955
420
663
568
620
-575
-852
545
686
554
797
-55
-405
275
-423
499
566
-765
-972
-429
341
47
27
405
694
624
-2
-370
-128
151
-497
-5
359
-217
422
86
347
-368
-498
-697
286
492
-704
614
-352
466
665
926
601
-520
75
-419
-494
-202
-787
473
432
214
-176
-355
446
-649
319
-176
-474
400
-975
-506
-245
433
-337
560
-890
-554
876
815
-133
277
358
998
216
998
312
-51
842
866
-871
562
427
-44
933
874
684
-963
837
-331
-902
-700
125
287
-544
633
-637
-142
473
-486
375
521
785
815
-861
-144
983
128
-96
551
273
503
994
149
-212
272
450
201
269
301
134
-212
985
581
974
626
62
-772
478
720
956
702
899
-169
-668
-603
244
-562
-21
987
-441
-466
314
-791
380
374
-698
-803
986
-769
-729
266
340
-854
663
778
376
566
664
142
-44
-243
546
-250
-91
-162
-935
523
-627
341
967
-246
-688
-698
843
-244
-949
-406
621
464
594
-768
700
746
325
324
519
820
46
-803
-716
-638
-375
-225
-896
676
-976
161
468
949
-270
890
240
-223
208
757
-202
-829
4
-269
102
-629
78
-801
658
-593
540
332
525
-503
725
843
-299
-66
-30
-471
-103
382
825
-891
-615
423
-504
207
-599
596
235
652
481
-621
329
550
-204
-892
305
145
571
830
989
-376
-50
684
272
-123
-450
516
-399
-977
401
903
196
-322
-949
500
-559
-198
-954
-216
340
-191
-274
432
-608
-456
860
271
-416
-311
300
426
124
890
-547
65
-300
-946
804
632
-820
277
61
484
420
175
384
449
163
557
-852
943
224
-152
435
990
476
-965
-463
-578
-369
987
649
-695
397
-184
574
460
837
475
683
192
550
-961
129
-345
654
-132
923
-414
-783
-818
-370
-64
562
68
866
-368
-719
437
135
-89
-991
-35
614
-579
-443
212
-858
-894
742
-880
728
-898
211
689
703
726
966
186
-561
-837
-833
768
945
556
-272
154
400
235
707
-168
-829
-867
-837
304
743
-693
246
-76
536
838
940
-400
-995
-248
8
255
-35
629
-769
-339
-207
575
593
-250
-456
-855
-725
781
65
-877
487
-230
-200
-523
513
-805
-992
-25
774
-405
169
284
459
-401
351
-657
263
-211
735
-474
527
-408
-138
-525
-692
390
-649
-998
170
642
9
-532
-769
973
363
-767
550
736
69
-715
-776
-740
60
-855
983
-526
-831
-70
-682
223
-664
431
-201
-193
192
-388
418
947
-109
563
-801
-627
-981
-662
257
-793
-913
599
351
-29
-823
360
160
973
-906
352
627
781
25
-884
-488
-711
12
-717
445
-25
-988
-597
-823
-624
-513
-391
815
-48
-179
992
416
762
-264
-581
976
-359
882
597
435
-31
-278
149
-45
-221
442
104
145
-449
-801
-666
981
884
-554
-585
-140
-333
48
-178
-354
-46
-990
-45
-112
-436
11
479
988
-315
722
-464
-525
-612
-820
109
29
-839
-745
-989
-747
-187
983
-3
691
457
730
-142
-329
-193
809
-727
-625
261
-659
-793
-203
432
172
905
680
988
319
-83
-858
833
-31
474
99
994
358
929
-232
-192
-891
347
538
203
100
881
-154
40
14
763
167
397
-268
-256
-509
201
-515
44
248
114
267
-992
-290
486
-212
274
-71
707
457
-155
718
610
-385
36
-593
525
567
-536
-219
-414
260
938
-711
511
-871
-799
127
-419
660
156
671
42
-149
-996
-335
702
-670
-423
469
767
821
133
124
576
936
29
-506
340
-871
-533
-103
576
606
313
-774
79
449
960
-564
47
213
-162
306
376
-157
758
-270
813
454
513
-615
923
-17
963
-139
766
-891
873
-862
851
396
-898
-716
-360
-15
-180
-786
560
400
-449
93
-525
835
-235
-171
-223
599
-366
949
471
236
336
-583
378
649
-76
-484
833
-487
-500
344
-833
-874
-684
-964
-707
96
871
152
-873
-534
307
104
-835
738
709
-869
-951
-405
-716
767
-160
-135
-759
-758
-175
296
748
343
395
408
730
908
-756
-183
82
468
499
-992
-529
478
935
-445
495
304
-752
535
115
329
803
19
-449
338
-20
-832
-847
688
228
-864
-578
538
881
663
-568
769
204
395
412
560
-722
-940
423
-15
932
751
-135
-710
-750
165
-478
-222
-812
339
648
772
79
821
-821
927
886
-588
-897
-313
616
-374
793
620
-602
-114
165
-60
722
656
-172
-904
452
-750
563
184
-26
-192
-618
332
-513
686
515
616
877
653
-581
-630
-117
426
-220
-397
850
-573
-287
-96
828
-393
291
-43
579
9
-792
421
