2679
-68
-223
-828
469
-315
576
-532
56
378
828
-462
328
-436
469
-235
-897
-732
250
128
-221
-76
-451
357
-806
-689
402
954
24
657
-619
-851
-487
-548
-502
-700
426
81
-416
53
-287
-345
-129
-161
525
331
913
180
-936
-139
-35
195
-376
-894
542
390
-891
387
994
-219
566
-799
-610
-603
-604
812
111
592
-304
-609
523
-302
-400
209
-842
589
-236
-86
-239
-86
935
575
-484
-483
977
-195
-500
-621
809
-561
456
203
-888
539
557
510
505
831
-846
-692
-788
675
-682
388
202
923
260
-576
770
572
808
91
-798
472
-644
128
977
104
28
-848
-967
901
120
607
-525
-590
935
-244
-821
538
-601
-436
-382
-527
515
-287
849
106
-466
780
91
197
188
188
860
690
832
-111
-210
-633
480
50
-966
9
69
615
-933
-118
-690
-764
-354
-144
-525
-877
549
-546
39
-915
651
417
-281
-540
-653
-247
208
-272
873
-622
141
36
-262
-370
-275
12
543
-272
451
-10
787
-184
791
-70
-570
-410
138
-713
603
-579
-697
875
252
965
420
-530
621
749
-104
780
158
475
-105
-19
-311
433
136
-845
76
462
919
-977
561
-898
599
-799
-632
-768
943
-710
-634
-398
-299
879
486
-438
905
-420
190
-477
-968
-125
-675
658
-224
832
65
677
-493
826
-475
375
261
-24
-697
-142
-224
301
-985
-399
-601
-127
731
-239
-697
-882
-113
-444
137
-780
-998
-319
-892
601
-83
715
223
401
852
972
-620
597
-689
958
864
579
298
-554
759
-670
199
-338
869
416
142
-930
-97
-741
-453
-106
312
744
-411
-422
-689
99
671
489
486
-253
135
316
413
-839
892
-904
-979
-587
413
48
-79
-747
-627
283
366
652
194
-435
-301
954
236
-716
203
-83
803
-638
-321
692
-359
-671
73
-660
-722
-984
276
-487
-397
-919
-289
-765
150
467
-32
-982
220
59
-315
-761
636
307
-27
-16
-984
644
134
295
-73
-227
551
961
-642
215
-131
270
-451
420
-4
154
5
-172
283
527
455
-572
-86
-972
-808
83
783
214
720
-414
219
497
-734
-584
764
58
-346
-81
507
301
-62
206
-202
-913
359
-284
248
-593
-760
638
-92
654
-443
-891
897
-281
357
-169
847
-644
306
-272
-376
-257
798
-651
321
-310
-716
-148
943
796
554
-597
-761
753
-830
-820
-18
220
-529
970
-769
643
564
-68
-661
-104
344
-710
-742
79
-442
-768
-881
576
-847
142
586
811
69
841
904
355
8
-478
101
265
-288
-911
-671
-618
-34
190
495
868
839
763
-54
-294
372
-735
947
-766
799
-26
614
-40
-786
200
267
-383
892
-503
552
805
-910
742
-893
-533
709
-106
36
272
-71
-452
-375
-700
740
-920
-764
-159
141
160
591
-616
-333
-714
80
186
953
-857
423
-288
-241
656
-524
423
748
-68
-779
-773
-617
-162
-755
511
149
728
-383
71
125
-634
-276
322
-136
-358
850
-889
-44
-91
-415
458
311
-466
-605
-453
784
-238
-352
12
377
-376
49
333
-312
63
543
-986
-731
871
586
496
231
-295
-427
-848
743
196
-97
369
-122
5
364
-819
-150
-926
-814
904
-189
-941
736
-935
412
717
-392
-235
-546
333
-98
-759
-418
-675
-56
-668
-922
-202
565
912
-752
-206
-134
827
15
-948
839
854
-264
599
-983
-263
-690
-937
-632
768
-724
-544
-688
263
-454
10
302
-611
-541
62
416
216
125
-369
575
-75
887
103
24
-870
913
957
-459
-454
949
896
-629
-637
947
419
-547
856
-102
-443
685
-378
419
-101
-766
-762
231
637
-874
-18
113
394
22
307
478
984
-227
-144
849
-356
410
748
467
274
45
250
-792
-614
337
-350
380
479
-493
360
-276
741
-864
886
417
-2
397
-789
-442
170
-576
591
171
-55
-324
-14
419
-947
-182
-80
344
705
930
611
223
432
-567
-619
933
739
292
383
968
-373
-133
259
-782
487
217
-797
192
-830
320
285
-398
-595
-839
947
699
-987
905
827
151
16
671
-864
108
89
-614
-622
361
309
791
977
-644
145
-345
-79
-272
-38
-49
-598
131
921
362
-401
261
217
-487
-535
-596
806
-357
-960
-203
-284
295
-891
405
393
998
-33
477
872
-18
-80
780
-517
792
179
222
-564
771
-284
-142
-432
962
-181
250
176
-16
103
-421
166
212
996
181
-304
-689
-376
-628
-300
2
-705
-60
113
-723
849
475
-19
-558
-739
-959
-944
504
-811
-413
-852
-436
245
292
-872
481
145
860
536
808
-614
-373
-966
891
-548
502
735
-413
-793
-206
-493
281
-8
943
-949
553
148
507
187
387
720
-680
-318
-932
-336
375
-334
673
634
-269
815
-293
358
43
-924
110
-571
71
492
-69
-646
540
388
454
-615
-470
-102
290
-357
-750
785
823
-789
-539
757
-826
-304
360
309
147
695
372
210
-479
-499
153
-894
332
-602
963
769
224
-131
677
-971
-425
-424
-127
-339
751
566
-903
389
217
-600
-96
760
398
890
-678
-333
860
957
-686
-334
894
706
218
-887
650
468
941
449
500
531
193
-691
464
457
408
952
917
666
-219
541
-243
-755
235
193
-808
-943
-303
865
-880
-338
450
-988
151
-182
529
669
-644
-988
-918
400
77
592
-716
862
22
287
-558
-945
-952
-757
217
-134
213
636
-37
388
-376
234
-78
835
-271
-113
-968
-499
-914
-616
-125
-974
341
-248
-642
-686
285
-71
-334
333
-51
-320
837
-906
732
475
537
355
696
-454
452
-861
-558
-712
223
444
-442
36
-920
176
-344
-848
947
-325
602
-715
381
-900
-790
385
304
-227
-568
238
595
-655
854
-464
-599
-758
232
-21
-550
-140
826
815
-850
449
-495
-447
837
705
809
359
-284
-691
-50
463
-997
-560
-329
317
194
-924
-852
623
880
-427
264
702
414
-381
137
51
400
345
580
-332
-285
-667
-234
-550
-123
-444
-490
944
-355
59
310
-438
427
-668
-681
271
-86
259
652
-363
-814
-844
855
-824
410
-60
272
-346
811
-696
-875
-342
-544
-323
682
867
602
-883
-927
-144
-737
379
869
74
-990
-693
-368
814
478
-319
29
-91
-836
-108
504
98
964
959
-623
-584
-945
852
-705
-810
-821
653
-415
-721
808
400
415
986
592
254
-368
-829
-908
-535
901
-868
353
-976
-846
4
-575
-600
413
801
-243
744
-593
-51
928
769
-425
827
423
104
-66
-92
533
674
245
546
-717
-933
-582
-743
165
-46
-822
-451
135
-715
-896
-988
246
-316
-133
-584
251
421
542
280
-62
-461
433
381
-615
-189
-251
-987
419
-250
293
-867
781
724
504
79
-40
315
-429
469
229
-109
122
169
-705
653
87
-212
-95
920
435
335
-760
223
866
-63
-669
-126
-372
981
968
255
-507
767
784
-562
-771
875
226
-490
-45
521
45
95
437
-231
911
549
659
-432
579
581
354
132
-121
279
620
394
523
-663
-540
-823
-458
324
119
266
914
-52
782
-1
-409
-823
-944
429
-842
461
-955
151
59
50
501
-680
-26
945
-306
-851
-845
-831
-76
-643
-539
-661
-557
-587
-575
742
-159
180
-26
-541
895
16
-405
-793
813
788
-495
144
637
-937
-168
-602
-145
569
-179
208
-852
-548
704
-336
79
-515
211
-900
973
-114
-417
-198
901
-527
-767
487
-61
-78
866
660
-66
34
132
381
33
-324
-377
-921
-121
-202
300
758
239
-522
-351
-232
959
-162
251
434
181
790
114
-668
25
468
486
587
-642
-246
463
-156
695
92
754
-808
278
156
623
472
96
340
23
486
108
47
523
-483
906
37
976
383
-768
289
63
185
-769
369
-807
900
373
-950
71
-517
204
325
911
52
240
-359
803
878
605
-26
723
69
-874
315
258
628
-110
709
247
151
-559
277
570
76
-867
-131
-898
-330
444
167
-642
110
-143
577
-992
-458
594
488
982
507
996
-640
563
967
354
-274
-758
-33
829
867
786
512
45
-459
487
-47
438
-965
-406
117
934
-908
72
79
-150
293
-9
-94
0
-946
157
-732
-824
535
-677
-977
419
28
-201
-252
45
514
727
-964
-40
741
-71
828
638
991
160
-236
775
-185
-584
628
699
-700
106
-469
847
605
-324
926
556
-706
-16
-846
-946
105
-324
-330
600
-282
602
-193
-460
-520
-59
-159
-984
638
196
-361
-539
787
867
-320
-760
-733
-419
342
131
-982
198
348
934
826
-763
-957
647
-424
478
-455
-415
436
125
831
872
-220
-257
-859
506
236
-550
692
721
-709
-194
-137
-490
-939
371
871
959
713
97
-462
-647
286
862
-313
-255
-545
881
465
-773
-257
-458
750
-890
-229
555
-118
903
251
-681
797
17
-331
938
333
-841
-514
-496
-815
840
-499
-657
52
-503
847
511
-222
-368
-784
-151
914
-628
-532
-56
208
-942
370
-164
102
-941
722
446
-202
953
-429
414
583
-880
739
184
-151
705
-212
-571
-506
474
-1
525
808
-791
-16
-902
369
-345
-178
-89
-661
97
61
216
60
-862
-590
-717
-43
317
-646
-612
167
-267
-632
-225
-317
-449
-503
534
157
15
501
-309
-452
832
-460
-905
-272
816
250
-168
832
695
-399
833
-544
200
241
-565
92
-897
-369
-791
883
-933
655
266
610
517
-633
24
219
830
-670
445
899
-376
-82
309
53
-646
-429
782
-506
215
-705
556
118
200
-413
889
415
886
-396
649
990
644
734
908
-693
-8
-388
-515
374
778
124
312
576
933
3
-600
-221
267
877
-915
-385
70
-146
892
-846
-440
362
-191
-348
500
734
48
588
-875
-567
-327
882
156
714
-198
-863
327
-617
-866
648
317
247
307
-226
-762
-515
-806
240
-889
-655
-857
41
-741
-963
-376
-916
-147
369
562
561
-477
-573
550
-886
-508
758
67
-768
-55
150
901
-625
-927
142
524
43
-609
-250
-457
-339
958
-516
767
62
501
-499
-272
-642
758
816
210
-255
352
-576
-234
968
-316
-156
44
-168
884
61
657
600
87
-421
-923
860
-278
-228
-326
633
497
498
-359
740
683
96
-977
-500
994
625
901
833
-959
-699
909
719
945
568
-568
347
28
273
4
984
-797
276
-765
-793
331
964
327
937
-383
-663
-935
625
-977
-742
-711
-117
582
7
31
148
-613
-491
-80
-940
-977
166
316
895
-106
757
-300
-157
-968
476
682
-370
-778
322
912
-992
5
323
178
713
54
-499
-944
687
-954
-587
-476
-307
-976
-395
-670
-53
-767
-446
-180
310
-604
125
-699
-467
-405
550
-291
-889
-337
-312
-149
452
-721
326
-630
-834
52
256
-342
-869
533
-223
855
2
726
-9
967
-296
635
32
204
966
715
-178
617
793
-848
471
177
5
282
-644
988
-506
195
276
-317
-155
-787
-140
602
-604
-424
29
-115
-26
-768
-382
-221
462
-286
996
911
306
-369
732
-490
-885
-727
52
-101
988
-613
-30
-75
-899
-922
242
34
611
-875
-289
421
701
706
638
10
334
145
520
842
-14
-278
-799
891
350
900
-567
319
-999
-355
831
380
785
246
285
-20
139
363
-316
-630
-101
97
-203
-339
-260
-233
-760
-398
76
479
93
-639
-649
470
-611
514
-177
511
-52
40
69
-306
845
-949
486
591
-655
516
261
615
910
881
-687
851
744
184
674
973
175
824
-170
92
565
796
418
27
-134
825
583
274
886
-858
-237
-768
98
491
657
971
883
433
-866
894
884
-39
-455
304
-753
-583
-746
469
-233
-910
-146
-402
-987
925
-9
620
46
627
-20
242
445
-340
-679
56
-494
847
437
-564
-234
-792
219
-589
10
471
-985
60
715
453
-566
838
-140
-222
-694
-600
-239
506
714
798
-357
774
-367
-428
-956
-786
457
-502
433
796
134
263
-497
-676
-528
538
435
-305
671
-532
130
-785
-589
-495
-790
61
957
-450
-325
694
-66
-908
774
-636
122
-790
976
320
599
-247
626
854
648
-768
-559
-207
241
696
869
517
-266
802
824
59
-76
-851
-387
-10
-804
-557
-742
-475
-217
179
-877
18
475
809
-60
-153
969
-135
-421
-880
-209
-228
-160
699
-543
-111
-622
-36
-513
532
880
797
-493
-453
704
579
-999
-19
-785
460
-181
62
-698
-108
728
-906
-171
358
257
-385
-769
431
-448
957
881
607
116
584
0
-567
957
724
158
858
-239
482
-263
550
-631
623
240
573
-660
-358
-717
-419
581
-13
214
-511
-493
175
-31
-56
-563
-456
-921
288
-928
-463
-431
-848
758
56
-585
-539
645
548
-566
436
-271
333
161
-369
623
602
-275
419
423
-858
379
141
948
428
102
12
-884
450
215
-110
871
146
122
-363
-594
-926
-418
338
609
-267
-936
-63
564
459
405
-957
423
147
266
840
-735
929
-407
125
616
539
387
82
304
-147
964
202
318
316
-833
907
-553
376
-985
-234
154
490
-296
32
198
573
-512
-993
745
-55
-483
17
-585
650
499
741
-365
351
378
589
-275
-193
818
59
968
-650
-124
104
-410
-628
903
-509
-941
215
-340
359
-677
247
-298
230
-823
-433
617
-959
45
627
286
457
344
-723
432
336
-329
522
230
665
106
-255
93
46
656
564
-878
-80
97
703
329
-424
983
-691
-356
-404
-454
953
-204
-162
327
930
-195
-834
732
664
-7
704
-493
-540
-957
-168
600
-684
-34
-750
-840
-413
474
-754
888
182
787
-888
-401
867
-762
310
-799
205
240
-22
169
442
452
-105
899
-235
9
993
-989
-721
-498
301
533
-367
747
-57
-798
-772
213
259
-597
-31
-466
491
-922
-131
-809
-730
-558
508
162
-646
-536
-849
-168
-904
992
-985
452
-122
797
577
730
-21
-874
-276
808
723
690
-427
-297
513
-481
-300
141
740
927
-625
947
-958
-256
44
750
-318
-953
-972
476
-906
232
787
317
-107
-508
556
844
390
783
-246
584
728
332
1
307
-545
312
-222
758
-616
272
-819
-465
-946
-976
913
88
-251
169
831
405
-652
-818
285
-790
720
940
486
758
323
723
302
33
347
-907
-572
-227
94
-711
752
347
811
332
987
558
-723
-954
558
964
-967
756
-989
-554
230
-777
-440
573
-836
57
-686
591
-780
631
-19
309
-912
527
-303
250
932
-265
-687
546
337
936
973
-844
899
981
-600
-74
336
-788
-732
692
80
679
952
156
524
-481
-861
-968
15
-593
-293
-983
90
-416
-194
-723
-748
-858
874
-691
-930
902
-616
-202
-876
594
370
482
-481
-157
-267
-991
