316
449
962
-29
357
122
826
-365
203
543
-288
127
-210
582
-907
-819
-354
236
-178
-802
927
261
-343
-917
-375
452
797
-245
-965
-654
-689
-241
159
495
-687
-629
-263
34
-811
193
745
943
543
-790
240
-172
72
964
-881
-897
-609
-733
474
544
-150
-795
-228
182
778
-169
-92
-807
876
733
-979
-796
-148
402
620
-195
-412
-884
-78
-702
-573
234
865
721
-967
-610
-196
900
93
-223
-25
-969
577
-937
-3
-681
990
704
-560
649
-471
808
106
612
647
924
962
173
477
-711
587
-259
79
-733
-41
-879
-582
-930
-535
-387
-434
285
56
-163
867
-859
287
-726
-68
-307
-863
-138
361
148
410
964
-218
782
96
358
-783
-148
216
-11
761
56
614
-521
50
858
-564
208
197
-86
659
295
723
243
472
-397
-518
719
-179
499
-847
-364
144
-201
-387
-85
89
686
86
202
-419
476
-44
797
336
488
579
597
247
448
-811
-836
987
-247
-858
4
506
102
-309
-340
-201
36
804
-274
178
-687
-272
664
466
-233
-224
773
334
-840
-956
-89
651
-713
-463
275
-608
961
484
472
-491
-986
-976
45
-726
776
-509
-873
-892
95
-9
-347
162
406
-364
808
-19
549
-254
-751
254
-884
-212
-999
-438
969
-367
-697
-264
-393
-476
-62
852
-797
68
-781
-20
-725
533
53
-809
406
-851
284
-251
778
-213
-497
-240
-610
193
-220
-478
-436
-718
231
130
-766
950
790
70
806
-101
876
-548
-492
-730
200
-301
453
583
729
-412
829
-725
-775
270
401
570
-398
191
100
864
-15
78
-67
297
886
965
342
-971
405
653
-957
-228
412
-959
108
107
769
-476
-743
44
-888
-417
