4470
248
189
-221
-19
767
605
-491
-606
-991
896
-225
550
568
699
-457
-843
144
711
651
519
-182
-598
261
669
176
-731
186
-712
243
-583
637
-553
352
-153
-927
-614
353
-813
-981
536
607
356
133
-343
933
635
495
-655
753
93
-95
986
931
222
-677
204
-856
-756
-611
588
448
581
-974
462
155
-170
-57
792
-254
898
218
-59
-926
-565
765
307
-13
95
-150
986
-201
834
817
393
862
212
-356
654
950
255
963
-223
0
-32
-485
653
-115
751
-390
-563
-840
-884
566
272
-516
296
763
-376
934
-499
283
372
310
-949
-913
359
511
-191
92
709
-402
-428
-143
763
759
158
445
360
-582
-858
877
891
-187
503
-813
730
-13
-880
-606
-756
-318
-776
38
820
-222
-660
0
-310
169
-137
335
-760
516
-371
411
-66
472
739
794
-430
391
638
-59
-665
622
566
613
281
442
-169
583
-973
-182
645
31
781
960
921
-600
-507
482
732
729
216
-387
478
836
-531
-471
68
-888
-545
-745
492
-10
-266
70
606
-192
-432
-187
896
861
416
-220
582
-422
-45
403
373
426
-900
-836
-349
526
331
108
-244
224
30
220
-125
905
-252
-786
-301
531
-742
-413
561
72
324
601
-143
281
-23
-574
-623
219
507
191
917
-165
978
-805
928
450
-651
-443
-837
-124
180
806
-954
-237
372
-544
-951
-896
-216
823
-635
-607
776
857
-133
-722
-15
696
-488
38
633
-583
973
-850
93
-651
-41
649
440
189
-945
916
-686
794
367
-248
692
98
783
-798
579
-633
12
-433
417
-407
677
17
-565
620
17
911
-769
164
-144
680
-801
540
60
-393
315
-217
-565
-349
142
-386
-732
-450
-873
887
892
-147
-287
598
-212
950
-159
942
-975
517
109
-192
223
842
-956
276
-765
-692
-3
-410
179
897
-433
-841
580
-907
-742
-444
121
-969
-207
324
-398
356
357
218
-664
907
-177
538
-285
-273
217
601
247
859
-631
990
-647
-369
923
788
369
777
826
-31
-994
223
-613
817
-768
169
-9
75
-442
-132
-189
789
-76
128
-307
68
-239
-382
532
107
123
-282
-284
-60
-617
149
925
653
841
228
-416
746
12
597
661
345
462
-538
-468
866
-501
-808
718
-212
517
298
959
269
605
931
-30
778
-928
223
-264
796
-527
-127
-489
244
79
-890
-940
789
275
106
749
-753
360
-748
-732
-580
327
-468
411
963
557
-131
937
218
-228
54
-105
937
-341
170
218
-550
-598
-841
-739
-628
-57
-876
698
-874
-986
-509
-108
-344
-911
694
-60
-290
-981
398
-721
478
-974
-2
560
128
481
-82
823
-99
895
-261
-115
-352
696
-692
851
858
69
-992
-249
-686
-438
947
97
393
-180
-625
-256
-278
830
703
-164
-672
871
591
-40
-509
97
367
662
938
-224
215
-746
836
988
868
-531
306
-387
303
254
843
803
79
-889
547
160
5
-133
-170
146
-858
-345
767
-416
-298
115
-683
895
670
184
-124
-590
-736
-520
-327
-851
-126
926
-649
404
-762
979
-440
-635
-294
-630
-595
-98
571
-71
566
220
340
292
-595
913
-507
-665
-980
-95
911
496
-97
-663
-325
-569
-828
-291
794
460
-865
269
-825
-277
-838
979
-279
-723
-310
955
389
-738
924
511
-304
647
398
-802
257
504
-725
-471
-123
-604
-690
442
525
-952
-488
-303
-703
633
-292
-468
488
-615
183
705
-369
150
909
-292
-137
-721
558
656
-4
340
-872
-804
783
-599
-362
539
-987
-986
486
999
-664
110
-583
76
-869
874
499
741
-437
-318
402
565
-975
-393
747
499
485
384
31
-301
-452
-609
-579
-659
-655
254
-910
-963
-910
588
795
-682
81
-594
267
643
827
-125
471
44
-42
537
-321
273
-797
-890
-168
-698
-398
-972
-700
-53
325
-437
-654
-665
349
-804
34
945
833
40
353
218
-883
475
-526
-470
166
217
750
-683
683
-77
818
314
-808
405
199
744
372
-449
31
-371
-149
606
11
925
-282
-938
-182
-469
-795
-961
395
343
958
121
483
404
-481
-498
714
-763
976
914
-688
595
932
-583
-499
637
126
-427
150
-547
401
-438
-660
-989
159
-847
-178
-464
-941
533
302
-111
106
909
33
390
491
-282
432
-306
456
-339
-532
385
-676
694
-49
-982
388
-532
-963
-258
-645
-75
-664
893
-466
-480
659
-748
446
-498
-658
-467
-221
-645
-783
628
-803
-73
-492
-490
-362
805
-453
-1000
-220
0
-865
-479
730
-267
-330
69
398
-143
197
-753
517
-729
236
747
587
-34
-113
-115
447
357
-315
961
-102
-700
-790
192
192
-527
207
11
655
-181
-671
-616
501
806
823
-554
-258
-333
-907
782
-758
459
749
-664
-387
857
-299
615
-480
-687
-461
-254
-842
193
-283
-304
-215
466
-610
-385
242
538
-133
-335
-665
-638
-141
-860
382
-705
508
493
880
-368
-629
720
745
370
531
222
12
355
591
11
-941
145
-294
826
-508
974
-917
-648
-432
659
815
210
837
-242
-305
-60
-973
345
656
432
443
-792
-728
-506
-942
847
-706
-58
822
862
491
623
952
874
-3
931
-185
136
-645
505
477
441
418
-818
339
77
-579
618
816
837
627
75
638
-663
699
384
445
706
-198
307
-943
326
237
755
-345
-290
-574
701
53
-475
864
-905
-481
703
-728
-886
-59
-557
387
-567
714
-89
90
18
479
407
21
-689
-354
561
-213
-279
-733
-848
648
-181
-972
146
-643
-786
546
-920
-79
550
-73
-230
-108
456
-129
53
-764
-682
580
435
73
-247
113
-91
492
-326
232
270
-587
-195
719
-561
112
346
-476
-694
657
665
-558
-746
847
25
-580
735
92
942
-170
-122
405
-267
675
380
772
292
888
439
979
211
-97
990
-213
-303
872
999
-342
-123
283
-69
-557
402
441
-574
783
645
-32
-304
322
222
-292
-725
745
681
-102
-360
671
-1000
456
753
-194
-273
-39
294
370
539
-156
781
-7
-800
620
-713
567
413
-917
-880
614
206
-617
82
-693
-754
70
-681
564
-249
238
-983
573
-856
-891
73
465
465
-489
-552
510
-498
-810
-252
577
-290
-180
-110
817
-353
-949
-619
-264
-777
998
185
-5
-847
697
751
-758
-685
-414
-283
243
488
931
-320
-863
-722
-33
825
450
590
962
577
199
-396
686
562
692
730
95
-236
727
21
-256
185
-91
-501
-393
-650
336
160
-165
782
-987
-340
-186
-932
-863
-310
277
540
-700
-433
-84
-121
990
-347
-266
234
-235
100
75
194
681
460
330
742
766
465
-91
48
-151
579
-196
-983
406
376
-174
-160
822
681
-964
-201
-122
-570
-952
-997
650
758
330
-850
-904
-288
-783
-142
-511
-465
-184
963
-213
277
424
50
921
-225
858
-70
-84
161
91
-303
-990
-914
153
61
-179
709
522
528
111
-565
-949
1
-543
50
-90
-456
-141
-621
989
-538
-435
29
-110
927
516
601
-871
-379
-503
89
-683
882
219
-819
575
209
-83
82
502
170
-702
728
528
-376
740
-466
-242
313
276
300
-211
562
-485
-644
-807
-37
527
-907
-404
638
-318
86
948
-232
580
-356
979
-455
-247
752
-256
734
86
-944
330
632
228
984
-403
792
870
-355
-819
-294
-713
-842
-129
347
877
-553
424
185
-405
427
-388
197
-654
765
-184
183
-570
-861
204
767
-641
-456
336
-861
-538
-444
-649
570
128
-997
721
835
-825
831
-646
387
-493
738
-496
185
583
204
-974
672
-216
-27
-269
577
105
639
-722
433
-735
-125
372
-514
910
551
496
674
-221
617
-20
-670
-691
891
-692
37
483
491
-856
-540
219
-595
472
-933
122
-153
872
-263
-461
393
-982
-375
-783
-665
-950
-947
880
100
-803
-76
549
44
-93
-615
-387
574
347
808
163
-123
21
-948
-900
82
163
586
828
-968
-967
580
-213
-765
-92
-469
-318
373
-649
532
-113
559
-544
485
313
488
153
-227
-979
-451
570
-83
-282
-475
-965
615
827
656
-9
-975
-765
700
349
-618
-828
83
208
-630
536
308
798
71
784
540
-242
-8
163
-751
930
-190
-561
-469
-132
778
417
-449
669
167
335
-343
-951
-251
386
-330
342
-349
-191
316
915
714
-200
6
-188
-662
712
-353
908
-638
199
-134
-572
-180
520
-100
-761
195
-378
-41
-448
929
-614
739
-53
-278
-787
-677
-8
-1
135
-702
175
-673
-715
944
-67
752
328
204
-996
-490
858
840
-672
-194
-244
-188
222
826
-917
-144
631
-7
-62
289
962
-622
-696
-1
872
-995
-438
841
729
350
515
197
460
-305
-425
-72
-733
121
-273
-786
909
-82
-497
535
-667
-682
-780
-962
791
-413
-247
311
403
35
760
-715
-230
915
-563
101
101
-757
726
618
-554
473
-105
646
-426
29
-437
-191
813
767
36
-647
400
-904
-285
-553
-860
547
-957
858
-864
-527
-544
50
-95
211
-107
-934
-424
-520
435
-925
734
-28
749
-982
-441
121
-336
-923
996
356
241
-785
-462
838
926
-67
33
-451
310
-980
-529
239
-940
-823
930
659
999
701
-188
12
269
-141
-520
-238
-355
952
140
-162
100
717
999
290
-968
540
961
548
-648
-395
-526
901
612
883
-510
17
-855
864
704
-299
-668
49
542
-56
-408
-177
778
-920
-709
-92
823
691
347
47
-615
110
301
67
496
948
-298
-574
-452
927
578
-911
-497
940
882
281
-624
-82
35
458
-165
274
-775
-853
517
-214
379
306
158
-871
-41
-4
863
906
358
-966
291
957
890
505
-126
-514
548
204
-296
-205
-925
840
533
-285
519
524
-899
-562
-989
299
-160
-868
896
-121
435
646
366
-597
221
-101
-411
-540
-546
-592
874
174
-791
216
974
-553
-621
-117
352
-510
196
-346
-701
283
-454
-673
538
402
-420
-542
-449
69
940
205
211
574
294
-187
399
934
-699
51
714
164
309
367
-381
-73
483
823
174
539
400
-436
956
-357
-348
-183
242
964
-288
-656
188
-270
284
707
538
-38
-194
-548
-648
-382
-756
314
524
576
233
904
297
-162
-885
956
0
103
-194
697
-10
657
-591
-815
-224
551
77
154
-742
-191
342
955
456
594
-277
132
660
-226
807
984
774
-762
-678
-280
994
-783
209
-308
90
-87
305
528
676
-672
-76
442
55
-371
-342
-76
47
390
800
138
-288
-869
-306
497
695
429
-646
-95
-165
-791
-37
-63
370
309
328
-834
-351
326
-642
983
764
667
480
968
923
-454
-759
641
781
-331
-339
403
-26
217
205
710
-860
451
-183
-710
-192
30
624
984
-369
-867
-780
-525
952
577
-840
705
112
-472
283
192
145
148
30
983
665
803
481
-774
-34
751
-484
-615
-944
180
377
-602
599
-887
383
-319
187
669
776
177
931
240
-940
-79
-123
795
935
-507
604
-596
-802
-376
391
-590
-913
-700
493
626
414
-692
863
404
380
537
998
525
9
463
-244
-407
-550
540
-74
868
454
-867
286
646
-630
636
0
745
669
-935
-838
-232
-963
-380
-810
214
-808
725
900
-809
199
-328
-960
863
373
-968
244
-315
893
-537
358
372
-239
-793
17
126
-601
-168
641
749
718
142
-280
712
-866
446
-946
-162
-643
-826
-571
-878
990
406
794
275
-476
-401
423
326
-523
-314
806
-654
697
-700
-192
-568
178
-371
84
189
693
827
707
-586
630
-889
455
-225
402
772
964
728
-906
280
551
572
157
151
-901
719
150
958
10
243
36
-984
-432
967
-114
432
-836
381
-969
-60
96
-666
-327
-189
-937
-355
250
51
-874
-612
-383
977
619
143
210
854
-350
-333
580
82
-905
-86
-973
263
885
-529
913
-43
285
288
728
-611
658
-307
11
613
-175
555
-550
535
287
804
-972
310
-662
191
679
334
129
504
819
38
-513
-884
652
-59
323
-716
-930
798
395
939
587
154
-913
653
-576
433
-310
-402
598
340
-510
-684
692
-887
105
834
-255
-300
-676
737
71
223
-823
909
-637
-378
605
-390
905
401
-133
-814
-779
191
217
492
-180
411
500
25
-975
750
116
-722
115
161
987
-663
-125
-612
-218
851
164
112
-634
961
891
62
-136
-618
342
82
768
-760
-7
-961
-747
237
115
-392
277
370
-465
521
-999
-473
-154
-960
-76
-949
418
442
805
64
-114
750
-884
395
185
-592
312
378
-471
212
-962
738
844
-128
39
308
-391
508
-847
539
885
-600
821
420
-382
346
872
714
-126
-78
-661
654
25
-340
973
-864
720
354
865
-772
550
347
-998
-365
817
-460
-670
-91
962
-678
-678
616
-393
-159
524
-152
841
-749
12
795
838
616
-99
175
921
527
-352
-333
869
647
-585
367
-895
-244
487
336
-419
657
764
68
-334
-730
-458
526
392
-426
-271
-409
465
-672
659
226
738
896
-305
-935
-574
-646
-922
121
-709
-766
237
711
-354
-422
-663
-995
835
-455
343
-91
-50
308
120
161
-532
268
-582
-875
-579
453
2
-782
-164
-658
756
511
-439
337
-27
-218
-249
8
696
-8
-111
-598
773
350
-344
-703
696
-611
104
777
677
965
776
456
697
-714
432
-444
-517
704
661
-971
2
-667
800
-375
432
-323
701
605
-100
-730
782
175
493
646
-993
573
-686
-33
373
553
-897
-259
-512
-52
-494
-961
64
163
-508
575
947
-693
-53
80
-756
-267
-245
883
-528
-155
-164
998
793
-355
-665
234
205
689
-85
927
969
7
716
-898
87
413
587
-366
-817
-522
624
-636
10
642
276
-446
-287
553
-309
860
660
708
-482
202
-697
-215
375
-803
-634
561
373
-607
-647
-713
-576
-693
34
735
-986
693
371
960
900
-685
-211
-224
-160
897
-700
-38
-909
203
862
-162
-396
-664
666
982
63
36
-435
289
485
697
-953
702
-211
985
692
-298
664
267
927
-11
274
303
401
-873
805
224
-137
-628
-921
-811
673
103
35
-701
199
921
-555
595
54
-924
-289
331
-744
-689
409
-404
-510
69
-235
-584
935
-630
-208
-146
-823
-788
-779
-125
-497
641
444
-82
-13
-669
-801
255
-334
341
-228
-259
822
960
631
364
257
382
-521
72
-305
-158
785
640
-722
386
866
-223
-966
-685
341
-482
-319
768
484
-695
181
694
939
737
-16
670
-279
824
-959
-777
32
-673
628
-240
-325
608
-224
-608
-465
8
954
-62
-214
-161
-137
464
-823
-27
-209
-902
-267
-325
-19
-733
621
-405
-813
-407
-993
597
394
511
527
-968
-425
40
-774
281
265
-558
-923
434
94
-419
-818
-422
773
-521
-668
781
207
213
947
-744
-977
-112
-377
-461
-976
-215
674
-901
-666
330
984
395
492
603
407
-298
781
542
133
-524
-770
887
241
455
184
-197
139
728
-877
-668
-608
867
30
-1
190
108
348
403
934
-68
584
-691
-753
652
-503
620
470
-628
928
-954
307
-895
-82
-123
-248
-327
419
114
-173
-836
113
-500
578
-431
-945
37
470
233
-871
922
-769
-500
-427
-212
-329
767
512
-656
588
-97
167
239
-779
-835
658
-582
981
101
-678
-417
-291
-180
-517
832
-20
37
-971
694
-910
-479
-963
322
-622
-991
336
459
486
345
-697
-55
988
290
-331
-867
-371
-356
174
123
-866
-721
258
581
48
700
103
-107
-13
-523
677
182
-905
-43
874
848
-734
813
-578
-194
78
-212
304
-770
-134
-182
575
-876
576
146
-362
491
167
282
-865
-87
463
-928
-376
-402
-231
386
386
377
9
-262
-10
55
244
-683
786
-519
-781
-962
-415
-975
618
251
-247
-152
178
-989
494
847
546
-85
-188
896
365
-884
-831
784
-796
163
737
963
204
117
547
-84
826
444
225
480
-5
-814
-819
-218
-95
-935
198
-51
439
340
-550
-647
245
758
-763
92
-401
549
776
-755
-168
186
-491
-600
-492
136
951
-270
-742
951
-34
-985
-983
-148
-312
-607
-446
-441
347
-473
642
-872
846
640
-733
894
616
658
393
-674
704
668
-601
-244
-173
188
708
377
708
-259
-664
-502
-18
721
-784
-560
693
343
-575
-583
267
201
889
83
894
-555
1
552
-50
-954
334
-214
333
-498
151
-723
783
770
945
-581
928
450
38
728
-299
676
-187
563
410
-997
-238
37
-533
729
-258
425
-482
878
385
664
-323
316
788
175
690
-263
219
48
-340
624
-945
-94
-338
-556
410
-298
-875
-958
747
231
794
914
-326
765
-306
-935
-570
606
-270
399
217
689
265
696
909
-991
677
-271
-169
602
-418
-312
-142
-797
177
520
-457
391
725
880
-600
626
-727
-257
-308
-795
-519
-833
-140
663
-465
411
-564
-232
-747
861
-178
706
-7
569
384
478
-998
-368
877
480
783
-383
-767
417
727
-526
126
-665
203
583
-948
675
143
221
430
838
199
470
959
-976
-682
817
266
-521
-14
53
-615
-879
724
-246
470
751
283
692
-979
902
352
284
434
-294
-605
-611
-833
537
-475
152
758
305
-833
917
677
-689
720
-969
407
-571
-444
-54
-90
-841
63
539
-209
147
521
628
142
-966
-605
770
456
-161
151
645
-296
875
142
740
993
171
636
-581
-238
695
-875
930
-761
-49
-301
955
524
-365
-401
679
-52
272
-979
-843
-600
-830
-364
728
-716
523
938
-236
-325
510
479
-763
-622
216
416
476
-214
-260
-180
-937
-209
-295
35
76
766
795
-695
802
867
-86
602
-180
-176
-542
-344
498
-807
-80
-832
989
316
646
-725
543
815
-436
464
-291
-910
-765
583
395
291
-217
680
226
-192
464
561
320
631
533
-442
860
185
766
643
148
-323
-444
-195
757
32
103
615
-586
-966
-789
49
642
-275
-400
714
-864
407
-99
822
480
-26
585
714
-204
-981
293
-252
-711
487
793
-968
-879
418
234
645
-737
-166
-764
-825
286
-120
602
-363
-83
943
-441
-326
11
-770
-320
865
843
21
744
473
212
-492
-961
-504
184
190
-120
-804
751
668
422
909
655
494
-446
46
-646
-259
-181
610
-524
556
379
459
-704
445
-350
333
-858
96
-142
-271
-493
885
54
166
557
883
479
482
-544
-911
-484
-441
970
-159
-91
-816
-64
-99
68
506
-597
-455
433
-944
-301
536
-183
414
-714
699
394
-377
-924
980
765
946
-726
-87
561
-273
346
-237
-544
696
-957
6
32
-510
194
875
-584
339
325
537
380
877
-633
179
-280
-920
814
-86
-91
-610
845
-13
-709
-912
-75
244
915
-122
95
87
742
-844
815
-607
648
936
374
428
827
-209
950
833
98
679
626
785
163
-337
290
866
423
155
-416
167
513
-716
-750
680
-200
92
-252
1
99
-353
961
-922
688
-43
-290
980
161
-460
-493
355
-492
-894
359
360
-146
376
-249
278
51
-958
-190
660
708
-670
868
-870
773
53
-371
-539
-982
445
-323
-774
382
78
15
-473
927
-540
207
149
809
257
601
266
189
-843
400
203
126
342
-665
78
-887
223
463
957
590
244
286
70
-529
867
-728
-192
35
-314
-947
9
-40
-859
-33
394
-685
-599
894
-932
117
-533
-159
19
684
-997
-13
-488
514
413
-328
597
390
-147
843
122
502
-589
725
-532
102
322
-580
653
895
394
854
727
983
-995
136
-479
-856
-113
431
900
-320
710
746
856
309
977
-926
-441
483
629
328
-541
-125
162
-999
-253
-119
245
-80
600
810
-169
-152
-738
-152
-846
-500
-417
-740
-765
-946
-975
-129
-197
880
592
-123
-353
594
-426
-634
-576
168
678
-934
85
-25
-88
-31
-188
797
206
-516
-673
-134
501
-677
635
-338
-968
-540
684
960
895
941
-323
-391
68
550
459
-757
-106
934
337
961
38
144
462
-828
-369
529
2
-538
387
-647
440
207
64
932
173
162
-943
-460
447
204
-127
125
672
-120
-278
588
-326
33
91
965
-324
53
9
-840
179
115
12
958
-60
-863
234
-970
-715
860
-639
-969
-373
364
-898
-207
46
963
-933
-620
-151
451
132
524
382
825
-54
280
-90
-950
-255
-922
310
728
132
892
509
-480
616
453
-390
228
-194
-809
-70
-272
-734
-739
927
875
-223
566
252
-516
-265
456
-276
102
-810
946
99
-462
515
638
685
56
634
-561
834
489
-191
-628
-133
-821
-102
456
-658
-670
899
-450
644
664
887
358
-756
-135
423
534
569
333
339
-504
-218
386
338
500
218
-506
-238
-838
983
-882
-183
750
-356
998
906
800
-742
-954
-893
-938
-717
956
-894
-119
558
380
744
-263
-905
-911
-266
-802
-300
-850
868
44
627
470
817
-62
702
676
260
-257
-959
-936
-928
433
-830
95
-425
-485
270
-834
741
-878
-347
-902
-771
325
828
-26
258
-425
208
218
315
-309
-662
509
745
154
-786
111
-699
-877
-243
550
-286
-960
827
-509
-238
-656
-693
143
-491
-41
-26
135
140
702
826
849
731
-312
-305
10
492
-733
597
-482
752
-345
-503
-13
961
158
662
323
196
-80
-935
84
-166
794
-659
69
453
-630
-908
-441
-665
57
551
-27
869
885
820
-958
731
506
-473
-18
-550
-899
-364
-28
-644
533
-704
-429
-152
-186
671
631
-159
731
-825
244
-215
-977
-716
-722
-254
248
-59
983
-27
-431
-428
-858
732
-893
-77
-32
-679
-705
-862
-522
-790
186
-963
507
-284
-362
625
-432
-180
312
-449
-130
-219
-581
345
528
-557
-879
-294
-566
478
-223
-206
137
-62
930
-401
-311
83
466
295
-147
-834
-157
562
862
539
787
-572
579
607
262
-328
506
653
738
488
-64
940
935
121
-541
-764
953
67
-191
914
347
-674
636
652
810
-56
-275
-626
-541
-333
-479
-974
2
396
-716
509
648
853
921
-522
488
-171
-812
-301
-354
-795
948
124
-116
-773
-816
640
131
-77
-899
358
-86
-791
489
-356
542
916
167
-805
22
-548
-873
-356
738
-84
209
99
928
-285
558
-23
474
4
372
-551
-753
-467
-292
640
796
-220
-559
-873
407
-19
359
348
264
-711
-971
124
933
-167
624
830
-408
400
838
-151
-609
422
516
821
319
-519
820
559
-858
-931
439
-490
-516
740
315
898
-939
-599
905
356
742
22
270
-184
-351
230
275
264
734
-587
-997
-390
744
211
376
-6
594
-665
987
-46
404
848
662
613
-410
775
319
363
-937
128
404
534
-710
800
70
-748
-498
-632
-684
877
857
-769
932
-964
-896
398
783
507
534
676
-742
375
-146
90
-531
-398
750
-255
-702
839
-846
-921
380
296
-630
-583
242
787
-382
-798
246
291
-580
-750
726
-653
-789
730
542
-899
350
-93
263
-735
376
-978
-896
-431
-296
-186
-600
857
58
-158
-235
412
-311
-186
-299
25
31
905
-802
-196
170
450
612
817
-467
779
-729
-204
976
-360
773
-252
357
-367
-605
262
-23
-934
404
357
-350
259
-317
630
-245
44
-637
874
-103
-175
-863
-243
-199
-29
978
-740
-615
-10
-177
-733
-593
711
-759
-204
-406
-538
890
228
83
497
-854
-273
367
-303
-742
-900
-412
-691
545
-405
853
-180
-271
266
748
89
229
599
243
-849
-647
-112
656
403
438
-554
-150
993
-87
-48
-148
431
-322
444
885
62
510
944
-824
238
898
-673
-889
801
-893
-953
664
360
-640
-266
257
-647
267
237
-363
114
929
-851
955
216
-749
286
327
-856
5
783
967
30
515
-649
-260
-828
795
906
947
-590
171
-217
-673
404
-344
94
-587
137
-72
335
612
-57
221
45
830
412
654
338
728
-624
611
-388
-694
-490
-404
-187
739
-559
-513
160
796
-29
205
-529
-361
-623
-784
178
-908
-414
19
234
-721
-458
510
-389
-342
-44
-452
304
-653
-597
27
904
401
-342
-513
286
-496
-389
-61
86
167
233
-611
-637
50
-381
-99
198
33
-615
82
-559
-884
131
121
-182
561
-671
-317
-245
-148
125
321
438
-974
301
-18
-427
41
-940
154
431
-729
-520
31
295
374
878
50
-401
-495
529
455
-646
846
-878
-479
670
-520
-198
-715
-424
-825
-6
-263
874
318
339
639
-737
-31
178
696
528
641
35
807
-609
678
-10
-733
79
792
-481
344
871
-439
375
-134
-580
-782
-207
87
-405
-487
