4715
-76
896
594
678
803
517
-372
-999
-571
-507
-304
-474
-177
856
400
681
42
-282
104
242
944
-931
-494
333
-554
689
568
-307
629
798
-825
119
662
586
188
-726
298
965
-322
-547
-269
466
103
337
-957
47
48
-987
-209
64
-200
-631
63
-789
-127
-102
933
-276
-424
683
327
984
415
965
-998
-274
-424
-603
-115
713
544
387
432
-749
149
692
-160
-572
-858
789
-880
568
-458
-248
52
-786
604
-485
13
-548
457
-637
476
224
-585
376
-315
-462
763
858
898
-187
375
849
-256
-196
-401
-750
186
169
-171
-323
-31
-64
-269
-637
949
-293
-907
-59
898
-89
-848
856
233
-869
-717
501
-758
-856
-760
-595
-133
-324
-425
105
536
177
-152
-465
-457
-381
514
256
-330
-994
-763
-433
-221
133
177
-68
-56
-209
-495
-562
-462
-884
-329
768
892
406
4
-414
-771
595
468
416
-166
86
852
735
-439
-843
690
-860
-765
357
-528
79
-731
-735
323
708
196
810
878
-950
-310
440
-298
-852
-143
479
850
-146
955
349
-590
426
732
127
824
215
-412
851
-169
539
-803
328
887
743
381
-622
-479
81
-312
58
765
79
-586
-958
-938
303
-756
854
535
-716
586
-130
-139
-758
-800
480
88
-566
446
-686
-154
905
6
669
-642
172
64
-211
-466
-762
-758
741
-382
705
90
-177
-102
-645
114
961
-42
184
-978
-5
848
-155
844
77
998
-67
281
470
-413
-572
452
359
-183
-336
-814
758
-626
584
-915
766
-736
37
-7
115
-299
85
245
131
-253
-978
586
-968
-71
-817
-381
74
952
962
-823
-126
-382
190
170
474
237
-582
-810
-64
-860
-101
373
-392
491
-898
776
-511
-996
49
-693
352
51
891
147
600
-830
-868
-694
-788
-174
943
-156
-405
231
-291
172
634
158
827
-575
-945
149
-445
247
-375
-24
816
123
573
-300
578
262
924
601
290
45
-192
113
960
611
-59
-329
-728
-836
532
181
-206
-657
-326
-81
-215
246
-8
-826
-669
-811
-604
26
735
645
-612
175
302
-228
250
170
151
891
531
-360
654
660
442
-565
-513
309
-942
674
484
-331
-688
324
-393
-502
479
-311
65
-651
925
261
208
491
-254
370
487
-240
240
409
-225
-174
-266
700
699
-945
-353
291
-150
996
856
-991
422
-444
735
882
-583
-287
135
531
303
-966
-649
574
-282
656
-126
353
18
694
-863
378
413
-170
-995
-415
-341
570
-679
-254
-20
669
971
-171
-341
-369
-869
956
755
-258
-796
-568
-318
872
984
616
389
362
-543
464
-862
499
257
50
-939
10
-630
-405
-734
56
682
-100
553
644
-1
387
24
-774
-152
902
938
407
-981
-148
-819
-429
195
456
514
-741
-974
739
125
-119
-732
612
-453
-109
628
-978
-572
93
87
-218
-234
588
-106
352
-911
-55
-566
-475
-543
-131
944
339
582
623
524
689
-833
631
105
-563
837
-114
-738
340
-764
564
-643
-130
-76
270
-43
403
-666
90
39
94
-535
-336
-987
940
-35
791
566
-111
911
32
-649
-504
162
-333
428
148
735
213
131
-377
915
-285
-903
430
-329
-787
-538
-328
-163
82
-12
2
-58
323
-51
448
352
-793
-334
185
-611
155
536
-144
15
-797
-340
570
831
-942
-25
-687
764
-718
509
116
785
-112
704
24
192
-761
-943
736
522
-665
-618
532
-528
-686
-569
81
308
-733
867
525
-104
-181
-384
-347
-840
-167
223
5
340
517
749
387
917
234
405
376
353
350
835
860
970
-753
757
-723
-48
-37
42
715
871
-388
124
-348
-861
350
505
759
784
-2
429
519
-786
625
-468
-530
-535
959
747
-261
22
842
-882
953
-870
-626
572
-386
837
487
558
-771
-789
-134
-937
-440
835
881
-210
5
953
422
-618
604
702
330
894
810
-321
195
548
213
-701
336
885
-787
45
875
-816
283
194
-710
584
-999
-988
-735
-744
-771
-419
-329
609
-541
568
499
702
-569
360
196
809
732
540
-566
-426
-933
-86
820
701
827
-439
839
69
681
-917
-361
828
948
-986
741
499
-168
132
-731
-970
566
-960
-85
281
-276
33
578
846
534
420
440
-684
-528
417
-966
-903
246
608
-649
191
363
-508
131
-675
530
-171
891
-868
-627
-724
-609
-398
895
-793
-895
-20
-432
-260
457
-765
621
730
258
-159
329
-997
421
974
-636
86
640
-573
437
-606
-958
783
631
228
-923
631
30
489
745
536
-155
-113
249
345
70
989
604
-980
-571
-860
507
291
-887
989
-838
-497
807
-623
596
-445
-36
8
999
-873
39
505
537
-999
962
512
-26
-339
587
-451
-809
165
-221
521
913
-628
-926
-412
-297
621
148
650
364
993
-972
-908
-439
548
-108
890
23
-839
-442
838
-678
-748
154
131
-453
21
-91
-379
-688
117
-934
-525
73
-456
983
-481
-134
162
-913
-890
112
87
-785
274
194
-277
704
524
-298
488
-984
-801
668
461
924
169
-645
-829
790
795
-154
59
431
991
123
-29
-326
504
984
264
-595
-235
-582
-554
-4
-144
483
298
660
-445
-729
-264
-208
506
724
-216
-660
147
-37
364
-556
-798
-897
-163
-617
529
857
482
958
-267
933
-846
979
-820
-659
113
207
-46
192
-585
-828
946
351
670
820
-343
52
-598
876
167
31
-221
-671
-881
718
-499
629
142
-1000
-807
-986
-536
902
292
100
573
-818
141
620
491
574
964
-651
-51
-878
-674
-826
-415
-206
-507
243
632
-246
940
-14
-570
567
-495
-674
185
-869
-85
248
70
750
-334
148
-49
-863
-819
-729
-336
-17
-937
379
649
-845
-261
-692
726
-512
-225
-158
362
465
-467
380
491
366
-629
933
-554
-761
252
-938
691
448
-976
-168
355
377
-538
804
902
873
802
-904
-391
39
-486
872
556
20
-102
-129
562
-568
103
-479
-303
-73
577
239
474
272
-255
-987
-190
754
-638
-157
655
-404
140
710
494
-833
939
-973
449
-639
-130
-577
902
225
-533
478
-126
-942
112
-282
-66
-9
-443
-417
855
-391
574
697
169
328
348
490
-618
859
386
643
543
-283
212
605
-827
-569
-820
-283
266
860
215
610
-943
-140
572
527
356
640
-259
713
-541
887
550
902
538
-412
-366
224
876
509
-148
-787
-244
607
-45
-756
-518
763
391
350
-326
695
-208
-497
-432
-382
735
-320
-761
-40
-517
210
-894
446
909
-208
58
923
824
-39
245
84
815
-727
264
962
-837
-732
-925
897
-60
-770
139
-489
540
873
133
415
555
-4
-947
258
549
525
-522
834
-440
-885
380
802
34
-758
-314
164
-305
331
408
528
431
872
-300
926
438
281
240
273
942
214
387
208
-329
-711
520
658
494
830
597
118
315
-261
854
-4
-428
-410
-846
-813
719
39
832
-993
245
-212
-862
-426
-686
-685
238
552
873
-153
734
-887
-795
-231
-370
-739
-278
-982
-413
-930
41
-141
442
-867
450
546
158
-237
-204
929
323
338
720
-636
224
-883
-180
-609
682
432
595
34
826
-851
569
-366
-495
-811
668
677
-942
400
391
-759
-131
585
-688
-287
-452
-264
-63
-483
951
957
-188
-987
978
-90
-361
627
6
-579
-577
-870
716
-463
264
-330
869
336
-102
-543
328
-738
744
-577
-909
628
306
-168
-622
39
651
895
830
-748
-667
-925
956
54
679
81
742
323
-800
148
391
41
502
283
-496
752
679
-875
-232
-292
-863
-629
-80
178
317
697
516
-716
-43
155
-627
-421
-330
385
947
480
945
686
496
-713
748
-813
-592
440
406
19
-76
-261
-585
994
-938
288
-891
623
695
856
-269
923
-380
-493
948
949
-905
-57
909
-781
170
713
-999
-225
342
460
166
-661
777
179
460
963
182
228
318
-706
583
-996
-279
-704
-723
-967
-967
543
-120
-761
27
-528
-670
826
285
-946
949
293
866
-282
941
709
354
929
600
606
-707
-113
-54
-193
-416
-212
798
-460
-752
290
-266
-200
-829
-644
-653
901
-641
289
-688
-662
762
-779
-55
-200
448
-904
777
-232
-797
985
-623
-836
-179
27
404
561
-303
-847
95
-450
-897
-7
-58
923
-842
-845
-151
-703
-429
-771
470
618
-648
-548
504
725
-423
-951
110
-376
191
581
102
866
-497
138
-665
380
-651
560
-898
-501
-679
489
-768
-698
-316
-534
-849
-50
428
-122
-264
-258
-37
728
-775
-816
286
733
-1
-198
-599
123
-531
-861
-872
898
825
-666
-512
942
-576
-62
-317
-90
10
-709
-269
-588
-776
785
478
-607
-534
650
-473
476
797
-1
581
-745
97
-464
-459
-209
201
549
-645
214
-564
-158
982
-818
-888
-795
993
-652
822
719
133
-682
232
-355
892
-798
863
515
-176
-35
138
148
98
141
104
320
-905
-668
254
-182
381
601
564
276
-53
804
554
729
-250
-442
473
759
-208
-29
868
920
522
189
-468
-405
-582
990
914
4
-168
-446
-840
-676
579
670
337
-90
-287
289
71
-224
-733
293
859
-990
982
-718
-538
550
950
208
-786
835
-851
198
885
-984
-599
-76
-180
-414
-820
-711
-620
266
-291
-494
-427
-994
-820
-208
-969
602
146
388
302
595
950
538
-237
-432
-403
-192
796
-971
-999
593
-546
-915
546
-110
-279
-461
-718
471
-318
-387
489
-621
94
-298
-415
-357
-583
-521
428
534
215
-127
-710
708
978
969
455
359
802
672
705
-974
986
702
-793
-644
-737
539
-212
-927
-732
-470
507
374
-592
50
-699
-538
-47
-247
950
-754
-822
-865
565
-878
24
805
394
842
418
281
922
-500
-721
-561
-195
967
161
-931
-767
-807
-817
403
-441
398
-656
-347
507
533
547
-618
82
929
284
995
92
-151
249
569
552
-580
418
-973
759
869
143
709
184
-26
371
222
-941
-652
-714
93
609
-305
193
884
-280
-500
-158
-735
533
-687
128
958
-846
989
536
-281
871
-639
-795
-268
108
399
-129
770
957
557
474
-670
-282
630
703
317
-994
526
-232
-14
-32
-561
996
94
-13
293
-422
-473
972
-190
331
-219
-182
-834
-720
765
-177
591
-926
716
190
-383
873
-436
-625
-829
876
678
-784
-754
375
-348
550
-894
795
625
241
-514
271
800
-291
-308
-892
-874
-540
-233
-298
229
-431
362
-274
-411
912
582
-140
-335
322
831
802
-52
60
388
-476
-514
-146
873
-628
-593
177
-558
-63
-562
-358
-385
8
-322
-37
287
-325
-962
601
-638
-779
595
-392
-609
-448
933
-590
894
389
-285
742
-397
546
-413
-707
935
426
-86
761
-427
167
-108
-634
-786
-326
545
-798
522
371
637
-519
540
-948
-966
344
960
927
-837
-269
-477
-344
-257
803
-97
-458
840
-537
-366
43
104
587
426
-878
-952
-538
511
848
36
-435
-500
99
325
613
76
-665
972
-458
301
-553
88
426
340
753
53
981
-51
594
449
-337
396
257
300
-676
-603
-728
315
845
964
220
489
224
74
-163
859
-974
390
-535
702
-796
587
-820
-592
91
-893
882
-233
-463
-736
716
882
-822
-150
-319
-262
305
315
-36
-988
928
371
-717
550
943
872
-232
611
307
861
520
581
-392
-834
448
-970
-855
-571
752
-133
-644
-723
-344
878
-101
209
414
742
-996
223
898
373
-125
510
201
-690
189
-71
741
0
-499
-9
486
-348
804
168
585
847
-327
-385
510
-236
744
-713
728
105
839
467
-578
372
-621
-203
-274
-557
-39
282
-271
725
-992
513
522
599
-140
-618
296
655
766
-576
-982
-466
462
-637
162
-810
907
-926
-670
-231
-127
-123
547
73
681
386
325
529
214
-69
289
-577
491
-907
-678
-196
-261
-368
465
762
-840
-985
-1000
-631
109
934
-306
149
-73
915
361
-320
-50
-357
-766
-169
-111
554
842
-988
-321
421
-101
320
-862
-152
-487
-990
-538
-889
871
-487
-936
627
725
-526
489
-820
391
294
722
-595
626
690
-527
776
-1
116
-783
191
290
-688
-392
604
-732
685
985
974
43
-66
330
-527
556
256
-751
-888
-201
-211
183
889
97
139
-850
-363
-801
-395
335
882
-450
-381
636
-921
-609
488
164
708
-257
360
-972
716
-251
-28
-405
-544
-619
-284
-890
25
-318
-529
-438
529
608
-310
-607
718
534
-213
587
-196
-750
-56
661
-282
-969
721
-185
913
658
-969
952
709
298
55
524
249
758
839
877
-614
184
-692
-57
-361
-873
326
-403
220
-934
728
58
201
-896
-712
-670
719
-339
-465
-57
374
239
-947
-201
-946
31
-804
786
560
578
-465
345
-129
-401
808
-302
-415
-149
451
680
452
208
722
-337
-65
-436
-475
-570
246
550
-747
261
-439
-917
-674
-346
-470
262
-473
-672
649
-177
-257
62
302
282
822
318
-63
-144
-427
-603
-343
251
-213
607
80
858
181
-891
480
-843
904
391
-372
266
-322
25
-291
-811
843
-181
-40
-993
283
223
-456
-243
843
15
349
874
624
-617
912
-641
-649
814
49
-690
506
-558
-816
126
540
129
-187
-224
-62
-172
508
720
-339
934
-640
71
744
722
195
-19
906
346
55
668
825
-700
668
768
652
287
807
-693
90
-749
-165
277
468
-953
-250
48
684
316
523
-151
113
-90
151
106
552
-982
322
-115
744
835
740
-757
-974
591
514
259
-692
-42
-332
-922
-312
891
-684
-898
197
-869
-780
-641
-238
-285
-436
-202
890
238
-785
-530
-671
-709
-550
-735
-455
-323
-840
-884
769
924
-475
411
491
985
253
-589
-936
-130
-641
910
-61
420
-717
321
-953
-130
-907
-678
-195
387
830
-731
422
937
-914
-994
497
924
-168
304
-407
319
-871
-980
974
-711
-106
-874
-129
32
-335
585
-415
-460
855
586
511
-223
-22
-87
-802
792
950
-76
187
232
-286
55
-653
-378
-875
-962
526
-933
-973
-757
-807
-964
-846
898
-465
453
765
529
20
191
308
653
542
529
-850
120
-80
98
524
-881
580
44
-837
32
-956
-692
950
344
-764
-362
102
10
-640
758
-265
428
318
-815
808
44
-816
778
398
-704
968
-848
517
330
872
-443
-955
586
-43
-935
-211
477
-201
-524
318
-460
-512
-925
502
63
998
762
-808
-632
-641
24
-747
-339
-696
200
809
-27
578
-140
-860
-493
-311
-28
419
984
242
-909
-150
-157
177
98
-207
196
-220
438
-232
366
304
-99
-184
890
-682
-242
264
488
-767
222
-808
-783
-194
895
-818
-312
-648
-733
-101
-386
-512
766
776
533
902
105
642
284
-522
-77
-688
729
449
210
557
-986
119
567
-170
-542
-402
112
-639
119
-302
327
-633
539
-183
-217
-191
816
-142
78
-805
-185
-551
-818
-537
-126
937
78
352
-474
655
206
-775
-129
-474
-632
-366
-995
-123
-383
-378
269
961
606
-140
-670
160
-636
88
610
763
376
-906
541
655
-971
210
56
-287
811
-386
200
-501
868
-735
-454
-712
-45
785
992
55
-362
733
-747
-817
-38
-183
-447
-16
653
694
376
-447
-386
989
204
348
-528
-56
243
66
30
14
-668
764
-183
-599
-373
703
333
518
-708
-21
-542
584
20
-319
909
489
-342
-434
-58
-114
-43
632
757
741
631
-189
-58
94
471
897
427
-541
685
-956
-767
85
150
705
954
181
407
-845
617
-548
878
729
-51
760
211
797
-363
467
-322
-94
833
-31
-333
921
-583
-922
-408
32
599
-543
-377
248
-33
-599
958
529
31
-525
-924
148
-767
-963
-426
317
-915
-118
-17
402
-549
522
-329
21
-857
950
306
594
-131
-715
361
949
-44
317
-250
-261
343
-567
-712
-29
926
803
983
-526
-229
-529
17
927
-176
404
579
529
990
-376
-589
323
-7
-314
58
481
-169
95
-881
-269
87
-438
-785
-861
-386
-279
-472
-133
-548
-230
228
320
-130
-346
-444
901
540
-518
354
206
-942
239
-728
-974
364
-536
814
219
-789
-137
718
926
628
349
52
417
-120
-579
-686
638
654
-229
-944
-749
-693
614
-880
418
-764
382
400
-996
-5
388
-552
933
565
-706
483
164
-116
179
634
-118
-544
873
380
876
296
-264
986
-594
-506
506
606
-690
-87
546
764
170
-788
247
641
144
-309
-869
568
-640
-186
-228
-756
-209
478
-218
-505
331
797
114
-24
-810
-830
-720
-733
-815
329
828
19
406
-855
-528
-533
546
-681
518
234
-307
393
-216
-804
439
709
-522
269
641
694
531
920
917
-800
-707
-466
-604
347
-57
50
394
988
-507
337
-721
-206
34
-960
204
-549
-719
781
-552
471
319
-169
-737
20
-735
-342
-946
56
-384
834
-899
366
365
129
-887
407
290
-693
-611
-959
-681
766
-196
54
862
-512
574
283
-212
209
133
-663
-508
879
890
-215
721
487
265
551
991
553
710
889
103
5
-870
873
-778
-78
158
814
312
-514
-302
777
-746
687
331
-229
313
743
759
-76
266
518
-930
614
185
73
-649
-536
469
-63
-908
390
-418
-545
-661
-58
565
523
-287
-603
-404
-941
389
992
-641
352
39
-97
-625
149
-397
-997
-201
-991
-290
1
-835
-189
-692
334
-665
-851
283
570
182
-511
31
-911
-636
841
-981
-244
-746
867
345
-241
-195
-376
646
443
975
942
973
-109
-227
-269
766
-212
-991
-934
-741
-946
551
114
-705
-777
180
18
-101
623
615
-943
318
-570
986
257
-783
-871
580
460
28
691
-657
38
-40
64
818
-638
-62
-195
698
449
-423
555
-630
356
660
723
203
-301
691
-125
401
-89
-128
-618
-739
-111
497
-206
-280
526
334
-229
-781
-671
281
-27
232
896
559
-505
-772
-724
-871
986
-749
-409
-849
-544
-16
-822
922
450
312
-962
164
-606
562
-552
-417
303
-867
-798
-754
-841
222
916
788
775
-572
-302
-969
-291
-758
-65
-576
-690
56
815
-189
900
326
586
-107
591
-337
-756
334
-403
-611
841
701
260
-953
142
418
-485
-876
-958
-916
-743
330
-548
16
965
-392
-866
434
-548
-452
623
-413
-222
610
-745
760
-689
-887
-877
-509
-389
339
712
-992
-76
-870
-12
-307
-485
202
-608
166
623
-34
-623
-259
98
-646
-162
595
-616
-109
492
-91
205
918
869
-90
102
-724
200
261
527
-824
554
-213
964
-7
-567
-797
-660
435
256
-906
-817
-812
-537
-238
440
86
-750
134
533
-96
-470
397
-261
-647
-823
-492
-649
362
-49
-86
975
574
-223
-941
-393
-38
417
88
-896
547
-456
-353
-406
880
960
-317
282
461
431
112
487
328
-643
-483
703
668
438
822
822
344
171
-748
-802
-324
275
-836
-814
-721
847
-799
60
543
364
294
-441
-410
81
-860
622
-139
663
308
835
-96
-711
266
-100
-251
-31
-225
120
987
-430
969
272
83
52
697
488
-67
-759
-272
-428
618
910
735
935
-647
478
-662
839
465
-544
-105
189
458
593
665
424
-760
-708
-604
-191
389
534
-356
-887
601
342
-337
798
-840
-319
155
973
-855
356
-947
-863
591
570
791
-583
-890
590
941
-8
923
-966
925
-394
696
-371
24
644
-133
716
-319
29
658
-193
-671
-905
-27
-692
437
841
-193
321
-203
7
138
-918
497
728
-793
739
474
569
599
-200
858
602
-791
936
-175
37
-416
-745
653
-416
592
690
709
296
310
-706
626
-483
513
121
-38
-83
224
706
-565
968
-40
-331
-623
659
-62
-466
-412
360
128
-609
-943
-422
-182
413
-14
838
618
36
-963
-459
-673
346
-106
-962
978
-639
722
-184
-349
326
793
-435
366
-169
71
378
-608
-782
-17
148
-864
680
540
724
732
-160
486
195
-175
-649
-771
688
902
-762
5
-162
214
-644
479
139
-664
682
511
-725
29
829
335
-460
373
870
800
241
-626
-874
343
506
730
-331
124
-613
459
-431
635
-544
-194
436
-236
754
690
30
245
395
-429
-15
914
-490
519
924
254
-478
980
975
841
-475
-916
-435
-634
-387
23
-464
-744
-286
-948
-970
56
999
731
888
-74
975
-791
-20
-471
60
-232
864
660
946
-782
7
488
619
-269
-975
-816
179
545
-574
925
276
-279
660
942
-580
-234
-408
-757
9
704
968
-98
-953
-593
24
191
513
-421
683
-693
419
34
-510
848
336
-780
79
824
-113
815
-456
-193
-768
482
-377
-734
621
848
-819
422
-260
819
214
-14
-864
505
984
683
-66
960
230
426
750
-918
130
-405
-696
-675
94
-779
-643
-230
-813
-431
360
455
603
-999
425
91
344
766
-815
758
296
-395
221
843
-480
624
-887
-982
613
981
-795
-50
-279
-355
-699
-608
-269
27
-526
-522
167
-458
62
-740
-907
213
548
365
62
311
478
-642
-528
-548
-527
-681
-734
-365
99
-881
411
560
-515
739
-226
-983
-165
674
703
-530
-576
-776
-839
547
534
-875
648
-484
179
394
865
-716
455
655
-542
937
2
451
740
855
370
-543
-147
271
458
348
882
196
495
583
-455
755
-964
692
-996
668
501
902
-998
481
984
756
391
298
191
445
852
-606
530
-93
297
-799
-758
486
543
903
-287
526
-678
-30
900
-589
388
172
-854
-36
69
917
302
291
-899
-120
-40
690
-236
60
-117
-132
-584
265
151
490
-842
-523
-802
288
565
523
-252
-596
923
-298
-273
-182
99
-657
654
-649
150
-223
-730
-592
438
277
536
-491
410
79
62
-512
-941
-380
900
-692
-162
871
307
-620
82
510
-200
682
633
-843
276
912
-869
351
-388
246
-971
821
-303
-16
729
77
-134
-925
191
407
-563
877
841
-346
-483
-258
885
-102
-932
999
-981
-970
-46
173
422
-669
870
-327
-80
-640
-71
175
-587
724
-798
-567
-7
754
515
992
-874
968
-101
583
-386
996
325
595
431
82
-466
107
-412
471
-524
-232
184
963
857
616
-667
535
119
294
-261
595
286
430
396
842
552
-209
-269
-779
861
177
-715
576
2
752
753
-859
157
357
-863
-509
-557
-65
370
-70
515
-717
-497
790
139
-947
57
-762
168
-526
-92
-440
971
-444
603
115
-538
-719
-524
784
999
-504
941
549
891
8
-987
335
-652
-713
568
-500
-171
-164
819
35
26
219
-571
-752
-908
266
662
-912
-222
772
257
373
107
-151
797
-762
968
319
826
263
287
-198
582
-768
-711
-492
175
-532
-219
377
-462
704
-554
817
-541
-250
343
890
662
-106
799
18
921
-576
-240
-802
-236
200
-455
762
521
414
347
-802
310
281
40
-423
-646
623
983
364
-429
-509
-475
-571
629
-260
133
-905
887
-354
-488
594
-712
664
-616
165
-849
-343
318
-388
64
975
-157
807
-230
-274
-140
-406
333
-375
446
-838
-311
-209
873
-997
-271
533
257
-733
350
-819
-400
233
49
-752
-857
-688
-496
-771
-677
-326
-270
-658
-228
251
-459
307
-224
-805
508
-435
191
-713
327
681
487
133
186
230
512
338
-48
-187
58
443
968
-259
-478
-556
-243
-136
260
-105
195
-466
-758
-500
-803
-4
-734
-671
-692
0
-19
-169
50
35
-796
-550
437
467
342
-390
398
-52
-388
-6
-79
531
-867
277
871
351
-3
-120
567
-92
-720
-1
20
-483
749
-896
736
-635
-691
830
430
883
-461
-949
-444
-704
-571
446
943
677
744
988
65
-363
-261
-810
5
565
-262
-353
-333
244
-574
-615
623
11
-220
571
620
994
803
272
-242
-933
567
-354
-483
239
692
-814
-891
-268
-844
597
843
920
-255
13
-182
-115
-929
-925
474
161
-938
-948
-110
-744
173
470
-571
-616
529
993
952
865
486
503
-589
-57
-251
281
-58
430
355
424
659
-896
178
717
297
-947
608
933
993
-480
-595
-99
817
-438
-597
-202
957
78
782
804
862
136
-382
745
411
938
-500
-759
964
-331
633
-551
-611
848
-974
201
87
-808
-479
-629
-406
485
-99
-832
-913
804
-814
-386
475
262
-948
271
-331
724
-431
56
-712
301
238
964
-413
815
106
-131
-738
-83
311
103
-728
-189
-106
-711
-181
-189
-374
24
-975
-518
-491
-14
-912
149
79
-636
-784
-422
-698
137
-498
-220
47
719
825
334
137
-889
281
411
-382
-423
15
-160
-140
-254
488
-609
135
491
155
337
-278
807
-670
-210
-36
-584
709
-660
-987
623
-575
866
610
270
744
728
-692
988
-446
557
-214
52
-286
837
-451
-86
-493
189
-663
540
433
-597
-812
-16
-204
791
-521
656
-874
-800
801
590
-570
284
491
646
229
512
342
543
222
-376
816
365
835
276
294
-714
-430
-496
340
-434
-378
206
535
-14
410
-431
-557
-18
408
-199
208
987
-704
-282
-769
-295
484
-918
-645
-188
-544
928
411
-378
-153
67
772
-503
-680
205
-566
519
159
-259
119
-496
-88
-365
581
-377
-289
987
-171
-999
-349
-285
802
235
9
747
-417
-144
-516
-872
-451
692
-574
933
-439
-185
169
-473
466
633
49
-981
952
-978
-13
591
752
-97
79
-966
276
189
564
-520
-953
-926
-665
581
-682
-170
-906
101
-710
955
823
-2
-54
709
-118
-156
-242
-231
653
-369
30
433
-162
506
-520
-630
-869
-934
-543
58
-315
-215
371
641
-189
750
-732
91
-77
619
23
-98
907
19
-628
263
-82
-651
2
-885
874
746
-579
909
350
-281
-733
-21
632
239
-464
357
-564
-231
761
-260
385
409
-947
690
-890
381
760
-461
-158
166
545
-273
-567
961
947
-156
-246
849
105
948
-955
-341
-270
808
-982
-226
-123
113
-963
621
766
886
-155
-630
789
-801
148
432
176
93
976
333
959
515
