1029
-828
259
-581
144
893
-728
479
-663
-205
-475
65
-823
-238
538
-293
-354
144
850
-794
258
-346
-814
-38
-736
-660
-276
-909
726
-256
112
-15
902
531
-863
348
-185
-832
-235
-958
89
954
-329
31
-602
176
935
216
-797
-176
752
372
-362
38
-742
-665
705
-674
838
-852
-404
-162
-41
-802
-975
-823
352
115
-31
-47
-744
230
-60
-340
-982
735
-34
290
633
609
956
416
945
-800
526
-548
-151
-451
63
-698
4
-912
-337
855
566
-351
946
873
292
-413
721
-285
-844
429
958
-817
-252
-139
-508
633
-762
-37
205
470
505
-816
-2
-321
371
-430
669
777
-502
821
355
962
114
879
-229
665
-272
703
-998
730
-483
859
841
998
-313
-634
-338
-741
-639
506
729
-507
667
151
154
-736
-740
168
-128
425
75
270
443
640
638
-501
403
12
-727
765
-62
-725
-584
-58
-4
-316
-136
-444
-609
-421
447
-655
421
-720
524
-759
-570
309
857
67
731
986
621
847
749
583
894
-598
44
53
659
81
-341
985
840
144
825
-898
-885
-667
-469
-658
-333
-747
148
-787
-416
-902
-442
162
109
649
258
-462
578
-244
780
-949
390
-672
618
106
738
-371
811
985
-799
653
-204
265
979
-389
-42
-697
-527
-278
-709
878
314
751
239
298
-484
460
523
116
767
505
652
655
-661
-127
82
-435
489
-506
-859
-482
167
290
-734
-697
5
204
-333
-837
-819
-925
-899
-871
-224
-534
291
1
250
-192
-56
-396
391
155
593
615
-576
96
-968
931
862
961
-515
589
-769
-109
-169
189
805
235
664
-339
-564
-203
31
-592
532
129
-313
-884
-132
330
861
-251
80
52
431
-152
-327
-670
-369
-224
-973
-383
-921
937
76
-12
790
31
407
-692
-664
881
-240
-140
-300
456
-517
-57
-641
-530
549
542
-465
893
-884
-694
314
949
-981
-358
-516
-296
-51
-710
838
598
-910
440
676
-63
303
-268
87
-580
-640
83
-687
-715
553
528
128
203
634
112
-767
190
464
-16
-234
-414
200
-259
-654
847
-225
176
688
985
-619
884
-700
-954
-688
-139
457
817
-659
791
-822
587
129
880
-132
-472
925
-109
-120
493
-480
106
-729
-508
598
831
613
-999
655
503
968
-747
-470
780
-726
596
976
373
498
389
-627
980
210
-531
-344
-741
393
745
-300
-980
311
-50
656
604
-863
-770
-775
724
411
-406
-145
-204
946
190
-748
867
-4
-18
465
951
-122
-325
3
413
-883
161
-446
-298
-135
576
-573
-689
979
853
-749
539
-536
-507
-413
-913
-251
-298
-172
617
-350
393
392
-482
43
-793
135
-97
297
-953
-365
-345
640
42
-989
36
-607
467
892
719
-384
390
-130
-423
-240
-532
362
-588
-118
-400
706
508
-84
-982
584
-336
990
-555
-920
-159
336
-66
-702
-507
879
459
-785
-168
-602
-634
101
-975
-895
-187
757
-84
477
328
-654
9
539
846
556
-432
-412
355
-214
158
-42
-374
-570
-415
669
-557
-877
-403
493
58
-727
920
-549
188
-239
-216
-853
-138
348
-905
899
140
-307
-288
-337
-590
-169
-231
-898
394
-415
-644
-150
-261
71
-460
197
-101
-566
-143
414
297
-57
-889
947
-359
948
-343
593
733
230
30
486
-100
-687
-211
-744
641
535
-437
462
963
434
-50
-516
44
-68
940
-404
649
267
725
-345
-515
-85
506
660
-270
-877
488
-777
877
-711
181
683
397
-159
342
-566
-480
-672
-614
248
337
736
-201
224
385
-244
-129
950
-31
-869
-226
108
-758
-439
-877
-48
42
561
-887
-510
-116
-57
-80
180
-862
657
653
-342
849
182
939
-464
248
431
-116
-757
382
842
-144
344
536
621
64
-448
644
887
520
-307
54
82
143
-650
-164
-891
868
886
-945
-698
503
-197
-663
860
-880
-133
-403
435
-448
432
-873
505
867
772
753
389
623
712
-17
-825
619
-930
-599
602
143
470
162
-634
-684
53
-375
707
-201
-286
668
-472
-257
347
-29
-592
-632
-44
576
638
-740
-465
705
-328
-914
999
-33
366
642
-250
-297
-962
60
471
611
-800
-621
-778
580
-244
802
947
-243
-692
491
-139
-833
491
184
-549
573
-787
720
542
-965
408
802
-878
-872
-336
80
171
-123
273
587
-404
-639
741
407
155
866
309
907
-303
946
-676
-584
-515
-188
423
52
-600
497
-871
-703
-669
84
-21
-850
-676
318
465
586
128
646
-169
-928
-342
-143
474
836
-646
906
867
152
-543
190
-786
-613
584
102
409
-865
-320
-30
584
293
179
191
181
215
490
-364
-908
258
-519
-865
613
526
821
-57
-685
-180
501
-259
441
315
726
132
244
198
-1000
474
644
-739
-186
-526
316
-417
163
736
872
-623
288
816
-18
30
698
-45
-962
-390
656
-41
-461
852
-46
-47
11
-888
-12
714
-685
-193
-366
851
828
-620
158
726
-678
-749
245
683
698
-337
64
148
-621
912
807
-106
198
-712
-721
-508
736
-31
-653
-999
910
-251
336
-878
-785
280
59
886
-235
118
686
979
-443
853
-209
230
-945
263
785
-314
-409
-418
947
877
-527
347
279
980
364
182
-402
-22
-987
612
638
-719
460
-649
981
902
-957
120
-249
-933
-653
-903
-956
770
-743
-502
533
56
590
939
980
-661
-492
185
-149
778
172
-202
-219
-153
564
921
609
-21
797
95
230
-409
-181
797
-368
915
486
692
-377
325
-578
-33
240
367
-773
539
637
-123
-222
915
-512
-919
387
-920
-354
853
-305
873
-178
-763
-984
325
400
-418
