3194
-257
-437
462
-400
486
-935
-817
944
-931
-146
736
254
-609
-258
292
391
-741
-326
812
-247
-655
-734
394
382
665
-767
308
626
931
-151
740
514
-791
-564
539
355
96
-92
902
-660
-786
864
761
-606
325
395
87
734
573
-102
-284
524
144
370
-558
-381
-561
676
135
-500
-46
790
-928
-896
-691
-881
526
947
222
639
-657
-617
594
425
8
-449
167
142
590
241
252
-362
964
-730
-347
781
14
-655
411
-151
-93
-151
368
-204
370
-171
656
-790
-900
947
307
-865
479
646
-81
974
-126
970
-774
922
-980
-300
253
-733
736
-342
-45
-24
707
-756
769
-381
-803
-82
993
-811
-659
116
-794
-82
55
-631
-60
-839
-183
-405
615
-190
-532
-426
881
517
-762
507
690
-940
748
-51
-929
917
612
681
-347
102
40
143
-409
-194
983
209
324
593
565
502
-76
-609
419
-260
-432
649
-486
520
241
-31
-640
123
-848
78
-563
131
-387
73
-265
-838
-532
-281
-743
-720
-983
162
-30
816
924
-58
-902
929
567
646
127
-69
-835
-168
430
-284
-67
20
-82
-570
-53
756
-875
79
752
-152
-690
-827
-248
73
98
-220
233
-217
-477
-187
-13
-670
696
-372
-749
321
-638
174
929
-269
302
-147
410
-96
-893
418
760
-854
-293
198
140
421
894
-691
-546
-944
-247
-721
283
640
606
-636
334
-168
-651
316
-199
-138
960
424
-126
-579
189
-184
-853
-470
820
242
281
997
80
-564
-634
470
987
6
-958
945
-655
-313
-43
272
-457
434
-769
28
-876
532
320
-456
925
-403
435
778
399
-695
821
358
469
426
-972
-408
-486
-332
-862
830
-392
-651
-743
960
271
734
-312
-979
-495
-750
-437
707
-902
842
458
-886
636
-910
888
542
-375
-332
155
488
-758
-497
-517
-680
-180
163
-589
-16
650
524
293
112
-747
-519
810
585
-655
344
-169
912
-7
543
-725
466
563
281
421
286
93
-180
-142
-956
-793
-973
-108
760
394
413
-50
962
294
65
683
981
-23
-885
-961
-598
-277
472
5
-984
-681
314
776
274
132
664
909
110
306
-683
989
637
383
332
209
-740
73
-251
-282
-298
254
-618
960
723
271
-71
10
882
339
-58
-133
-754
567
-627
612
-864
404
-510
-298
-943
-231
-299
897
665
-521
-644
-536
105
-388
976
928
481
278
145
774
-753
-855
-873
-704
-122
-132
-122
715
775
-850
157
-940
94
-42
-677
643
331
-552
-194
402
-965
947
-23
-133
-958
-185
81
-65
104
-764
485
-125
381
573
-840
228
826
-757
189
283
966
-193
461
-372
593
879
-169
-248
-304
-30
757
83
374
-873
-346
560
-4
46
-386
-632
93
-902
455
57
-736
-178
305
907
-110
581
-531
894
239
158
626
-417
-403
308
538
-743
-267
-453
349
632
-977
230
520
-583
842
-906
601
-546
581
-483
665
974
-436
417
598
-504
786
971
-276
-585
-665
799
-880
945
-458
86
41
-310
-482
-808
635
-746
859
-123
-751
-580
368
-990
-330
-346
-141
1
-768
-380
-266
-824
-470
576
237
-540
909
-836
-863
231
586
920
624
220
790
-593
158
219
-509
257
956
-808
-681
732
-461
118
-582
771
205
921
737
-191
33
-583
-302
-682
-279
-878
532
-160
-767
-951
53
85
-418
297
327
-659
457
474
440
-564
567
211
988
-179
406
-633
-615
-38
-42
475
543
487
241
935
450
127
-231
907
-699
823
-356
-567
-395
622
102
848
-977
-826
-156
-695
463
668
400
314
-570
-782
622
-872
-889
702
-590
937
-994
-900
843
-793
-995
399
-848
817
-875
260
102
-453
269
759
299
438
866
399
-798
-37
892
-300
-677
-848
584
-847
782
-771
615
580
932
-536
-590
627
194
-740
-888
393
-781
-312
-714
-3
-799
772
610
-269
768
-257
52
-148
-105
-413
-782
505
444
602
694
-531
650
138
606
-656
225
668
-449
-929
219
-182
471
-367
-73
-522
-562
645
755
-169
-168
-921
74
-866
378
609
-120
-568
822
830
-570
732
-667
826
343
-268
351
197
-674
72
570
390
-967
-235
-787
-692
910
-451
880
368
16
-584
-542
214
-850
297
-858
178
-344
315
-389
-984
911
570
567
892
40
46
95
279
-915
-879
854
-357
449
994
-721
-690
-691
898
544
-414
-309
172
949
213
-754
306
-258
164
-580
-382
-953
250
-294
535
-366
-889
530
-868
-382
988
3
-933
-698
-542
-651
404
961
570
-776
953
802
-497
648
-10
-587
-585
223
910
-171
-407
-409
800
-740
201
-806
9
-968
-705
56
898
156
421
-764
-774
256
719
-180
751
342
276
979
-266
-741
-149
892
-22
-859
-175
853
385
-897
-58
-642
217
558
-24
756
-126
-929
-280
-593
293
-832
376
-396
946
599
693
567
-520
-205
-94
-574
-132
493
-246
-902
429
-758
615
-780
958
784
-176
132
-238
-158
812
-243
-746
-630
-10
-934
-584
-461
169
775
406
416
-38
-547
625
-53
-683
888
801
846
-672
903
289
-792
-740
-384
794
-692
553
-275
798
700
905
-697
-901
926
-115
-563
-448
904
651
-847
-981
-883
-383
-465
592
-924
963
-389
-313
-143
769
-842
284
818
596
-596
-326
-296
-505
142
-191
192
-494
87
83
781
497
-995
-97
-348
-701
533
421
-412
-978
707
-55
-513
736
141
-366
-662
753
-949
706
925
100
-898
639
-809
284
-966
-784
945
-949
113
772
669
998
-659
-453
-949
-748
873
-344
983
437
-212
830
627
351
164
-168
-787
212
-325
517
-260
496
409
-304
-244
478
533
-803
-876
-871
-87
-256
32
-64
161
72
-64
-813
527
360
12
314
783
-987
-478
21
-974
-869
-530
126
-839
-181
-811
-469
288
-289
829
-625
-716
111
652
16
-686
683
-52
-429
46
-552
-600
563
-915
-920
-890
-655
-33
-702
-751
646
-340
96
-191
-957
-918
215
-535
377
-760
834
590
-27
-389
-809
-465
51
-558
-565
964
739
871
-351
-777
521
133
301
505
-818
65
-201
35
900
-42
875
475
-441
897
-34
-577
367
-154
299
-47
-558
-820
90
-146
583
396
-94
-276
-300
129
-42
-640
617
-564
251
826
373
-504
666
494
-282
964
592
-49
527
130
-734
697
-927
684
622
-101
-260
158
349
928
-193
755
-539
-151
-21
15
267
-824
-187
6
-346
-165
155
-808
-354
-621
-930
-550
786
-511
-723
-110
-631
716
-350
-769
-335
193
-74
-798
-300
247
-177
-659
-8
-387
-742
886
421
-29
-236
-377
-863
178
866
-826
343
-55
-432
604
-553
389
-74
357
-394
-900
471
-221
-922
374
595
254
657
-776
-227
812
239
-114
902
-407
-457
532
120
675
-879
-158
575
821
490
-702
-111
-418
849
927
-769
-275
126
-4
851
92
-558
-211
41
-890
-758
-794
-886
213
141
847
772
188
5
-464
965
558
10
-721
214
-854
794
-829
-987
692
-363
-77
-662
176
660
-895
235
-787
377
-916
-69
-404
-958
-186
525
-628
-729
628
790
100
547
363
-272
396
-432
765
91
-72
747
-305
879
385
470
662
332
130
-420
-66
178
940
-65
-217
-707
-218
-243
-452
824
-587
929
-447
-558
-508
-74
-648
-179
-496
-697
432
99
-797
177
-469
803
-469
506
859
-326
230
-182
-200
621
220
375
-208
978
-568
272
603
-961
-172
687
298
554
577
-991
-100
-481
160
978
413
-944
800
945
-405
535
-860
-317
870
838
-864
723
-589
368
-672
279
541
-288
549
77
665
-905
-211
357
-460
-45
-482
-840
-725
-613
-930
-922
710
-953
-366
846
306
492
193
70
-53
150
-587
298
674
-387
381
577
976
154
-238
-293
-281
931
948
-74
449
-526
751
-688
-488
420
784
-377
961
189
-946
844
678
408
-9
790
494
-244
152
803
-870
-133
696
-23
-929
548
257
331
572
8
-340
-9
343
218
729
140
-24
495
-424
-343
497
-796
-649
-80
920
-737
472
121
963
-146
-419
-445
-433
28
467
-635
669
850
41
-685
250
426
-709
-84
-951
382
-625
464
-945
-465
91
607
-518
-142
-143
-51
303
-604
713
929
-545
111
297
-212
21
-604
-925
183
542
216
-37
822
-539
-756
-540
-455
-869
-252
486
-304
-128
281
813
-738
352
-231
561
-505
-995
-212
-722
3
660
818
111
-91
-113
712
412
500
-153
-806
909
248
-573
770
314
-63
369
-242
433
-671
-272
480
770
-438
-616
-433
-230
-14
-906
-6
507
-701
696
-531
244
207
673
956
354
-592
842
-132
-653
302
-74
-527
-366
249
-257
-766
756
-826
962
681
590
-473
-380
534
129
-605
96
-877
307
-219
-610
946
187
431
145
531
-727
287
493
-814
720
90
18
-915
368
805
842
-445
356
419
-805
-313
-267
-983
410
-700
793
61
973
-645
588
252
-134
-265
729
-454
-543
914
917
-667
-910
-128
168
-270
333
-263
408
-151
-635
-300
388
-99
639
-865
-277
611
-883
-852
-394
964
113
741
376
-51
-880
-385
-223
-492
54
-612
-967
-219
-129
-886
847
554
-791
954
-962
-919
532
-645
409
599
-270
917
-797
858
849
-703
381
-451
-734
773
-547
236
-459
-146
567
47
243
-810
-565
-12
-217
613
747
-219
-70
-989
566
-200
-725
347
-298
885
295
667
-301
882
378
585
-766
234
994
656
557
-867
-469
888
448
-159
-931
-317
733
-218
-289
275
-67
550
-890
-663
148
-37
-946
376
-977
-597
691
680
-803
879
412
-425
23
129
-379
569
-946
116
-920
368
-897
93
-952
-888
-187
446
201
329
-645
308
47
223
-372
-154
865
726
-471
-706
-695
-994
790
-140
-996
126
-558
598
992
-475
-366
-844
-385
476
169
727
71
568
-843
34
-53
-437
-280
64
57
746
-319
29
-424
857
-584
-783
-450
-14
-269
231
28
116
-329
155
-761
104
-226
402
-28
-641
-767
-876
-881
-760
674
420
-697
445
-423
-560
314
-819
-487
339
456
869
686
-856
-538
-217
598
74
-862
652
-727
742
-210
5
470
-270
539
-515
651
759
435
523
432
-775
-861
964
-767
-601
-589
333
-682
-290
676
477
337
120
901
881
-764
-78
-623
570
-100
507
-40
-927
190
-121
-727
826
380
852
-487
230
-221
-171
-94
-302
-235
169
747
413
-402
992
544
-361
485
-860
-514
-59
-255
-526
749
962
-891
-36
266
671
-7
295
-224
250
-377
863
-461
-212
-513
363
40
-275
-377
-69
-732
834
179
-258
-656
-314
-371
-112
-698
-329
-111
-144
970
967
167
-161
24
52
925
-284
662
-255
864
701
357
242
-776
-720
-358
-473
574
-384
-909
384
-854
667
-968
223
381
-352
-368
-646
-921
-178
-883
79
-26
-537
133
-93
-371
-525
734
-445
-4
-927
597
60
-62
712
778
261
283
716
-916
538
-873
877
-515
-172
-966
-983
465
-957
-503
209
-488
301
-265
-792
630
-272
124
728
524
388
127
-209
-508
-371
-208
55
-578
-676
949
500
-574
-604
542
-42
-639
-182
-281
958
-675
757
-694
924
-655
693
334
183
-114
945
160
503
-828
-1000
-628
-500
697
857
-392
-415
-695
-434
-483
234
970
403
-253
155
986
405
984
-157
871
53
-995
-763
747
-693
-835
903
-125
808
-165
-205
-582
-908
-617
667
374
165
332
-887
-481
113
889
-123
39
-309
250
911
267
841
-558
-868
-60
-106
-937
-98
-918
803
619
-660
-682
-423
690
-799
306
986
-731
928
576
341
945
-843
-540
583
476
-234
734
-145
471
88
744
682
-759
798
184
-867
909
236
754
274
-935
-517
-866
-823
-935
-235
-719
-193
-919
639
779
620
-420
-41
-148
918
-501
-622
-493
-829
-131
-680
-971
-852
367
92
966
-130
977
-509
392
-70
-147
678
-467
-277
980
-877
586
-41
-137
317
362
447
-225
-973
-165
145
9
-450
58
-979
674
164
966
-988
202
-998
-957
-804
584
711
-434
704
-950
-509
-824
-476
935
990
-111
694
916
-899
882
-303
-993
767
246
-437
-421
-114
742
270
568
-320
-592
116
-578
589
-685
875
-442
539
762
824
-347
934
-14
24
230
-885
-214
929
-253
-893
-474
935
128
269
368
-534
-636
-844
-292
-243
36
-848
965
129
-738
-712
953
464
879
-379
-65
486
-975
673
368
-854
-795
-946
-935
-150
873
-956
-453
-460
470
-926
-403
625
312
534
-161
-981
-981
951
-933
-368
446
223
250
15
839
-457
-847
910
-621
154
-266
174
-56
635
-94
-522
-567
-989
805
-947
-123
514
-975
260
-84
55
-220
-993
463
426
933
-509
403
-217
-454
-837
913
21
180
-859
-34
452
-328
681
-990
486
378
-278
-585
788
120
853
-656
433
192
-58
163
267
63
-134
949
45
39
-593
496
130
524
152
-605
-203
12
-419
310
-12
-407
991
-759
786
388
-840
-360
-213
-265
353
-19
-990
-722
109
-542
-185
611
3
-143
804
614
-199
730
646
997
411
496
137
429
571
320
380
-739
339
511
-44
-124
-42
-1
-563
295
-476
-466
-726
112
-788
908
-387
165
684
-746
355
-732
35
228
231
537
376
-549
-74
-36
-300
271
642
506
330
-567
-192
942
982
625
-547
987
883
409
701
616
999
-363
500
-679
-791
-22
989
311
819
130
775
-533
498
-199
-528
940
970
728
442
50
919
-900
-70
198
-242
737
79
88
-79
-864
-961
76
914
-702
-883
787
-833
784
-825
897
235
25
444
944
-850
431
859
-943
-574
-18
-762
-358
-82
-726
-763
832
976
644
-601
-270
531
504
-540
-865
625
422
-258
-42
177
395
-363
568
417
-612
-823
44
895
-385
58
-433
-143
-810
-324
245
805
-424
519
-751
-510
493
-694
-580
-659
-267
511
965
-920
-138
-6
-938
500
-783
-293
399
88
-144
-941
642
-934
238
419
-598
-103
562
-465
-120
509
58
978
-469
215
-544
-741
139
-366
-917
-475
227
43
773
-683
-375
-164
-300
-724
-533
211
968
444
951
706
-224
152
-442
-192
-391
-396
-473
-835
883
475
-924
514
610
-593
-925
-169
-338
-470
491
-898
-201
-428
-207
44
618
-162
926
-8
280
-230
-450
524
985
830
712
-183
-756
-723
677
-521
-711
229
639
-503
966
904
343
255
-78
674
-653
101
577
633
338
409
-251
547
125
90
357
-47
-979
859
-643
-456
-205
615
785
-976
247
415
-593
-538
368
31
240
-52
-596
462
59
800
894
212
-41
-6
-126
118
-342
543
-387
188
-574
579
69
548
-609
-757
522
128
-484
-367
-159
154
-40
-912
-101
-457
197
-754
-650
-439
-324
-166
-64
319
-853
539
387
-473
701
-408
769
-924
916
806
-627
-325
229
-212
-189
-458
192
322
726
-645
-118
520
917
375
-103
851
-1000
628
-517
18
845
282
-445
319
345
866
178
-672
573
485
-882
-643
-553
51
-959
13
738
-385
-639
121
811
999
-553
2
-352
562
-946
-402
-537
930
954
317
601
89
979
-663
362
792
-563
-228
-539
627
804
-83
824
640
-343
-670
-727
-338
436
-615
-76
-654
-428
-431
-526
-660
603
-557
-905
-808
-913
-386
-440
721
974
448
-409
-80
993
-848
-147
306
491
-488
595
-585
-689
-367
-915
102
412
470
-92
-49
-794
138
62
-87
-767
-298
795
905
-644
75
511
196
424
661
-713
187
-988
992
-710
-330
7
-172
-722
748
856
620
3
285
-195
789
-384
-382
303
-302
856
701
-26
-996
-760
906
230
710
-767
-905
-42
110
972
32
280
160
367
-110
890
-620
-902
994
-904
-696
190
342
124
73
251
240
-396
666
-332
796
-547
-25
450
-929
-575
-300
513
318
683
-578
-117
929
-397
531
335
428
970
157
14
-499
355
-935
-254
-987
668
134
187
-259
457
-567
215
954
139
-594
940
90
65
-728
965
206
-709
857
792
-734
-553
-738
-32
-425
-101
-174
-852
514
157
-653
-797
-130
-894
-927
18
556
-319
-942
883
795
-861
-750
267
130
-598
744
1
841
-165
804
870
-296
-103
789
-731
-361
272
55
-391
965
618
905
-683
213
433
-484
-316
-654
834
264
670
-573
-950
-871
-141
-423
-80
-346
87
-763
815
978
-598
102
-434
507
211
-592
-179
400
968
-7
542
-768
941
-818
414
-115
-410
226
159
-512
-709
-906
531
950
-873
-989
407
-585
444
-764
121
39
-56
289
456
406
204
-505
727
66
638
355
45
-596
541
781
-820
280
-212
-639
235
734
110
488
-126
317
220
-843
114
223
-795
652
223
616
-541
157
-452
728
6
958
593
416
-257
374
938
529
-549
-938
-945
223
-598
722
-868
-91
-405
-211
-404
659
518
531
-873
-686
901
527
-555
279
-576
77
573
-874
467
-966
-529
766
238
-681
-933
194
-422
685
444
-392
-717
-678
788
-918
534
73
484
731
248
704
-776
-573
992
819
670
-549
-558
-187
-543
-508
-855
511
678
-367
48
25
274
-299
-674
230
-186
679
92
-740
-152
-318
-461
-16
-497
713
-985
800
11
-809
906
666
718
-859
942
-597
-181
741
571
-31
-342
-149
521
241
916
-708
331
773
561
-82
-392
-515
-404
-369
551
182
-32
273
-666
-503
18
194
823
-918
330
810
-968
64
-81
574
-563
-812
-547
-142
364
35
6
284
629
846
-718
