2131
-239
312
-857
-158
367
538
-541
-285
130
-139
283
-93
-948
902
267
187
705
-175
929
-873
863
-306
197
37
743
974
-378
-39
-596
860
771
-930
823
-993
-414
38
324
476
256
-302
-915
552
198
-659
113
-86
20
-142
-911
-129
173
911
-73
168
238
-383
851
910
556
-866
275
-715
-215
-686
414
910
-349
-303
93
-490
457
892
-810
860
187
734
-41
624
-675
-762
956
-105
-169
-385
-451
-277
-996
-550
-490
-417
-459
381
-556
-880
234
5
-135
-553
-756
215
-611
620
498
725
577
612
205
-628
144
-422
266
41
-155
-340
772
-4
-525
-708
-524
308
661
599
-874
-630
-13
-61
-903
778
669
977
-638
-388
-697
-334
-259
-255
-926
21
466
-167
610
446
-560
161
-239
-429
921
473
591
-496
681
-636
948
762
787
697
-812
528
-38
550
958
94
778
292
-911
283
-735
757
-84
-317
621
-374
704
943
-526
833
-957
15
664
92
-12
-119
319
781
342
-229
656
333
-628
-99
546
92
399
226
-906
-286
927
365
-49
-396
435
369
-223
-334
-418
-384
-395
-274
-447
309
742
-809
119
-515
203
35
288
-785
-415
59
-386
-675
789
-80
-106
-318
27
-773
723
555
-739
722
-227
787
947
-697
-784
583
204
842
285
8
295
-385
-54
-2
-256
-86
-554
441
-278
-41
-899
611
-203
726
-444
386
461
291
82
682
367
-252
-308
430
-24
315
-389
-474
-453
-821
59
-419
-369
-888
-301
386
-205
-921
-916
302
719
548
-49
597
424
179
224
-171
-865
622
-47
-388
-504
429
-524
742
658
-301
273
-941
-761
421
-64
391
-719
677
-476
-133
999
-995
-411
-446
-957
-920
263
118
466
506
876
-288
999
191
-333
-474
348
-943
395
782
-122
-237
600
-175
819
330
0
-309
467
-148
435
351
145
-512
-75
423
-372
-635
-182
-471
-986
-849
-644
-426
360
-724
732
-756
-224
-444
19
-549
696
783
-189
-108
-860
-928
-721
-724
-24
847
451
-815
-29
181
449
-588
-436
128
-470
-924
-568
214
662
-308
421
-585
720
338
-761
571
-368
208
-308
-86
-794
-97
221
-70
-784
447
339
-317
456
420
-428
687
781
91
-455
-67
493
506
-627
372
156
965
548
532
131
-884
-235
-567
-264
114
726
777
-27
152
-590
717
-552
744
58
748
-409
-306
-235
-494
685
-272
757
-657
421
-577
-120
764
-686
-507
-441
-903
-871
94
-369
-686
284
660
249
-352
852
-110
600
-773
778
-70
-49
125
722
914
12
258
948
-568
949
732
632
-409
366
-174
-82
-574
180
-632
199
525
712
-390
-509
459
-485
-733
168
561
227
-726
-5
-359
-553
347
623
676
-163
-76
919
359
-179
358
889
-858
-510
683
530
30
93
-889
-640
-773
149
-378
191
-406
-385
-747
307
-503
-27
-883
-353
-549
-426
-198
-16
375
603
827
506
144
-415
-830
-627
-544
968
-518
498
333
503
-792
-88
717
329
-999
885
70
952
491
219
-450
132
-951
10
481
-688
30
155
753
394
299
-928
-712
981
579
-186
-183
-347
755
468
-956
-922
335
851
696
-519
200
-359
514
491
121
115
356
-908
337
959
849
-423
-437
-413
485
655
-984
-258
-830
-611
127
-135
981
-180
795
-294
742
862
-110
741
830
-8
37
-34
-557
-99
-205
431
-113
648
-455
-206
-49
-955
-236
-531
503
-883
-633
120
835
285
-808
-533
-72
82
-668
424
-56
34
-269
514
-860
394
-730
-695
-627
-640
-51
-653
-717
-316
-379
153
-130
552
158
843
-229
953
-85
193
126
-616
-829
-737
-586
-774
68
-749
-210
-936
-393
655
-209
-796
-18
445
195
-439
282
-732
564
29
730
278
-253
-90
-355
563
-971
-731
-583
766
-889
-108
-172
-279
819
-744
207
415
11
115
-622
-98
-223
889
-190
-96
-7
300
-97
-140
-970
-506
187
142
-607
722
485
247
-599
-40
339
482
804
83
222
-627
739
-991
839
432
707
-634
-952
-603
-976
509
565
756
884
-371
-560
649
-755
-893
-788
756
-499
786
890
-627
-789
4
-641
210
167
-949
-73
-609
874
856
690
729
-837
311
540
-713
670
-203
523
-627
296
-993
705
-74
-755
105
657
-499
874
-568
495
-152
-577
237
880
834
-524
-738
-111
468
716
450
-941
495
583
-520
-845
664
177
837
-888
384
808
536
-618
-545
-261
172
-913
125
-803
345
-151
589
-7
999
827
-650
-848
801
-655
30
13
34
-337
-667
938
-610
-639
-756
-788
591
-863
945
248
203
-734
-40
-119
158
425
-73
106
-806
-388
174
-675
471
402
-95
814
424
602
467
370
-980
-456
-911
-391
-675
154
856
706
345
-935
644
942
843
234
294
-548
-666
-412
208
-428
269
588
-848
159
481
-468
776
995
-169
242
982
-659
21
-876
-987
-921
-662
162
318
809
-25
724
-452
-437
-50
-702
331
-616
-59
50
-100
-113
295
-292
-520
803
183
858
-994
-221
-190
-757
571
963
-912
-794
-379
73
918
76
484
-572
780
-474
701
853
598
206
-227
-494
993
-839
462
-112
-404
961
-503
-498
-208
-815
-904
449
653
698
758
409
-126
531
-810
-254
-888
717
429
246
220
116
-643
-880
760
-575
-145
988
781
92
-389
202
-625
-545
503
498
765
662
58
-287
-261
691
620
-799
-466
-194
-228
-681
595
-983
749
-427
-452
-639
62
528
904
560
-443
-340
-786
-112
71
739
822
-518
870
68
884
572
-889
936
338
-55
863
-848
312
59
-870
523
-677
564
-696
900
767
-415
-331
247
-22
319
-813
964
167
744
-603
-932
-844
-874
586
232
713
-776
453
650
-316
-430
197
379
-779
62
326
-29
371
-863
-285
-185
602
921
69
508
-542
98
109
489
-931
-968
-470
-469
316
-538
-552
-493
-578
109
309
-982
167
400
49
-76
233
412
513
-494
993
917
416
513
144
604
-669
561
708
-67
-505
496
259
724
-342
292
484
-641
498
983
-342
607
-578
-68
-803
440
-777
225
438
696
-734
717
-953
36
117
-744
693
-146
323
-214
-412
-397
518
-693
301
-608
-24
-886
-354
53
-162
730
334
386
162
470
187
366
315
-44
370
-922
-357
839
171
-606
645
943
446
-61
88
-228
133
-839
269
-240
592
257
-647
-558
-1
-100
143
238
-448
938
373
105
101
-747
-879
707
-639
491
81
709
-257
-365
-988
522
318
-528
951
474
317
611
-880
402
31
-726
129
143
-773
679
-391
248
-796
92
-499
220
335
946
286
512
694
201
791
219
-776
810
278
-835
-678
888
-460
57
-545
-43
867
916
63
272
691
-682
599
-517
-448
733
988
379
492
896
301
778
997
-191
-203
326
978
-180
122
428
463
-20
-91
623
-94
-131
-770
-78
-854
-516
595
-986
260
-230
-988
28
729
-801
-705
-100
-9
956
-717
-370
-263
-823
-701
-42
102
365
569
77
-92
491
388
-694
-42
-663
-801
-241
153
716
-657
-688
967
-32
-375
750
-986
452
558
-126
-751
-958
37
821
624
-485
-413
-229
422
-431
-247
785
903
-994
953
-356
356
-702
-346
-752
-123
698
536
178
-799
651
-279
-523
861
-737
-993
-144
-673
-762
-730
913
797
589
105
363
-409
-708
-211
715
606
345
683
553
-577
-885
-425
-215
-720
25
209
-384
-682
-128
-136
-44
-351
-925
-762
589
773
445
-20
888
-603
-350
522
122
-179
-797
-437
-272
812
-79
251
-651
748
360
-538
-98
-592
61
-193
159
-806
755
-295
256
630
806
598
42
-522
874
777
-884
-998
206
746
-934
987
-742
-810
-908
-763
360
-497
405
815
-657
903
-718
-616
-103
21
-958
-320
727
850
653
656
-437
35
29
-169
-286
963
929
-750
-204
-837
577
182
804
-31
763
141
-461
267
460
-805
545
-978
858
332
-173
-360
958
717
-512
597
-705
499
629
-62
-215
-181
-439
-356
237
-385
-198
84
386
850
614
497
-647
217
-26
-206
-66
421
677
607
-950
897
222
-70
-571
772
-29
40
41
68
-278
-858
819
-808
962
841
-990
-329
611
694
865
-558
835
267
-575
171
-11
-440
-177
305
-596
-531
-266
681
110
-670
-755
-838
-316
-835
-735
453
45
819
845
144
-863
-898
133
-435
115
519
-717
235
-480
833
776
-647
-235
98
-572
-542
-131
-994
113
474
-617
481
-950
-413
-714
-55
121
524
-30
-594
-67
-681
459
751
-950
566
-82
155
-869
-575
-575
-232
690
-890
920
-333
960
-963
586
596
-735
375
-819
-531
270
547
605
-32
-106
-596
-724
-406
566
-734
-300
-816
661
884
-776
-908
-595
-249
680
-764
-61
-682
-541
479
-552
502
-745
-107
824
-924
372
-6
-609
-211
942
534
-949
-503
721
364
-99
-795
-145
-795
313
972
789
-471
733
162
444
-519
-353
829
251
-53
814
-992
185
483
810
101
800
-389
208
-346
-243
-609
-162
695
-764
-809
-283
-972
977
-126
-84
-477
905
907
-544
-122
-177
-133
249
719
738
-405
440
-816
-493
-205
-51
366
277
-252
-219
81
-467
-513
1
187
681
-816
-382
-702
-531
-182
-784
-132
-776
448
-631
-26
613
717
726
-63
-34
641
-231
-775
-342
-679
-989
883
-249
-566
-573
163
659
937
-423
-313
932
746
-776
852
-680
579
665
267
-698
764
-692
663
19
357
-774
805
241
-509
-954
801
-942
729
658
-919
-134
-624
701
-512
-206
-285
218
33
57
521
-628
510
277
415
749
356
407
-895
-306
204
-947
597
553
929
-479
-699
930
-23
-2
519
764
-269
994
474
71
-917
-113
-321
55
140
476
626
-751
387
-39
627
-994
-629
751
-298
82
-485
-362
131
-138
-104
-976
154
705
776
-974
-361
133
-859
-45
-963
582
-567
-195
851
-891
28
-31
-8
779
616
327
-140
705
-59
-605
780
-788
646
210
481
54
-802
-428
966
-41
224
-940
349
51
-861
-974
61
557
-946
-975
-383
-951
-139
-980
352
574
832
68
-492
266
356
869
-135
304
17
-921
-716
-515
728
-849
830
-919
150
-587
-436
-728
545
817
-772
-704
957
-657
238
-860
700
-751
-500
-609
-912
307
168
333
-402
-582
-719
-221
929
-650
945
-273
8
-89
-283
186
-931
-325
-422
-551
211
-795
33
163
139
-822
-178
-611
-29
884
387
-271
460
-119
-220
-51
-938
310
-185
-296
-694
661
378
-817
-700
-321
400
-210
923
906
-631
-6
718
370
77
-981
-676
-394
-347
326
304
618
183
344
23
378
812
384
-832
-66
-705
-333
-464
840
-796
275
-674
-390
82
265
737
-491
590
431
-716
-707
-554
170
67
40
807
-955
-570
-331
-116
89
119
297
899
-1000
-624
-316
269
489
598
834
546
253
44
-690
-881
816
-42
897
734
-757
523
-584
495
7
245
340
8
-228
41
362
374
903
-259
-678
767
538
251
-195
6
-755
-287
-776
42
-894
-79
-514
764
-186
-596
-175
843
-957
-426
248
765
-77
550
349
252
-17
125
557
-646
-234
816
-878
307
329
-941
-274
-402
131
500
237
-881
741
-95
669
-372
191
-88
762
-406
587
729
-702
-221
932
-519
87
-698
228
-42
579
-788
282
-350
853
-414
-614
830
-471
-376
-545
-748
982
469
-260
721
-175
468
896
-947
-16
511
-313
328
-56
-906
29
291
-633
-804
-979
-184
-690
591
408
-136
-810
722
610
-353
-908
328
6
-283
-265
-913
-983
979
77
167
700
-96
757
366
43
552
-224
345
130
-872
897
208
