3318
845
757
617
890
-391
-691
-272
-333
-423
338
-441
11
801
-593
-652
-248
-568
-364
691
456
517
-273
559
382
-409
246
381
-170
-946
-767
678
650
889
869
718
477
-3
394
-411
852
846
446
-966
-875
-675
-510
-25
71
-610
370
237
-199
741
178
861
-610
333
-764
623
-874
661
262
307
-135
-153
-343
546
716
-683
700
-561
901
-878
38
-96
-213
-597
-189
995
-793
-944
-618
-945
-169
323
60
104
-319
-692
-975
862
677
-570
-804
-669
-981
618
-523
167
-325
278
-504
402
811
841
49
-99
-109
-675
-938
285
-420
610
-188
-99
-985
-221
-990
-201
-853
-617
690
78
790
-777
310
763
68
-105
575
-445
-579
-590
496
-767
-487
166
801
-795
687
-967
271
936
939
-841
209
651
109
-487
-490
-901
942
-12
-566
483
190
987
440
879
-423
1
184
840
72
-737
-199
960
835
622
970
444
-12
706
931
-183
-857
868
129
-100
-179
-678
766
-806
-512
900
542
321
417
886
261
401
-915
109
-745
411
-658
-432
808
532
-722
-971
-31
-187
182
892
-892
-877
740
204
375
-218
171
136
828
-856
-412
-610
-463
236
691
-52
-29
-296
292
-33
606
320
4
9
-993
240
300
-178
-294
-858
680
-468
759
-310
694
4
-761
-181
-742
761
805
744
639
388
-664
-873
455
449
-187
917
-45
-758
-591
-597
830
798
-589
377
131
-802
-248
354
608
756
-31
707
-686
320
-969
481
-385
-688
-914
-674
195
843
-857
984
-574
-774
-49
766
-979
787
-539
-288
-785
612
-727
-94
-617
233
128
-996
-96
698
-668
241
811
787
-808
10
430
-111
-471
991
742
166
912
-431
392
-854
-235
-521
758
-722
717
-270
-947
797
371
847
-646
-638
-971
457
-963
-928
437
-999
-715
354
-640
-821
-997
-176
732
590
-773
-438
-310
-633
813
436
619
82
658
959
-674
183
-422
607
599
309
-430
-178
-548
526
650
-580
-679
-626
-123
545
883
264
314
881
-279
-81
279
507
567
-673
-251
62
164
6
630
-183
-20
514
763
-963
520
-233
-942
704
776
-51
-531
305
722
52
878
899
-892
-523
-418
553
-202
-521
-867
940
-485
-901
-637
956
358
-588
373
-432
-998
550
147
523
-183
-470
383
-338
-178
619
968
-252
374
-880
404
61
-328
86
-468
603
-618
-22
-15
371
-101
-512
-484
-704
-876
-270
-13
-38
-244
360
456
301
16
433
-101
762
753
-4
880
855
-265
-811
635
467
-110
-769
408
-646
-164
922
-41
97
507
690
340
-353
-733
-28
581
409
-153
125
-404
216
-449
-912
764
-824
454
-956
-647
576
-645
-1000
728
-855
-425
244
933
524
-642
141
-92
477
798
-908
-673
254
-859
541
126
769
991
-745
964
-402
-644
-228
630
-403
160
582
886
-831
-508
12
-834
-126
955
-152
729
-796
303
-553
-597
937
841
572
-672
-384
223
241
-350
-184
567
-117
-92
597
90
-376
331
77
-604
-600
-19
-16
-744
-890
801
290
240
513
-218
-905
594
171
-960
-951
-241
-707
13
41
-619
-283
565
-688
-988
-755
608
-832
-3
729
-495
-164
-907
-867
-736
304
-758
408
-442
-946
-35
-799
449
311
-387
-451
-825
227
517
-998
360
941
43
444
460
605
73
-511
875
-669
56
322
827
845
792
-856
628
-331
-387
-935
-288
-278
-812
-242
30
-870
-765
-206
197
121
-546
-167
245
880
-171
-198
-230
-347
203
859
-502
-78
945
599
846
901
-271
399
141
-956
519
186
-109
-726
-823
-902
928
-270
-888
29
765
-113
622
-292
-102
-986
23
-652
-829
89
93
-418
673
609
811
877
956
247
115
-892
-978
-785
-405
-143
3
993
145
-262
221
-827
-896
-861
-413
507
523
-263
-263
212
454
221
427
-560
-284
-384
868
277
154
-1000
619
392
-750
-628
44
396
509
-846
421
708
160
722
567
950
-753
-521
572
783
935
-382
200
397
-380
106
-41
-164
-733
388
886
-144
-942
42
-338
236
68
875
-5
-947
592
624
316
87
-183
534
531
250
633
797
-245
879
502
-500
-407
-187
-826
-786
-358
354
-33
-83
252
-232
-361
265
234
-313
-86
-763
-785
888
-374
-481
-324
-467
-207
-774
-460
739
-990
906
660
241
61
-21
176
-320
113
-770
313
566
171
768
-150
-672
605
9
82
588
-118
590
252
96
782
-620
937
-453
747
66
-688
342
462
-623
380
-137
719
-989
-317
-990
151
333
630
-533
-772
786
-764
60
104
301
-406
783
-200
-838
-171
-870
-704
-686
-296
981
-244
-302
505
552
641
-361
-747
373
-671
-89
468
-129
-835
719
647
678
-58
-43
-146
-192
908
-759
54
438
343
-435
47
280
-108
910
-436
462
855
637
900
-804
-753
-961
693
688
-825
621
232
812
280
-391
847
330
-404
174
-133
-671
477
-846
715
-749
-356
75
-514
336
174
858
106
-341
-240
-775
-843
150
-756
717
-928
364
884
760
-461
-677
314
398
-925
973
-174
-751
-992
-783
655
-373
140
987
-630
391
838
-572
-414
29
-972
-289
589
-200
335
-902
732
-74
104
-531
-388
187
-743
818
713
-590
806
49
-243
290
929
-442
6
744
957
-623
470
983
-389
474
580
953
-896
671
160
-256
760
236
611
-211
-701
-682
-140
412
-19
404
999
-726
-564
170
577
-908
978
835
374
-514
-878
506
-189
-163
432
-139
408
-350
-415
479
-531
-445
642
913
85
935
-860
620
-256
-739
788
117
-582
-102
-327
541
-863
-627
-521
988
-268
-495
464
-246
950
574
58
506
-638
-372
348
-829
409
-778
-62
-805
774
919
-608
-574
-989
883
674
-807
933
-652
-350
878
289
368
323
-859
658
-397
-966
36
499
783
-243
379
694
-836
-941
622
-825
93
427
-608
-501
97
-103
-690
-78
66
27
965
523
702
26
-95
-809
-208
587
-765
53
283
-75
-803
-787
-46
-899
-355
744
-186
-787
357
-260
-964
-381
611
-106
-694
629
-766
-352
703
-381
331
194
204
-75
457
452
-701
995
-488
833
-998
243
345
-376
-708
-755
-139
636
-260
-229
-293
972
-361
-68
-24
-116
101
455
-942
2
107
-259
-735
-483
449
807
330
-738
-597
-241
970
267
566
-870
-549
265
529
-846
598
775
853
-334
37
858
978
-997
-173
-14
919
-364
-317
91
77
270
186
591
-415
229
810
777
-147
-734
828
421
98
-995
-680
563
-332
-928
20
75
-174
39
-89
154
144
212
-663
-534
35
-145
-583
544
-680
-646
-278
302
721
370
-245
169
-531
849
-78
773
211
913
-252
-964
-133
-117
-61
941
-599
-787
-28
-511
103
90
940
41
-259
220
-441
548
-192
197
-715
-179
-540
674
-334
368
-465
48
752
-723
172
-87
642
373
-295
-281
471
-671
270
-7
530
707
713
307
-350
244
378
-609
339
-964
-88
-942
144
224
-1
202
-46
-123
-857
-749
-790
-270
-270
-359
-777
-620
-943
-489
117
92
771
-770
850
499
-676
417
-466
-771
-66
957
-642
-373
166
998
253
650
885
221
-48
-678
905
590
868
169
824
-859
999
-99
-327
32
959
-128
351
-640
-949
981
-766
249
-684
-294
-261
-343
271
86
636
837
770
-591
506
-209
608
563
-439
-604
-13
36
-398
161
357
483
739
342
363
-13
-701
-381
-897
-385
-976
-593
-152
-515
199
263
200
336
96
-29
-638
-392
131
-876
-859
-523
-694
730
-326
857
677
-94
694
107
580
-739
-692
39
-923
523
-862
770
-838
406
702
284
502
364
222
-290
100
644
753
-845
675
-767
276
-237
-94
-588
301
-85
740
827
862
-312
-304
-696
-778
-367
217
381
-886
773
772
931
-661
-167
-581
-198
-124
644
861
-37
403
342
-273
-183
-383
-862
-252
-282
240
-563
68
-703
-720
-817
396
700
877
-234
-959
364
-119
809
-318
667
690
-982
442
-681
-433
645
-81
-51
956
501
58
-80
-65
-746
-781
-605
743
309
-728
-569
-351
947
-695
349
230
-632
788
557
-844
-91
872
-401
-330
-30
600
-617
995
-570
-578
-434
65
836
-535
-357
-973
354
564
-768
-506
597
756
-799
-604
-135
-466
143
227
829
835
435
654
-565
-278
-42
349
-700
312
-740
-413
330
-498
562
260
791
670
621
-815
491
987
-351
306
-349
-227
883
-754
900
654
358
378
312
-828
-847
124
591
-101
674
858
294
-370
540
-204
629
258
684
219
834
208
-198
236
-892
-228
138
-403
786
310
257
819
377
-851
53
-898
460
491
-434
-510
-794
-415
905
-94
-581
-481
763
858
876
-624
481
-759
74
-512
342
-743
-447
891
431
797
-810
692
32
535
908
-834
417
915
-913
219
-789
947
227
-738
-51
-377
-681
-593
203
-232
-637
571
-635
178
-655
-220
-90
-500
-872
-500
275
-955
290
-822
-925
477
-544
-505
542
973
-236
664
926
116
683
-264
-478
831
365
-112
-398
-93
-771
-794
-756
-646
188
-144
941
-360
410
-893
363
169
-532
701
575
-662
121
-454
-688
928
638
-793
74
552
-830
-511
-514
-884
-717
57
563
-657
847
982
-214
-490
831
-345
-881
-110
254
980
-613
-962
-713
-49
246
433
-68
-547
666
-799
-253
603
452
853
283
-338
51
500
556
219
-270
783
-580
-224
418
-24
526
861
752
-274
37
930
-697
-186
-169
-521
-66
391
61
930
-430
674
422
-72
-482
989
858
-205
966
-198
684
-756
-844
744
-839
-842
-743
-234
-514
551
261
-1
662
339
-206
535
-256
262
91
672
175
254
-774
345
971
803
782
68
580
-812
827
3
-777
464
-132
-114
794
349
-637
467
465
-488
785
-502
563
-743
930
68
486
-590
111
704
-618
949
775
-311
565
-913
791
-321
397
-859
310
-399
305
-375
206
-604
-127
-263
740
-877
412
-940
-263
-813
816
-470
441
561
589
223
-800
-150
551
587
-4
502
-598
-143
-242
-990
-472
-246
-118
265
254
222
-402
655
437
126
848
442
596
-304
-177
-291
562
328
251
626
777
-160
-671
-301
630
708
495
292
-931
316
-266
-335
-886
-153
-211
-704
738
-432
993
947
280
-928
618
-68
-37
16
73
-835
220
888
-258
843
142
-151
246
366
-10
500
594
200
-462
933
-61
735
-602
607
-543
153
1
389
-454
-365
286
18
-665
-690
-777
886
-966
-906
-381
142
148
-128
-928
-817
708
752
716
-866
362
468
-451
751
-119
977
17
-344
-118
-88
-465
785
-387
260
316
-310
-501
594
-550
-8
807
254
731
-114
-893
774
-893
-731
-482
-467
971
328
-117
446
-862
686
925
-645
-178
964
-98
-47
-240
422
239
985
678
986
-870
366
-822
106
-637
22
855
620
813
880
619
63
792
-840
-40
-684
-472
-455
-795
-889
354
816
290
-824
511
888
440
-69
-237
264
-433
-88
-649
-123
953
-497
-542
-987
651
-372
662
690
236
322
791
470
614
424
-282
-791
-886
-211
-356
-395
448
-87
-110
706
700
865
109
-333
-373
-10
-809
-197
-915
923
312
-467
253
-862
-476
-144
-853
306
398
-389
282
678
-374
-990
-907
-731
-993
-307
-595
-119
-229
-367
-818
414
545
-290
-704
-919
238
965
504
-381
586
563
-594
609
953
-50
-614
1
689
-790
88
-797
-523
-7
202
-559
-688
509
268
509
30
923
-541
-858
-412
126
911
150
400
-667
-240
-54
-357
810
-524
623
-902
912
-50
134
-444
456
179
307
-658
256
-675
40
626
729
-94
-39
286
-477
175
412
-87
551
94
-49
928
657
536
-251
591
280
-189
558
-213
-309
-293
-126
140
-343
-721
810
679
-323
915
540
377
68
99
-847
897
333
-745
-796
-828
365
817
-423
-860
-629
947
-121
202
-194
-738
563
656
449
374
747
-757
-880
-559
844
-794
867
702
929
-102
-620
994
856
-583
-19
-563
-94
-998
-829
923
-745
46
-167
423
676
593
515
90
-445
460
-568
289
-764
-200
866
-323
-771
637
-618
35
715
-232
-790
-973
-844
939
72
710
-149
-898
94
49
-49
851
-866
839
-47
-905
-519
58
-368
836
-957
961
642
-92
-45
790
-15
336
-646
-746
-849
-345
909
75
-8
-102
304
-889
531
-844
993
-362
164
726
-114
-890
-783
464
245
-253
399
428
710
59
-472
741
-410
-784
-821
-395
131
-436
-191
11
895
366
-297
-133
11
434
-147
-48
977
-641
-470
733
350
-310
-951
-127
-102
-647
404
984
-347
-127
-229
910
-992
-416
-159
110
-251
887
-204
-199
181
-657
-633
467
-436
669
77
327
-110
320
-732
666
-288
-58
-212
477
-627
814
-685
-996
453
361
254
51
-379
282
757
608
-811
-132
956
-508
946
-669
-870
148
71
-86
792
-916
-89
-724
599
-878
-470
462
654
-360
290
25
-81
-293
-664
-251
-427
-775
760
-719
29
-673
630
800
-867
80
-581
333
-123
-734
960
799
-431
35
854
103
-920
-231
911
646
-876
-490
-36
12
30
-742
-620
-373
165
-61
-434
-918
43
415
-804
-491
-820
-30
-428
-478
-884
-141
-629
-914
364
-352
-208
502
-983
370
803
-334
625
-228
-208
-741
-718
-579
-612
413
-687
469
123
-440
852
-540
-117
-639
141
-355
64
-619
-973
-535
493
-163
542
-520
988
-852
975
723
-454
694
138
-419
-798
-293
65
-808
372
-223
-178
-733
962
880
-324
129
-617
-378
899
-155
132
-981
494
361
-520
351
-5
382
732
175
430
-306
360
-170
-254
141
869
720
-419
-562
64
-790
-193
722
-760
-283
455
235
148
-54
338
-818
-588
711
129
727
546
-873
-59
791
-700
-704
-22
-936
-958
-426
-595
465
910
-99
636
-892
341
-229
136
485
-368
-564
937
102
-761
511
-609
205
131
-962
560
631
222
-149
-286
85
-870
-507
-9
-715
170
-886
480
-692
577
-122
-928
-610
309
122
654
320
720
152
294
469
819
43
-403
-987
998
-637
-514
300
384
-18
630
-450
576
-254
-471
280
6
806
494
-894
337
-527
414
608
310
186
164
520
-375
-882
146
350
-212
-736
128
618
753
-741
705
-549
-435
835
548
773
-821
-550
403
-778
-103
302
-996
-25
515
831
-726
-210
-293
47
607
320
-94
754
-944
-877
-698
-140
45
-255
711
-134
715
-280
-441
-80
112
-129
990
354
683
995
839
-202
685
-880
-853
-826
-744
-453
168
-116
882
-948
637
167
-26
-471
-811
58
-873
-51
-563
-397
-334
631
196
-648
975
95
110
877
163
-477
84
3
-570
-48
-788
-310
-372
-724
-783
-969
-670
0
991
801
-42
547
845
309
-653
898
295
-182
-136
428
-474
287
-188
-791
399
-864
-479
10
-747
-905
122
619
379
-482
-807
149
330
771
337
177
-117
629
-795
935
786
-293
-252
788
184
-972
-190
-742
-413
377
-972
-991
-828
110
487
-773
604
-649
365
-459
364
-777
117
298
-936
372
-170
562
-297
823
-456
535
921
-209
-161
-24
-955
-795
148
886
286
538
674
-852
946
-724
58
955
-353
-57
-700
-349
-382
537
226
382
-739
-658
-990
503
996
-438
-15
8
885
149
166
-367
-286
896
-974
-908
-197
149
-366
268
-948
157
-386
-898
17
-612
-94
-136
-126
182
694
647
351
-971
-197
100
649
82
453
-722
986
-351
-720
323
786
153
-400
727
175
-432
617
40
712
214
535
-600
-602
-520
-549
-967
-928
437
-749
711
-335
-499
-507
-66
72
-732
808
749
-324
-890
-242
194
-166
885
-814
-187
-20
718
-998
385
-728
538
969
781
194
48
484
-520
383
-344
-866
-445
663
954
595
776
182
-796
398
-56
-369
778
871
-333
-19
664
684
400
-728
531
-390
77
848
238
504
-208
-534
9
912
75
676
3
-676
238
421
752
-87
-649
-314
-507
-278
452
840
416
636
105
832
-523
-959
717
-42
-252
268
879
-106
630
584
230
-848
-43
276
293
130
683
991
-594
912
867
-100
77
509
540
754
-539
-183
908
771
-551
-297
-399
359
432
74
691
-700
-357
811
229
236
-669
858
826
515
299
-114
372
-644
933
714
727
-801
-784
527
-868
-631
895
536
482
-385
645
-330
751
384
844
344
997
-185
-986
-906
975
490
954
794
538
-478
-816
-452
321
807
8
-183
-480
310
644
495
858
-990
325
-392
790
-59
355
-192
-812
-831
-41
20
-50
616
-734
-87
-167
-604
-559
6
267
-108
168
16
-154
963
650
-208
258
-970
-677
-174
-807
594
653
-707
908
-72
-266
-806
-604
655
-685
-381
-158
-196
-314
585
-841
-737
106
-670
-961
813
551
-179
136
-938
-223
467
2
-45
-181
428
350
-706
505
-181
248
893
899
23
881
-996
165
-601
-299
518
851
730
444
-432
-182
464
300
98
-910
552
203
-717
-817
-490
786
-833
743
-480
-259
616
-594
822
-18
311
780
509
-670
-19
-239
262
-660
554
575
63
941
-759
101
837
821
646
364
-220
-846
157
-759
382
711
-655
-349
867
89
533
-337
339
-509
-294
-408
61
745
134
-774
51
825
125
-307
829
-211
-657
318
-954
-787
-722
-727
262
498
345
-893
-323
-507
634
580
857
-26
569
-974
325
857
539
88
-690
-518
-741
245
850
-79
-398
209
-137
-47
294
907
-490
-502
-931
525
50
-178
124
993
-103
305
-48
861
-875
-791
-840
57
-161
741
-803
-543
882
-966
911
-666
983
600
-354
-705
354
-916
-158
350
-536
271
167
-99
-308
-677
-632
-698
-283
301
166
450
732
-890
-618
-775
535
171
693
-712
190
-707
-280
929
599
-477
-684
940
178
-989
-538
540
339
111
817
508
823
780
-750
-281
-892
734
-415
-281
-414
-160
614
-826
-672
-272
-538
-192
-779
-138
-663
-534
-988
-60
-728
859
-421
-551
920
-936
-760
224
46
-482
-505
-154
-50
-968
893
-823
-668
-831
474
763
-738
-701
207
-186
-780
-370
-964
-983
837
404
-364
-431
