461
438
-43
469
-848
809
-73
895
367
-119
-915
-403
-452
-295
-748
-747
-353
-824
76
-310
50
243
-712
-77
-852
814
255
276
-389
-774
463
-100
-806
-764
-895
426
882
522
663
-52
93
75
290
-379
-779
-631
-735
490
-229
813
147
522
580
984
-819
296
-466
-494
232
-186
0
961
-399
79
-801
918
-268
225
-563
-233
-253
-186
651
405
-769
-562
-912
395
746
362
-62
530
723
-441
-272
114
-624
-92
-606
937
-102
898
152
257
738
-40
736
-414
-574
512
-637
932
750
-142
-81
718
-504
-518
591
-256
-461
936
-91
617
-848
-859
-182
934
484
461
461
-472
-117
-771
-953
321
533
937
-880
890
238
394
154
740
92
-141
186
537
81
-609
647
526
-464
505
571
856
813
24
550
567
941
964
466
227
-467
505
-606
-254
814
199
-989
244
973
83
532
59
321
382
466
186
78
224
-100
232
758
993
230
-207
959
196
760
426
-736
-864
-378
991
-411
-932
91
-758
769
438
-34
-14
387
816
103
-162
-718
-361
827
612
562
785
-94
515
648
83
746
-87
-86
-355
933
-270
-305
307
381
542
-906
-360
-633
445
451
617
-331
-295
548
-605
-650
-48
-78
98
-600
717
802
-153
-210
-974
59
724
268
-668
50
-152
-433
-573
-944
418
90
-59
-122
131
986
302
-121
549
-965
-467
995
-334
292
-634
821
178
830
439
-110
-844
-62
-262
817
-296
-785
-394
586
23
-309
-126
-313
-64
-15
135
103
-448
777
17
-655
-659
293
930
710
15
327
371
415
748
-720
408
358
-930
691
-322
336
-750
392
547
-57
-944
301
-846
886
-270
-105
618
798
-188
582
859
22
246
582
444
-65
160
946
619
-539
-941
755
882
-559
24
790
-910
619
55
-245
559
381
-634
185
-376
563
-820
704
769
975
737
422
-289
937
788
-525
975
515
-616
232
755
-438
-868
218
-870
328
-314
685
-229
-41
-565
-565
-370
-752
-979
420
391
801
818
-657
543
-963
157
-402
-639
-322
475
-817
-354
-971
43
-225
78
402
-885
858
468
831
652
797
-116
-490
-959
125
-157
996
393
-848
19
917
151
-456
-982
414
-86
832
774
521
-98
-129
-817
-261
62
874
-191
-494
963
-570
-988
378
-642
-549
-326
-273
174
-412
660
28
239
578
-943
-734
719
64
-540
-284
-114
770
97
399
146
-585
965
-969
579
-243
383
477
-311
227
-610
-148
593
697
936
