9959
344
-157
-169
-797
261
-470
-379
627
-6
-111
-589
-213
938
-573
930
129
-563
917
505
-873
-459
-912
-230
-326
-757
-212
-160
-232
779
-136
536
-898
105
-425
104
95
526
-860
0
513
451
118
220
706
-279
-754
67
600
-286
589
943
-267
-785
771
-327
-263
55
994
-496
-238
-847
881
790
126
271
-132
551
113
-361
-999
567
-430
622
357
503
-833
-205
397
-316
945
-250
601
-148
-901
-781
-158
269
828
-801
20
124
-348
-418
127
-145
-157
606
-424
-776
-36
-957
-52
-930
440
-64
324
841
-441
447
-637
-758
-798
781
-643
341
-180
-347
-606
524
375
759
-8
377
290
453
615
263
432
-710
941
-210
100
-521
690
-375
-248
-901
-778
710
-595
767
166
-167
-627
-597
29
-179
140
-824
-569
936
-835
147
49
-326
-287
-149
60
226
-886
983
-159
-179
-259
-249
590
556
582
949
-2
576
-586
791
-937
37
-729
101
141
760
-400
609
148
327
-685
456
-558
-861
-940
803
467
-812
517
970
870
-582
236
-266
213
459
86
-639
-78
445
-924
-563
364
930
-780
-435
-959
-357
27
-668
-99
571
-275
616
-79
649
-465
-797
-977
385
-476
358
-990
360
-268
-663
-902
-519
123
-429
341
673
-19
-685
-23
-652
263
-167
493
-759
177
-396
-216
297
-81
-135
337
703
-697
-388
-939
-483
189
-289
-809
315
-871
-668
242
828
586
-160
-758
175
-380
830
417
190
-763
-548
101
-329
-26
262
166
885
-275
830
950
362
-225
341
-487
-53
-174
-487
-853
616
-64
378
49
-874
775
-886
-889
-981
-850
-271
-551
-314
-174
-70
-851
-760
-321
222
-371
131
746
459
-45
-691
-53
-416
-50
145
952
344
641
738
332
-192
-550
429
886
-313
-177
58
462
-287
644
158
-590
807
90
-863
303
-289
913
-841
859
-316
-402
-963
-337
-590
120
-591
-782
720
-388
606
-495
-582
-911
-93
-437
-151
246
127
-552
722
-777
-116
729
8
-370
-331
-566
718
661
-300
372
-3
618
-788
336
942
492
-160
-106
293
482
47
67
907
-213
-947
-343
838
880
-785
-720
-537
-539
210
-310
-593
174
824
-524
-353
78
-432
985
747
-421
945
945
-150
-722
595
934
-468
662
-38
-665
792
-100
-593
-171
-111
-559
-675
-469
917
-29
-587
-838
610
862
-97
946
-699
-864
253
525
880
533
-195
678
-25
-703
-324
599
-408
156
417
576
-555
-985
-99
595
-178
-756
-339
-341
-401
-988
633
925
-988
723
653
-521
-459
637
609
246
354
-84
342
19
572
-87
-928
-691
77
792
443
402
773
304
27
86
386
-169
-732
583
-69
269
-382
775
-279
607
-58
248
99
-516
-530
374
-252
372
-112
829
-213
683
-925
508
-897
541
521
-799
973
-196
-787
852
-113
501
-715
480
827
-47
308
956
693
647
527
-617
306
-449
-103
-366
-214
273
430
999
-359
907
185
-697
-974
-303
194
-526
-432
-1
-457
15
-469
810
661
-836
-605
133
803
223
-499
-448
-405
-838
263
10
-345
429
824
-297
-796
918
-39
300
-283
-589
-117
615
471
264
-125
684
460
12
-311
-741
663
-610
745
-259
-925
773
-333
-100
-609
-396
-603
674
-822
237
-813
842
167
-436
-784
-781
-467
340
12
-685
-274
680
346
-808
-718
-977
-67
-470
-465
138
-50
284
-953
-270
-195
913
222
-630
-127
-629
-441
-636
877
574
538
655
-158
3
820
-770
171
649
378
-268
857
134
747
-5
-405
-836
914
-923
-695
54
-635
-503
-259
-767
365
-465
575
-8
-814
567
620
-265
-943
-989
-478
929
941
708
-821
845
-704
690
355
859
860
-874
-153
837
-445
753
-260
448
415
688
617
-942
575
551
-541
-259
638
89
-205
-119
481
138
-331
-240
861
-20
-480
-957
-525
213
861
187
234
98
902
185
583
-139
-596
-738
-790
249
325
-778
-840
86
-816
239
241
800
406
809
-914
-70
-145
837
761
168
718
-385
-584
-942
122
-200
775
-908
378
364
769
690
173
-493
299
409
-957
-717
829
-431
-869
-526
574
-546
73
-167
-646
982
387
596
-365
-163
-983
-411
146
-901
384
457
-936
-464
905
-733
21
-802
274
-444
404
-588
-952
556
97
-261
-617
665
-712
-184
-239
878
28
-30
-570
976
-448
878
-810
-310
-891
983
752
-576
-575
-375
774
880
328
-980
-704
916
394
-227
153
852
9
200
-775
89
-412
-910
-544
-676
741
243
-100
-35
-92
817
-760
592
-890
-265
-431
-431
150
-396
-411
-568
557
-960
730
56
-783
-374
-695
177
696
908
661
-763
903
-32
-692
-40
-85
748
920
384
-973
888
-654
92
-456
-880
949
385
-582
-203
-790
-97
-471
318
789
-973
573
749
-549
358
-30
-212
207
754
387
933
360
-956
641
-511
111
45
-111
424
650
194
800
439
753
-988
-909
-656
-310
858
239
-485
-203
-342
849
523
-362
454
-836
-69
-166
115
509
-58
727
-875
-884
838
-987
855
-799
-171
-429
-297
113
175
-808
493
-172
169
967
939
-701
-438
110
448
-205
-137
363
583
-887
-611
650
509
-887
951
-16
672
479
784
-643
-238
713
98
-974
-915
-337
445
-81
736
-624
227
-905
856
-822
112
-461
-630
566
-457
-545
92
926
-857
85
739
-677
764
612
103
383
-190
-708
-877
108
581
825
953
-113
-764
-470
-590
-627
-829
925
211
-936
-289
249
667
-659
-99
167
633
-402
364
157
810
-537
841
856
-304
431
-64
-490
-34
493
-960
30
-352
548
-200
828
-217
-227
-3
-323
-174
879
-707
-253
-312
670
958
5
882
-883
-256
791
534
-15
-575
289
717
-301
927
510
86
-175
200
-684
196
-365
-163
282
850
389
-187
619
-633
-539
-626
-538
-299
-101
-802
847
27
64
-361
566
986
652
873
530
-396
608
-638
-711
336
573
944
462
-566
703
-521
-1000
-184
-887
-466
331
8
350
-252
-346
53
169
-304
-792
-264
698
-538
383
762
-674
357
335
663
-199
877
-357
-369
371
702
563
279
284
-229
-694
-548
-403
-2
674
-553
-19
-619
262
-756
-916
218
-332
653
-512
-464
-954
603
-183
-231
-164
-884
-493
564
599
-680
456
484
420
493
-369
-644
963
867
-843
167
-14
-390
-42
772
795
-305
168
-50
-952
-738
181
73
-946
705
-413
-1000
685
-986
-687
-404
338
-434
-448
407
246
-670
-773
735
-425
-608
245
942
865
-940
206
757
505
-206
593
-735
-858
-961
669
390
428
751
510
72
870
-504
423
8
-689
982
-817
571
-98
424
805
-697
764
344
497
710
-350
88
-984
-787
-157
-376
171
-826
692
676
-899
-646
-556
393
895
-661
380
280
682
-996
-796
-669
328
-284
-498
917
608
-393
628
143
-356
-331
-215
172
-727
879
-738
213
-454
643
-924
-575
-88
-983
-119
932
810
-507
-927
73
-627
125
-334
298
-271
181
-148
828
-192
-426
691
-345
-52
-339
-645
-253
163
-433
-354
703
-815
-534
652
-262
979
-169
-944
964
-285
700
331
687
789
526
672
-545
-451
867
-869
304
-310
-187
-737
903
195
307
138
113
589
-270
439
791
-778
-512
479
211
-959
457
605
-180
-594
818
-371
-35
629
179
-656
-59
319
-78
703
-873
-830
682
-743
337
-665
-53
-564
-103
777
42
940
51
-149
-503
-270
64
374
-958
291
-783
207
764
-645
761
-238
944
-889
976
429
838
-467
436
-566
-56
808
185
-198
408
115
593
875
365
113
631
822
105
-681
-91
903
854
791
918
234
366
-630
-218
222
634
-311
-603
-407
386
-873
-694
-376
772
-850
-444
-703
-593
485
524
-121
239
-789
6
185
-45
-540
423
856
921
-371
-912
-206
892
-532
-920
112
-716
329
-808
168
-260
35
367
-16
592
352
-874
256
421
629
-226
-350
402
-258
-523
-567
620
955
-936
-437
-160
-504
306
621
-870
167
-477
601
-158
-453
-180
94
-346
-540
-202
-411
146
-254
418
-341
-277
-729
-917
-384
-612
-818
936
714
712
-990
813
-10
238
429
-911
941
-101
334
-613
671
713
-363
-395
-449
-924
-50
723
715
-19
535
-163
294
776
-192
871
99
-640
862
-958
912
-501
780
379
925
888
-337
369
-136
4
197
100
-42
940
377
137
-385
412
629
746
-921
-714
-524
-470
5
607
-542
582
450
-845
899
487
-193
-968
-675
52
-861
400
996
661
-288
617
736
-190
849
783
348
-615
-910
-976
781
63
252
-560
-99
-403
395
243
-653
44
-914
328
-831
-164
-677
373
122
109
860
-244
878
-991
138
-195
-845
825
-236
118
-799
667
-548
-714
-950
-875
-882
847
-187
-404
-130
-391
998
-499
-243
51
747
-476
984
324
85
-677
-83
767
961
970
314
-154
-798
157
852
-490
13
-157
-847
-784
-895
994
-606
263
-783
-968
721
-107
-353
-579
547
-280
-842
-156
105
730
-236
368
-103
-274
322
611
-396
326
-542
-62
868
-62
-700
-348
36
-574
-971
73
540
-259
-76
104
903
-102
786
512
-798
59
902
144
-988
-182
-326
-766
869
636
357
-94
428
-670
710
12
712
846
281
-173
523
-510
-694
-466
846
-508
947
-578
-619
221
-477
-726
273
177
-82
-581
-69
-486
-437
691
-476
-19
-162
-568
-506
-530
-479
-673
-443
14
-63
804
-744
-222
-60
-763
751
-576
-926
-610
528
-813
-233
-240
801
-419
979
-102
804
92
779
-455
-6
373
-416
-357
981
-707
425
448
-369
-473
-576
-87
112
-441
-777
339
80
357
-843
461
906
590
-128
-540
-520
-204
-56
128
289
-603
-450
519
460
-151
816
975
335
244
898
-303
536
28
874
-343
968
-267
343
-422
-825
-200
-193
206
520
274
-476
-837
122
-120
-686
-479
-425
329
-40
-896
-291
-772
-639
-537
6
-761
-818
999
935
-927
-334
326
290
-176
-231
479
-409
348
101
694
-18
277
-682
825
-822
847
165
883
682
203
430
-358
-271
-174
-808
264
-80
-742
-29
-762
109
123
-676
596
-861
-373
-305
598
85
-75
874
-743
-448
857
-198
-477
-68
-499
677
391
-674
960
-701
-712
845
639
-887
197
831
-95
451
-93
-160
813
-466
-936
175
267
-897
-333
772
664
547
-902
-607
691
-764
-933
-555
596
933
-205
279
-755
-197
45
53
-120
647
-845
-1000
351
564
384
275
-261
-758
678
185
-780
-308
266
569
792
484
941
-649
951
-375
-410
-536
-406
-166
779
-823
-189
26
575
28
-480
152
-187
-832
-358
-951
-142
939
58
-636
833
-617
506
666
-608
807
809
-288
983
-299
-104
283
313
-263
-622
-889
3
935
681
-924
-63
854
651
-467
208
137
-140
-74
62
-501
-404
449
-467
348
609
-307
-633
242
911
813
716
-338
-884
400
-890
-355
161
625
77
615
-494
-707
759
-41
798
-227
-553
-873
897
-529
-890
136
-457
773
-897
-149
396
-118
724
719
927
940
-481
-409
405
651
-381
-713
-295
-52
288
75
385
-22
821
-876
-308
-694
47
512
-985
105
-192
-667
239
804
-277
-614
640
356
-292
-15
220
-572
-636
229
-536
752
658
-868
144
524
878
-343
491
-850
286
161
-535
137
-245
-921
-984
182
-946
-394
-458
-255
868
107
-335
-578
225
-19
570
519
401
-614
825
67
-87
527
-887
-956
267
483
-988
940
-760
-799
729
813
0
-96
-503
-596
-42
544
-46
449
-593
-109
3
174
889
-410
430
-23
-169
283
651
152
154
-284
-39
824
780
382
623
-742
166
248
-703
-629
770
654
-754
126
810
-682
422
520
-529
-490
-711
-617
982
496
-197
-112
493
-84
419
-236
-37
-576
-205
46
709
-994
98
731
-212
858
-268
-745
-124
135
955
-64
528
-675
-857
857
873
-839
-295
589
-962
-848
-427
-674
964
1
709
281
286
-409
-693
920
-55
455
255
868
-738
-916
-218
-668
-166
-739
-989
-218
379
-1000
-713
-87
944
-835
-347
-683
-13
-966
496
872
-269
-738
693
-531
-391
27
-731
-261
-164
285
363
-281
-736
-734
-596
759
-758
-539
380
309
638
299
652
-500
-967
329
-255
353
-245
-288
-527
881
-68
-777
-25
-461
495
-477
-138
426
-333
-460
809
-54
-570
479
313
-412
-827
-28
-792
911
943
651
10
-971
311
224
-141
-713
296
328
-981
-530
643
-657
126
847
851
-80
-863
-438
-638
-480
-129
976
-140
199
-575
-594
-735
796
747
-54
161
-853
83
121
-113
-986
-579
218
-32
470
-702
851
381
732
-368
-234
-837
296
442
-961
812
405
639
-675
-897
31
232
890
114
-382
-165
-567
-745
-368
-659
347
-603
270
548
430
-11
45
187
915
-387
-816
-178
906
-150
-2
389
-420
-570
726
158
69
-391
-534
-637
-372
523
378
330
-752
-329
141
-757
288
732
-674
764
423
-947
433
137
339
-264
689
-481
-959
836
359
951
-682
915
697
-336
-932
-921
-164
613
503
-575
-905
174
643
820
-761
-174
-980
-696
-88
89
777
-197
-297
944
582
-14
-559
774
669
-51
-250
-477
177
-584
32
329
-362
221
58
-206
112
-281
415
-248
-154
-670
-351
276
675
-850
-606
783
857
-77
-670
-444
594
-114
549
-442
580
585
-800
173
128
88
-368
220
-968
-305
215
-226
682
658
341
591
-786
341
-865
439
-920
-542
878
-671
-598
856
518
-918
-423
-144
81
-204
761
795
-552
-326
-152
-952
-947
654
-283
-526
344
-258
-325
-795
-660
182
-115
-863
85
942
304
-249
-911
-684
719
-736
24
949
-593
893
617
-28
-48
-7
114
-99
653
891
-757
467
112
-856
944
-523
885
-875
-246
896
-247
490
937
622
558
-207
191
908
-994
-130
747
-903
-534
649
33
154
-802
486
419
-630
-334
-266
-930
735
-929
-778
-604
-728
-660
693
513
-142
-603
212
300
-374
-809
-666
188
508
-438
102
548
-566
-997
-137
-915
-407
149
-538
942
-506
844
877
298
357
-74
-239
455
729
-171
602
54
320
-891
-525
580
-314
-721
-265
-612
426
-104
-932
406
733
745
28
96
966
-501
269
952
-621
655
450
-477
-965
-185
907
-643
750
388
840
-643
461
-595
-533
404
790
121
-902
867
728
-278
-732
694
-379
262
587
-128
613
-317
-449
532
887
430
876
-739
-77
-361
522
-757
-550
-579
242
-822
639
162
-16
-271
-161
-662
-493
164
-661
-554
-542
-857
-633
-9
-999
-177
-470
657
-191
390
-10
-626
653
-229
-430
107
-256
-108
-382
963
780
945
-184
-58
950
-130
52
-186
933
629
679
238
-918
925
-75
320
-471
-973
-343
185
-427
947
-670
-222
-983
147
123
774
-493
188
-951
43
987
-42
-611
-641
929
208
-695
833
-363
-120
303
248
-32
77
-331
-796
768
-210
-971
719
64
622
737
-529
-714
951
452
700
405
-216
-525
-168
-701
-451
434
864
-843
297
-781
878
-441
-909
-615
-185
296
442
618
-920
-815
-203
-589
568
758
-4
806
-215
597
957
-449
-495
220
-804
964
-400
-521
-102
810
925
566
-656
-476
865
93
-728
487
703
-42
200
169
-161
481
-291
791
582
379
-352
806
-556
812
23
273
-535
-262
506
-623
-364
780
-544
-661
-662
-855
-313
-462
448
286
28
830
453
-642
268
-379
-658
-589
-792
-827
207
915
-386
-941
-845
-193
298
-194
-711
229
41
125
395
181
325
-169
923
416
930
-143
637
204
-573
-799
987
-284
-310
850
217
380
-69
-528
-490
-109
187
-125
363
-191
-550
361
355
-784
698
748
-585
903
-5
786
949
-336
-379
211
-740
283
-719
118
695
828
789
372
-972
-800
601
-994
927
-819
682
-567
-833
-105
459
23
749
-690
723
-798
-707
-891
-360
-702
-5
446
277
-802
739
432
-566
575
876
554
129
367
786
322
568
433
286
-618
-576
458
757
820
-687
636
-486
-763
-440
148
32
-876
-178
-326
-752
860
-282
-187
580
-193
978
-63
-914
-589
-286
392
183
-522
-197
-243
600
-797
176
-279
894
365
96
780
126
264
251
5
-987
599
994
381
538
-369
-886
861
-637
-229
125
-528
129
-167
-595
-62
57
-207
-363
-792
-33
-74
-801
218
-79
-283
-373
-789
-291
-709
-253
713
-768
-157
-824
672
-611
412
391
-423
-314
-248
-274
895
-167
-399
390
-910
90
119
316
-604
-231
309
399
-415
976
609
424
-852
524
881
817
-91
-363
43
68
919
-373
613
465
365
831
-420
-453
-364
603
-528
351
731
287
-677
2
247
-439
-382
-537
-573
-784
-860
874
-155
973
896
347
748
775
708
-710
-539
553
224
779
749
626
-344
198
-191
793
-808
-657
497
-965
210
477
-445
963
-429
72
531
-636
579
548
-984
-650
587
645
962
-390
593
-483
463
-932
-33
905
846
212
562
-411
-325
-7
558
167
168
291
-497
-65
668
-805
874
409
165
-799
626
139
-166
154
534
305
-661
-108
663
-829
746
359
-664
272
-654
585
14
-854
-139
-930
-201
61
-268
651
887
477
-312
549
-851
-261
446
-965
-700
67
670
685
-715
-842
604
375
-982
-369
-953
-210
-147
-157
672
-667
783
-726
549
-468
-75
885
554
-346
685
939
713
-266
510
692
192
869
-131
-175
-951
-621
-644
-187
72
24
317
836
-691
165
-620
967
985
459
570
-727
-579
711
-162
962
-563
809
-218
877
36
576
-173
-729
98
149
418
-121
352
-160
-881
-108
243
10
-476
-696
-305
-624
352
-865
675
-672
706
859
210
-92
-604
968
498
312
533
839
-563
361
-193
89
-859
-452
87
-983
485
840
754
263
578
-494
980
509
-848
243
836
79
-543
-8
-948
-332
24
-811
-531
747
-292
134
-673
-324
72
-12
885
509
-385
-63
431
365
252
608
-855
-159
152
276
257
-888
-283
275
-10
-516
887
118
556
952
-622
-976
427
-47
767
344
-569
722
632
-219
-293
248
98
-394
751
-330
-773
731
136
166
313
947
398
-803
834
674
793
218
89
-417
-364
203
662
568
564
555
591
722
434
-868
930
753
756
589
-363
-609
-886
-680
244
-3
-29
891
457
436
832
-832
-246
918
608
699
-996
790
-933
-512
6
-735
475
815
832
-25
-28
205
-6
-486
819
-592
-727
882
772
38
-820
-502
318
-717
637
-134
666
-747
-29
-14
785
917
499
656
-733
-211
295
863
-989
-160
-745
828
-433
762
-76
310
-226
-298
84
-79
-669
-746
-889
246
254
994
920
827
-287
368
543
698
895
-196
-701
193
-32
-28
-531
-90
-670
-397
551
-107
186
-744
-77
-969
-968
738
-135
272
-936
794
808
-986
-763
605
-530
-583
-808
-523
-541
819
-210
-909
-577
829
-873
602
-37
-613
619
-821
661
117
-697
-359
-387
3
661
-344
428
-731
234
903
-251
-852
456
-921
211
-552
-780
-281
482
911
2
526
-150
-153
316
-316
614
-16
-558
460
883
-575
-549
226
-892
877
-663
-67
-206
-718
250
-654
736
190
-597
-875
140
734
-376
204
498
852
-225
737
-5
-844
-750
-188
178
171
538
-501
-153
-179
521
-425
-915
-535
-200
-891
-658
699
191
717
-482
-465
227
746
348
765
-567
-826
-475
613
-615
-414
339
-233
-146
687
-925
847
185
-212
100
-260
949
204
907
924
-266
-29
-844
-922
-949
957
-333
-509
498
587
568
185
-198
-470
640
534
-76
-78
-648
-171
163
-615
-899
-752
-62
-943
-161
-189
-156
-75
500
632
-569
299
88
981
866
-635
-734
14
-371
58
850
-233
-624
317
-729
-965
596
599
-899
146
-587
-138
195
866
-935
608
-965
-267
458
-427
762
371
63
-175
367
220
-887
-293
-544
964
297
-626
-64
11
159
337
990
888
717
308
-153
-399
-86
-359
-838
-454
66
29
-596
936
-342
850
-750
-512
-78
-950
348
-848
323
-718
674
-902
-600
-695
757
-695
42
427
680
913
467
-50
744
295
803
-504
-890
-518
-655
331
294
-835
-423
-866
48
-877
-860
-134
-557
-699
629
-562
-791
-126
-208
847
-186
-828
85
223
666
715
570
-40
-586
-696
951
774
-933
-8
-310
-930
430
267
314
767
-969
-688
377
-556
-567
-369
-717
-766
-420
354
947
-684
-794
-735
453
401
-952
137
502
-777
-620
264
-617
438
909
-297
-111
699
855
-924
-718
-105
-691
-37
-827
988
785
-911
-656
-284
877
669
295
-3
777
35
-786
-587
998
926
795
349
615
42
-86
333
-1
939
282
437
565
-739
436
-341
420
-103
380
-714
287
-848
-303
278
210
-937
-514
461
-733
-273
515
-770
135
896
-947
433
418
-398
482
-896
-170
-248
-791
-511
396
281
501
-336
289
812
-93
-169
167
-657
937
829
-579
676
-322
665
521
-711
-40
514
-655
-429
-879
981
233
-58
803
929
982
35
-14
18
-639
-818
-807
712
119
-326
540
-797
-66
-892
-820
973
786
489
-134
788
110
437
547
451
22
-247
-519
749
-736
-952
-558
-731
-749
-18
-519
-180
-985
-627
-973
664
44
374
28
-851
-297
-159
208
-182
-953
-344
-939
19
662
806
-667
-697
-533
-9
-230
-19
380
-772
130
-816
560
879
-318
868
-206
-915
775
-445
-526
404
999
41
-810
202
-938
-840
-530
-937
-475
-567
-43
961
-43
800
-589
370
153
-806
-353
872
808
902
466
697
178
733
-265
448
-86
303
446
-136
-622
-564
656
-44
693
939
492
265
61
-54
-736
-919
948
-45
-364
733
104
200
-672
334
968
-741
557
368
-277
236
-711
-933
256
911
-572
-521
399
-215
344
19
398
887
149
-110
144
-709
-982
-253
713
-220
-688
-596
540
841
-208
738
-635
610
-907
296
-206
-620
748
-831
-964
614
712
-109
-876
-172
-366
218
968
928
-323
838
468
-49
871
-781
-43
951
12
115
-422
563
-507
-390
387
-367
-290
-827
-773
-487
-348
775
834
122
-83
-270
-621
-622
-606
559
-619
121
903
346
780
11
-916
460
-625
-800
-132
6
228
394
-382
-472
-616
171
379
219
-341
368
454
321
-809
-99
-808
247
369
-682
-419
-285
-263
232
921
-672
-324
130
-548
-396
-55
-461
-605
-630
-384
-943
683
208
-891
-493
305
319
-412
-324
277
482
815
917
61
966
-989
869
502
573
345
-145
325
-594
744
-920
-181
156
855
-732
-249
1
944
-500
-315
312
432
94
-572
-844
-52
-222
117
159
-867
596
-272
723
284
-990
-671
-769
664
-845
367
855
-284
946
365
651
30
-889
-982
337
282
256
611
561
637
353
-600
-626
645
581
955
-932
438
63
-380
-398
-689
-590
-542
926
-405
233
-899
831
452
995
-57
147
514
543
-15
-195
-608
864
-727
-590
911
574
336
33
260
89
138
-323
-35
842
-497
24
290
567
878
717
694
-733
785
-422
-788
-432
-868
360
-58
-158
767
-519
-616
-223
-37
605
-677
-102
-831
-687
366
467
198
-731
679
121
-285
-681
-633
872
552
513
828
-762
160
908
-464
-772
-656
0
446
-382
458
-631
-892
-970
-146
599
-668
-663
-705
290
53
-330
179
-168
935
416
981
757
20
406
-171
-450
945
-986
-242
-630
-940
-68
760
-163
239
-108
-732
-238
-326
340
-907
-732
31
95
62
-871
735
-921
-714
892
-798
754
456
-779
268
376
-25
-665
-294
-762
-865
870
-484
514
-265
931
-483
188
-190
-906
765
-627
884
823
-320
-993
-446
585
799
825
-734
-301
956
-811
-62
171
-670
-257
-684
-303
-789
956
-745
-842
92
-507
209
-520
-789
-481
168
-581
17
392
-384
-427
25
-17
-82
-779
-872
992
-997
481
-313
716
901
668
348
673
159
352
183
-741
329
-947
440
294
-710
-722
-994
-497
-711
836
553
710
268
337
-191
434
935
755
-704
753
-858
-948
-966
-70
-186
618
781
833
-915
631
435
-90
810
831
932
171
-569
-839
-615
-144
395
725
-773
941
924
656
-246
187
945
-761
-87
-33
918
358
663
-316
41
-741
57
612
545
-325
658
-653
302
-400
-972
232
427
-641
-480
776
-704
994
-630
705
212
-698
-312
336
736
947
-455
-465
783
-845
98
831
33
577
772
141
-753
-624
-23
4
-840
-299
541
-16
10
354
-919
-550
-675
591
954
-939
201
-9
320
-509
71
-468
947
452
-763
568
192
-275
-957
-158
321
-415
-389
249
939
-385
718
-960
-159
887
24
182
-826
-998
-827
753
911
765
-482
-362
326
-951
-932
-953
347
-733
637
-823
773
595
419
129
-746
-413
-230
651
621
294
898
935
837
-654
-566
-816
-789
-437
510
442
397
-402
-777
-72
-611
326
97
-473
517
-353
970
-710
-300
949
-283
-974
182
519
-530
-726
-942
-514
-599
109
189
-812
-381
-220
317
-813
634
176
440
219
-983
-96
74
-2
-533
336
-412
700
-688
-962
-734
-969
45
-790
581
-238
878
-663
255
699
39
-858
478
993
152
870
655
-764
318
-538
68
744
-506
451
480
-587
-243
-650
142
943
-749
362
-574
204
-130
-453
-905
263
203
301
760
209
767
966
-518
446
507
-615
-458
451
-146
144
-235
-614
628
277
-509
-385
-67
-195
966
75
232
114
-328
-38
174
-389
912
-53
-101
794
-832
-557
-554
977
599
-241
370
-478
-171
-636
-754
-526
575
980
-185
490
-247
-224
-835
378
-192
-188
274
809
-982
452
303
125
-668
-63
-559
-813
-101
-313
240
-916
423
-698
-591
645
-111
-21
945
513
-282
-69
-671
-155
179
44
546
-481
-384
175
614
-204
-903
461
229
-587
71
-611
-159
-147
-450
464
225
666
-529
-39
-6
-59
-2
-660
972
-929
-386
818
-296
-102
424
-442
640
98
-118
-928
310
-746
-372
-613
-954
599
-834
-156
880
715
-243
705
-435
638
68
156
99
567
-273
-709
819
-126
363
702
-672
-129
649
-172
-966
-778
546
985
-760
132
260
-880
324
-249
427
-39
529
371
859
-976
23
-34
-631
418
543
542
201
252
-502
-275
-719
-782
-613
-106
-979
-840
-971
15
172
-464
943
914
568
993
773
-742
739
705
984
727
-500
639
-843
-723
849
751
-750
671
783
483
724
596
4
722
559
-733
-906
-617
325
-831
-612
-727
560
-492
-278
-190
938
-926
90
-145
-55
-69
-155
-349
-807
576
-958
-104
913
-562
853
291
487
-965
537
451
-961
860
-264
-10
-690
-608
-570
-425
974
-867
-770
231
-86
149
372
-553
969
452
378
-736
-521
-71
-786
-32
479
351
848
-142
101
646
514
744
799
-781
840
-617
-524
801
766
366
-659
-190
793
-812
-264
550
-842
62
491
-426
206
874
677
-674
-181
-996
528
-219
500
946
-237
314
932
805
356
13
-551
-337
490
742
473
531
529
662
974
-179
951
585
-926
-553
-317
341
-234
-171
-779
-143
-228
287
472
-155
-364
-952
-524
682
515
-881
465
941
-928
-414
806
917
873
-327
238
878
290
-778
-340
978
-915
7
502
436
-27
-667
236
296
-444
877
812
-926
-171
121
-818
-343
-284
-134
-134
328
257
579
-22
-367
211
-603
89
-738
873
-541
539
982
204
609
-122
-248
-224
798
-450
534
105
-485
-193
-815
-694
-121
-93
-883
-759
-824
659
-223
-369
-360
650
-290
603
522
-667
906
-266
871
-425
487
161
-262
-263
-108
42
100
271
304
206
-164
-667
-362
8
-201
-232
-182
-24
-960
81
-674
-737
-236
-340
113
598
172
183
-491
366
424
-506
-517
513
-571
-253
605
776
42
818
872
39
613
195
-412
-445
845
401
210
483
563
-441
433
-92
314
-30
172
310
-144
-478
-589
404
440
298
565
-351
790
726
375
94
-794
-836
-220
-408
-103
-660
-960
-530
509
-111
634
272
71
-71
286
-606
448
-495
-123
592
953
474
218
588
508
-664
329
339
545
424
-283
-66
410
881
-970
37
-404
-764
-722
205
618
718
951
-671
-145
-532
299
302
952
-723
-50
-183
956
467
652
-820
841
-701
-773
-211
-500
-979
397
239
732
229
-268
209
-749
-977
-799
773
-710
-374
140
604
-720
83
-198
316
-857
-646
-371
819
-180
-367
-866
149
321
-607
303
-830
984
-889
752
-845
-850
-964
305
-62
593
786
703
233
-704
-214
860
-653
-627
434
399
463
-767
123
-475
-300
-691
-423
643
126
9
-28
986
-235
747
-932
133
-530
-27
-311
913
123
11
-656
185
-674
687
-767
814
-484
-581
-787
-593
-340
107
454
427
-994
452
366
-880
-72
277
-479
574
956
-824
287
-450
501
-107
-431
280
-224
628
-467
-522
-520
-276
-731
-125
681
557
185
-994
-138
-138
445
-351
-985
-252
837
281
42
697
748
-623
937
500
996
-673
-868
2
-424
-213
-59
160
414
536
202
60
-184
864
-704
920
-503
128
578
473
725
157
-367
786
641
-271
85
-680
-503
726
-142
786
-288
846
-746
960
-238
781
-850
-316
486
-109
793
-367
399
202
820
-930
513
408
452
-553
-367
49
514
-95
790
-515
576
712
299
513
874
215
310
-947
-104
-398
-238
-367
240
419
-503
-403
-152
528
-274
-397
553
-314
102
523
-257
660
-234
-589
-916
214
648
865
333
-741
-905
663
-619
-554
874
129
-491
-482
558
-451
109
-222
-517
-440
27
-275
536
-559
-782
945
91
588
-473
659
649
230
197
819
11
608
-288
295
129
490
-890
963
-207
381
2
359
568
340
602
132
-191
264
376
-132
467
311
181
-891
-300
353
-687
-86
652
30
-176
-641
-140
527
414
-98
365
-129
643
515
701
-170
-830
-288
261
379
-597
-802
510
754
-800
-959
-879
-791
485
454
677
-69
-496
-5
-733
464
944
219
566
-654
299
774
-161
-997
-289
-231
436
-976
169
766
968
276
980
-509
102
538
394
-961
455
380
-122
-313
-701
561
281
-52
-540
-978
-277
45
54
-996
-38
-191
-118
-495
-658
937
-758
-50
205
-58
-137
-443
842
-713
-434
-652
-873
-180
-759
-862
-468
540
705
373
-448
111
-575
766
-940
-343
246
-382
303
-588
707
933
-796
-904
-479
181
-448
-502
84
368
-737
-993
344
-605
-770
-613
858
-351
-421
-678
467
-644
-200
-39
-865
-589
-641
66
-644
-265
687
419
494
59
-507
826
-97
-56
278
-129
324
-421
-632
974
618
-740
-655
95
-17
620
-361
-540
718
-775
-698
350
882
896
208
556
555
-287
686
-702
-273
-808
965
-286
-393
653
-476
985
858
41
-951
968
-984
627
772
861
124
838
36
302
693
-223
701
-958
-338
-612
922
508
-312
33
-177
516
-487
-258
920
900
254
-346
125
588
-980
126
999
674
-700
-533
572
378
421
38
-570
-259
-164
-88
-47
665
150
-968
947
933
534
-658
-985
719
-751
131
-78
-588
-153
567
-74
-436
76
-881
-956
-81
-332
-983
-20
-360
702
-51
-47
-220
487
-158
-888
-169
-17
41
638
-596
-423
122
489
-410
-181
-486
823
-569
86
70
659
-676
-449
-162
-330
-652
332
736
-135
-980
970
336
57
-56
-389
210
51
911
-131
180
-209
-141
-843
-150
-486
-180
363
-137
875
289
-145
260
807
-174
-599
993
-289
52
750
470
903
-534
-962
516
866
-964
-485
-660
281
-665
-348
924
-854
-415
-465
978
-451
-233
933
-258
-206
917
-906
904
-426
-448
-578
-885
-411
-476
336
-243
-855
-218
478
315
0
149
-389
214
-68
945
-681
-28
-845
120
986
149
-89
-903
956
-861
-32
-601
-208
180
949
-708
-911
704
-806
215
341
-583
-397
499
830
-405
919
22
223
514
-112
419
92
658
-498
-196
-598
-104
-85
295
645
-933
857
251
768
-691
872
824
-201
-172
-924
881
-207
47
-70
71
594
487
-869
243
620
405
-790
799
677
-982
-945
-559
-557
862
958
-603
-140
552
-462
102
763
-297
-206
-7
500
875
741
-281
-903
-749
-942
-459
-803
436
-191
449
853
-734
-67
-854
903
686
-726
-292
730
-788
467
823
-83
-528
957
172
836
-619
696
-604
300
-55
35
748
-560
264
-658
576
-380
-156
395
531
-770
30
-594
248
293
-892
-524
273
-766
-730
-897
721
-797
-762
-593
544
14
396
-211
-789
-829
-29
801
-123
-838
724
-93
590
-357
-660
-210
269
-516
365
-480
-259
-347
398
127
898
767
288
294
-521
-965
30
524
-394
-560
111
-618
-461
108
-340
562
917
-69
232
660
385
934
-463
-66
196
-78
-542
664
-595
73
-606
240
598
262
-611
-517
-195
-678
604
-791
-13
571
-637
-218
-769
556
-888
28
336
-712
203
230
-50
-72
518
-496
124
-76
-110
682
460
-938
243
443
-978
666
-895
82
87
577
-203
200
-470
-699
956
-990
-363
231
-165
946
907
-172
-225
-500
553
-858
767
-698
791
535
-319
441
-370
-16
181
-795
832
-945
386
-528
504
935
155
206
-401
257
446
493
376
-959
153
-552
89
-77
489
363
-330
36
416
-714
-244
285
-94
874
374
-678
204
-320
-48
-823
786
-871
-170
-146
84
112
-985
772
316
-964
-212
-851
-874
-847
959
26
-20
902
-119
438
-307
114
172
764
-214
-192
-518
314
573
-639
576
-435
486
-496
387
587
-13
144
-571
96
-21
898
116
-256
-377
931
336
508
-51
258
-234
-369
395
-960
-67
584
268
383
-580
-302
618
-835
759
558
-399
554
180
994
-116
-172
94
-773
-722
372
-395
302
-210
-47
528
973
96
627
65
-475
444
-270
403
867
-306
-35
-190
-105
681
-554
-186
-176
-440
794
702
647
-397
542
-43
920
-182
-939
980
299
-671
351
260
-319
216
828
189
-502
886
670
336
-45
-654
-293
654
-276
-115
-79
-285
920
719
-347
-557
-194
-148
164
335
-516
979
490
-701
-789
627
929
-305
573
970
65
0
499
908
-858
-21
-21
-548
-689
-363
-409
-790
-781
658
809
505
926
792
570
-116
-983
191
890
-724
695
-153
-351
-824
123
182
-540
-966
663
172
819
354
-336
-939
432
-111
-35
-821
-662
756
-242
501
-633
395
-582
801
-448
-331
-96
937
-522
58
623
820
-974
21
-927
-516
522
235
770
-297
-640
-436
-930
-444
-60
741
249
-684
-246
-512
952
-333
-618
-935
-484
945
-220
-739
-545
562
276
-975
-425
30
594
-516
-521
-603
916
594
21
-573
796
111
-538
572
-483
-420
-139
-124
-213
-128
-845
-435
875
486
121
798
121
199
489
669
505
-44
-606
297
-411
-589
625
-794
-555
755
-812
-155
252
397
27
591
-801
-951
-392
239
-575
-534
-763
713
-71
679
212
-773
997
-729
-543
-674
808
504
164
745
414
797
947
450
529
-847
661
257
100
-788
272
-620
844
-575
36
-903
751
-719
-175
267
900
224
66
155
-262
-735
205
10
965
545
546
305
-845
397
-751
-98
-948
-959
905
-853
-792
607
939
300
-950
56
-611
-427
314
-663
538
-410
-991
-924
-762
852
-947
314
-608
341
628
947
-736
311
534
-438
-960
317
747
135
-698
-361
315
-550
95
-419
332
-223
680
329
22
982
-522
-290
435
-856
181
-280
-398
692
702
-607
538
-511
-303
-355
-725
741
-62
99
-543
582
720
89
210
289
448
123
71
-719
664
-201
295
-644
-120
584
-258
704
867
-452
44
213
-694
-252
170
15
-838
-199
376
-477
-36
-315
50
739
698
-843
-431
664
-174
-343
317
203
-525
420
96
144
-29
711
-266
95
-829
869
-927
608
762
578
-248
162
-2
973
239
-247
-286
-809
-253
-622
953
-578
-532
436
-407
155
-764
884
730
-491
-314
580
-723
-385
-176
-502
138
405
563
265
865
-882
-119
302
50
-882
-794
-775
136
-277
-202
54
-495
906
-202
-329
-247
-522
831
144
83
252
-322
414
-215
213
-337
-715
-293
-479
247
-44
-765
-228
928
-217
601
-896
-705
953
67
-633
-767
-908
996
411
-700
-617
229
-211
771
898
706
526
-967
513
491
44
-25
675
506
-243
80
-378
324
657
625
496
-1000
-233
-898
-180
661
831
-584
896
233
-745
203
343
483
-12
851
-208
506
-401
206
-799
-9
-87
428
521
-484
-580
-796
977
632
-224
-671
798
147
471
857
-601
-172
-586
-851
765
-94
224
-468
-421
710
-624
499
203
640
-765
271
131
97
-129
3
490
389
-844
709
-597
403
-66
994
997
909
-892
-670
-788
-926
880
358
448
-701
-725
686
359
675
-316
215
-22
-249
925
722
569
668
-333
863
-324
808
-968
760
839
-711
-18
170
248
-838
-991
-850
160
-924
818
-281
492
-335
-356
259
-736
-580
933
164
-769
-252
115
217
-407
302
-520
-683
208
-310
843
353
-983
734
-844
-931
-740
703
4
433
632
-705
495
290
-425
96
-25
-511
-776
22
-586
-355
-65
-230
-632
-376
-603
-710
-766
983
-899
-930
291
243
-651
-618
-11
61
277
-272
-320
703
-521
-155
-852
733
-94
-989
-416
-935
117
869
684
662
-883
638
655
965
387
-508
-746
-597
869
-647
-574
996
95
150
420
-688
294
704
-856
187
-799
252
-181
-645
-364
-674
555
802
26
-131
-502
-220
542
-157
461
-526
-602
368
-489
740
29
-274
269
422
-292
-976
-218
777
-332
-413
881
106
-934
-506
-365
-608
-913
-186
971
-385
-997
-590
644
425
822
670
-697
500
-670
-669
-502
-313
840
290
-712
30
-66
825
222
-195
418
-49
272
-832
790
953
-378
-767
216
383
-778
-829
-612
376
-113
427
-920
802
895
703
396
959
98
-537
-596
761
-841
-545
-901
-603
-832
174
-59
693
855
-367
730
-296
968
-239
-430
-212
-801
-253
497
-732
-418
590
921
468
906
-969
-522
-279
691
-984
170
-58
-610
15
-394
168
769
962
-303
907
-613
769
408
-122
477
-300
-718
674
-487
-605
-241
600
165
372
-755
-520
-292
-593
870
-571
2
670
-247
-99
465
592
915
-25
-219
493
602
549
864
227
262
-791
458
430
972
-956
-631
135
-135
73
-871
499
551
993
-103
-340
303
-265
-638
-899
-501
-269
852
535
278
-44
-626
353
-829
-554
986
-596
-873
692
163
-252
276
823
-13
642
-222
892
942
558
-980
163
277
882
469
-45
-153
-902
901
-340
-949
648
820
533
-254
148
353
-829
476
944
-817
731
-342
153
-771
-82
684
-39
-352
259
-378
346
560
-717
499
549
428
-546
-74
-167
-6
-549
-71
135
-849
-308
997
-871
647
783
-804
355
402
-895
902
673
92
-994
374
880
742
-252
-440
-38
-74
869
-663
-519
968
298
-413
748
719
-252
916
-713
-147
894
810
-844
394
-689
-131
120
-252
476
648
977
804
-646
806
-245
825
177
981
962
35
-644
90
577
334
364
-207
185
88
-52
-930
-707
-159
-192
-299
426
-18
695
898
-316
122
303
694
316
458
903
735
-130
203
383
371
950
-933
-788
-615
82
-336
825
884
-733
552
647
-580
861
671
-636
-229
46
-297
298
-959
-773
-73
-754
532
-298
290
-391
71
-164
626
723
-570
-533
-15
-933
875
-192
212
-621
-976
414
533
-664
-878
539
955
720
-625
916
936
812
572
-687
-194
93
981
-973
-369
-13
-447
-230
-447
-240
32
-557
794
26
693
-225
157
-128
-534
175
-96
436
-171
-22
-583
54
-459
-783
-667
-30
-872
922
229
-832
605
600
-858
457
32
28
-485
873
200
-59
41
240
489
34
-449
-942
-490
-968
-928
334
455
-992
-754
332
418
-265
-780
479
-647
169
-576
155
-208
440
651
704
954
902
-202
628
191
930
-12
-114
364
94
-786
-466
-777
-465
983
-405
765
-593
140
-859
409
269
455
-951
-445
-461
513
514
-141
583
-79
-276
545
-69
-218
835
-277
-640
556
-645
786
-473
463
-199
-495
344
-791
-66
394
619
9
-620
639
-140
-301
465
-998
28
-883
-391
-646
-150
269
0
970
-176
-323
492
256
914
-104
-40
639
-63
436
-442
25
-698
-84
12
-828
-774
-696
255
215
594
363
-643
226
744
633
724
792
-140
-669
-336
-566
105
-607
-590
864
-724
-166
-852
-682
-352
-205
248
34
781
-590
-600
878
814
-883
-295
6
505
740
641
783
842
-152
-153
-351
921
214
-383
947
90
-860
-280
-334
755
-761
-231
-931
919
239
-107
112
49
-881
551
-645
205
-196
-619
735
-176
-718
608
388
-393
-930
-10
-918
221
395
263
346
-777
412
-684
583
633
163
771
551
-581
-68
-705
200
-90
-199
701
-991
-39
-870
121
774
-264
-648
-721
-745
52
-1
-75
-154
133
406
741
-973
-317
812
329
-923
532
817
447
647
-832
398
-180
-611
-95
-366
-115
-238
70
825
-984
848
599
-629
-607
410
546
111
456
57
-828
-326
256
465
-573
-264
731
48
680
406
-671
915
666
377
319
116
709
-914
555
531
-438
-625
-74
64
688
-289
-501
739
792
786
164
744
718
748
827
-22
-757
-459
-674
219
472
197
-372
-83
509
-846
684
-480
871
722
-4
441
823
-321
887
283
487
-409
-800
-236
760
301
-373
-522
-200
912
-213
-735
255
-75
-970
122
904
915
100
-150
60
491
310
38
-903
130
228
918
434
-931
-929
515
593
-936
389
226
-968
99
-878
24
932
57
-173
-439
850
-674
-682
194
-724
148
46
-594
316
986
131
-488
401
34
838
-241
-929
669
-62
-337
689
534
637
977
345
-552
446
-399
-680
780
312
-792
170
466
-684
950
712
300
606
573
193
-862
742
61
-78
693
343
663
498
164
420
689
-469
548
-19
-91
-750
320
673
166
-536
-563
-914
-176
905
-489
979
-486
433
94
135
379
-306
135
-973
-714
-335
672
-806
-668
222
980
-71
429
19
-537
-488
498
-682
-753
176
-102
182
591
839
-618
-285
-159
583
211
-694
-434
62
812
-663
301
414
-102
321
-457
19
201
-871
163
933
135
-610
451
-749
-916
456
-247
-608
225
936
-265
-262
-705
494
18
180
-124
616
130
-954
148
100
-743
571
-918
-698
829
-728
218
645
900
-756
356
-209
379
-414
119
-211
467
-749
-704
-974
-968
-807
861
172
495
655
-302
-467
-692
-844
-361
-956
-147
494
988
-956
-985
-598
74
-282
-965
-606
792
682
-444
456
-554
633
-81
975
-422
-970
983
488
-139
451
525
986
-928
-785
-751
-709
-168
989
767
331
-797
800
-856
96
14
386
236
-389
358
-972
529
-823
959
-720
-253
-266
19
-630
-56
-868
970
533
846
986
-13
-879
612
-560
-675
434
-894
950
-604
829
246
-677
267
-501
-501
587
-942
384
695
-582
468
341
98
990
224
273
383
-167
322
-218
824
259
-114
-376
-822
774
-744
968
378
-813
898
783
-654
866
883
102
-579
790
769
-238
186
687
-581
605
848
-951
709
751
-769
-798
128
684
782
25
837
823
-761
226
-946
-28
-357
950
-142
-102
259
7
-389
-905
-476
32
774
-130
-898
395
870
-420
-143
-883
948
985
381
604
-441
-631
421
480
237
482
894
-41
291
-729
857
-109
983
915
-101
-418
-473
-638
-10
-882
-619
-519
854
-509
394
-282
90
-548
676
-526
-132
266
-67
-142
671
541
-663
-531
-348
858
12
-72
-951
-66
-555
269
431
908
-709
-998
326
98
-173
582
-809
-278
875
622
-579
-868
-442
-866
609
129
-444
-485
-479
-174
845
189
173
431
763
730
446
-165
-511
604
-238
820
-21
-955
328
-335
-797
-103
-540
821
349
-470
-928
48
368
977
528
-172
-174
-952
800
-844
-114
-60
-36
25
-843
-480
27
-866
-210
613
-7
187
-629
725
800
-848
842
247
499
615
-492
-356
-682
-325
-539
-784
957
-104
41
60
-593
216
-448
-263
-426
236
-979
-577
790
492
-127
-213
-488
885
814
-289
211
-687
-37
-77
629
597
948
-535
179
83
-774
766
-181
-496
-642
-132
-30
-496
-539
-307
143
557
841
715
435
-233
-723
-798
-29
133
122
-218
-301
-391
778
257
-527
290
-736
788
-725
651
786
-769
270
833
981
220
-755
-431
-140
230
634
-784
-916
535
-812
-108
134
-786
685
816
-590
-656
726
-915
748
-795
-135
-925
62
-189
-765
-617
-862
-696
844
110
674
800
-412
-768
718
199
188
-968
-183
840
686
-920
-911
-812
970
457
-567
911
127
-849
628
420
994
-709
-304
-376
-899
523
-163
-612
551
-148
809
-532
-420
975
25
-348
-87
-71
-730
419
-10
357
-559
-105
608
660
276
-568
-302
-955
-313
337
943
207
-68
-552
-817
-421
472
-289
452
958
606
-13
199
36
-807
-590
516
-775
917
-839
-977
-928
-181
-629
-463
-217
663
-290
947
-351
8
864
-955
-269
148
327
236
-405
-75
309
294
9
388
842
-917
417
-464
564
-990
105
571
977
-627
798
834
-683
386
-45
551
535
726
105
300
213
-840
522
941
-919
808
366
891
-221
322
-527
385
-107
459
140
-827
318
-506
592
-4
-690
-428
17
154
360
470
287
118
-795
512
-385
566
-443
-53
-504
923
17
327
74
411
508
396
-535
7
-232
-133
472
857
580
550
687
-532
-685
-728
159
376
824
-910
172
152
-995
-509
-903
522
-637
-284
-862
546
84
349
-846
27
308
-201
309
508
-666
-977
-200
722
-165
468
-339
975
389
-451
-646
255
457
-54
-511
131
-221
133
-566
749
500
-684
908
790
710
-449
-118
-993
768
728
-534
578
-572
300
-382
-748
-938
-92
572
9
-520
568
360
628
-208
33
431
746
-437
-87
-539
-526
186
-622
-7
-661
-789
-657
-153
-582
595
-605
796
270
550
-892
-983
-271
-359
-533
576
126
639
555
-613
-438
-592
124
-115
721
152
931
560
-851
955
416
-787
325
-410
-45
187
-656
-207
459
-754
804
464
-451
-704
0
9
429
-930
322
992
604
505
325
-707
79
13
75
191
279
-562
-397
106
338
974
-200
-36
-642
75
645
478
853
933
-840
-234
-742
861
162
537
-754
-983
-824
-339
430
-699
-598
700
333
-493
142
-860
-998
-237
632
172
238
13
295
-271
660
-853
-897
-881
-139
-876
-498
171
-721
803
-67
573
-671
822
54
523
-507
706
973
-848
331
4
156
-645
-658
-718
686
-364
-538
560
-520
537
825
47
159
-233
-226
896
-726
-156
672
310
181
-295
-21
921
718
141
-458
438
624
-515
205
676
714
216
921
497
316
198
734
875
125
184
-270
-837
-949
-470
-139
-180
944
-331
609
522
237
482
-321
-619
-938
489
515
708
-247
615
-266
582
620
606
510
227
-557
54
204
-751
-773
-399
785
-284
534
813
-146
-675
771
210
-553
-253
-727
-645
770
-482
-48
721
466
735
28
-589
91
142
-90
386
145
-324
-583
665
-574
-953
-842
-407
-804
-500
997
-798
860
-154
57
-610
340
-764
862
728
-104
761
433
202
-810
589
-52
52
287
129
-804
-24
-938
-720
-287
241
-204
961
898
-636
-106
984
-533
-705
-316
-52
-124
-209
-866
323
-753
398
-875
-6
-547
248
-717
177
-179
14
-792
-333
594
580
-958
-781
112
-571
104
786
-461
-602
-653
-643
412
-408
569
-414
-758
903
792
-349
448
815
492
740
-760
-305
-147
-81
-332
149
-344
-841
284
-183
-665
9
953
-762
-416
-418
-835
3
-249
813
621
-561
817
285
-195
-293
806
-712
-218
-735
-671
236
502
594
600
-837
-476
430
-957
-718
-306
700
59
-650
-95
-710
-144
298
-940
-738
390
669
802
-598
653
513
338
334
796
118
-492
216
442
581
443
-250
-40
281
-607
972
-386
439
443
961
705
-242
475
-44
-563
-983
940
-164
-267
-46
685
269
740
-735
237
-314
-913
-478
-49
470
-599
-572
-326
959
-30
-675
656
612
-675
-309
617
-516
637
213
-389
104
763
192
-136
-127
806
62
-795
650
632
-799
-974
373
65
-370
634
-447
-589
-436
-535
-559
137
-453
-411
-664
244
-559
-150
385
-461
-929
822
155
-82
739
766
176
-561
-233
-309
-57
-882
-362
-523
-608
40
-369
650
893
699
-78
-710
-544
33
775
-830
-546
-506
414
340
435
199
-544
255
-80
-663
357
64
-865
-461
63
-315
455
-838
-796
-678
106
359
-519
98
-116
-410
-871
-317
687
-754
229
766
-791
-504
757
-631
599
-290
269
-757
-21
-895
123
308
-560
646
540
358
542
-113
478
692
-503
-270
-576
-410
-188
-360
246
534
883
-540
-791
794
-50
845
363
-946
-143
890
-88
-67
320
985
120
-324
440
173
-768
-989
689
354
-295
-311
-337
973
680
235
-56
-492
988
360
-272
23
39
-132
-256
154
259
71
-507
-223
-602
426
868
695
-880
-323
763
394
833
-817
-125
374
712
251
945
-660
-522
148
-276
-513
-976
781
137
572
755
-489
787
291
-894
728
-90
390
-293
420
-262
445
9
-293
-260
-349
610
79
776
880
-785
-528
-237
-508
844
-75
-987
637
-314
-631
452
-379
657
-784
907
284
988
-811
-567
269
396
-686
-138
303
-284
746
641
-646
918
-42
-508
-76
-796
490
553
744
671
995
-746
945
-63
-160
867
-136
774
618
620
568
324
-718
466
-470
235
-379
-83
-46
791
270
700
981
-333
600
924
-123
-1000
478
534
395
372
98
691
-976
645
-698
283
360
708
10
-661
716
302
162
-955
-606
509
851
-15
-966
182
-405
722
-313
540
682
915
-919
-590
-720
-720
-797
45
421
-672
366
-425
-897
-592
745
-176
-973
-740
523
-161
619
-954
231
215
0
-248
-486
-347
196
-170
965
821
463
-195
465
948
180
297
931
-833
384
-174
782
795
-338
-555
-144
-482
857
161
618
-517
-289
488
495
-773
383
-570
-40
-346
703
-82
401
50
204
-417
-204
930
-546
-475
528
511
-681
-916
-779
580
-743
800
127
883
-95
0
-499
-43
628
848
-355
-49
-796
-658
293
-240
-434
-180
944
-682
-460
908
180
-127
-62
-502
956
-897
799
-126
-105
-857
210
-269
892
161
-306
-996
-137
-942
60
354
533
229
-428
-237
568
565
-537
725
-729
-121
-229
-856
790
-956
308
-182
-515
421
860
809
-457
263
671
-637
153
893
-603
745
749
725
444
-894
-437
979
674
124
707
-679
908
-691
249
280
-74
39
317
-432
264
378
981
99
576
4
122
984
-78
-876
-980
92
489
588
419
227
-168
772
771
-805
866
-710
11
-607
658
807
-678
445
-616
-418
174
-263
609
878
778
159
-110
-681
-892
976
-16
185
264
160
142
-889
684
223
-780
-949
34
627
-23
-77
3
977
846
521
766
298
-778
-848
189
-126
165
970
431
172
-333
166
-664
-160
509
-201
370
15
393
-960
-515
-578
-844
476
-918
526
58
378
-272
220
-494
-155
-967
-93
-829
-207
45
-241
-890
593
-247
349
425
-570
107
-145
-147
818
284
-629
174
-629
474
931
-788
683
-943
303
410
563
-890
-730
-174
-320
-384
60
-109
-218
403
-747
-247
697
-22
984
-952
-454
64
-49
852
926
603
-710
511
539
-234
-445
-672
-501
-838
28
812
-301
-424
356
436
590
-411
249
971
-926
-717
776
-510
500
-568
400
291
-490
860
420
422
943
532
-945
-94
-860
-874
-975
-924
-30
617
-472
-843
-323
747
330
-405
-238
142
-578
479
-711
128
43
246
198
-491
-984
750
-657
131
275
454
-808
-38
-563
-661
-550
-514
290
795
-46
-750
-186
456
-619
-77
-869
-517
-111
-738
-545
-111
575
-385
659
-9
-715
-249
998
669
424
905
31
650
-706
-783
-998
509
33
193
569
187
-560
794
988
601
-96
-845
700
-905
735
873
209
-969
-231
-396
-797
-551
995
-655
701
693
693
81
925
293
725
-547
-744
-52
558
-220
283
646
-752
-125
-243
-19
-928
-400
176
-763
976
483
-938
997
-678
-110
-304
530
-555
775
-815
-22
-390
288
-223
202
-255
483
733
-227
644
-261
396
1
-555
-509
-787
-633
-181
-674
-692
-937
488
225
-189
254
230
638
-963
-651
303
-210
-234
-513
92
-247
286
-258
741
-43
-788
-749
680
537
223
-880
101
-195
-736
956
-379
528
851
-462
-150
-299
620
358
-862
-629
527
-74
-91
104
-145
-56
-146
-927
104
950
407
-23
-663
-990
-388
867
-936
199
98
-91
-662
-433
16
-741
474
811
539
-363
-890
-654
624
-113
473
360
763
-645
82
-214
-972
476
212
-636
457
-351
-329
767
6
-387
541
-486
-767
911
910
-892
258
435
356
484
-849
36
19
-331
134
-164
768
-335
-76
-87
882
600
-813
926
-282
-611
-353
19
332
45
777
-838
-81
333
-107
96
-398
-448
-258
-981
-762
-654
906
-730
600
979
440
-826
-745
387
-923
600
595
-26
638
410
-559
597
-609
226
875
305
250
847
980
-428
148
-406
41
710
105
360
-429
-120
127
-97
474
-655
-776
-718
67
-589
-846
779
329
537
537
-971
-502
-32
908
51
168
878
-516
-849
576
35
176
-349
55
-661
918
-242
-992
-484
-476
-908
-565
723
-276
948
-248
901
622
-521
-600
644
456
674
-444
369
217
504
295
905
867
864
134
269
-946
878
-127
930
-711
608
-895
-623
-133
199
-736
395
-920
-32
665
-691
-961
-290
340
-628
992
86
980
-674
891
-137
-36
-683
-205
-892
-197
-808
994
-193
-535
591
358
-941
-343
-821
-711
158
-866
-865
-258
777
266
639
-441
-298
34
-604
-748
517
221
-679
885
-126
779
-602
-735
-849
-110
326
175
250
-28
503
513
666
-452
445
-911
43
311
979
356
884
-432
607
-581
737
996
881
792
-414
580
-904
317
687
888
-239
384
742
-816
-19
331
195
198
-131
-257
731
640
349
-231
-364
-959
-982
-179
980
431
337
319
-443
431
902
304
-846
972
-115
245
673
-617
825
612
685
-264
-833
-264
-305
483
502
355
280
758
333
-333
-803
-913
104
-355
319
586
729
774
-635
-329
-361
65
569
-342
-274
882
845
316
-398
-431
536
-881
-783
