5481
30
-609
923
-107
278
-878
931
3
-841
925
631
-165
-128
628
-708
-864
-19
555
907
-549
-127
868
-879
-620
-638
674
291
829
-975
-692
379
447
213
765
419
891
-925
-760
-755
163
-4
-984
508
-639
323
934
435
-59
-103
20
-680
-484
727
326
-683
443
551
832
-645
-437
-416
-278
787
223
-580
321
-670
-591
-601
679
647
730
-842
26
405
-224
818
-846
40
-455
160
-124
598
-418
-82
100
-365
-213
540
263
-928
995
820
-650
-414
577
-713
-322
-789
-983
470
197
-857
604
810
999
52
-230
608
462
-34
530
-988
560
135
965
-807
-894
432
425
547
731
727
922
721
67
509
-806
-566
-854
225
536
-909
-43
-786
-657
-502
-461
63
357
-446
-307
-389
372
363
-212
928
-602
925
-123
-320
-791
401
559
402
130
476
277
23
173
-567
-329
-533
147
-990
-469
-845
708
-885
305
441
-764
-981
228
464
146
71
-4
-970
243
-627
-656
982
-290
-6
88
-457
-576
-568
529
789
-737
456
378
-246
-596
-392
-724
-264
-142
-576
-42
949
987
895
37
-364
-143
957
-221
-100
417
-979
375
535
812
-318
506
-647
680
-294
282
-405
148
570
919
-109
-312
-728
-630
-894
-22
-737
614
-119
-963
-701
390
-55
-508
-591
614
326
-475
-670
478
999
-680
508
-151
-676
702
485
468
-180
671
-523
-942
219
-628
-138
-485
-268
323
475
213
329
512
-534
555
980
352
-105
761
-648
401
79
-870
-855
406
190
25
773
-409
-739
-909
-563
-348
-293
-578
452
842
455
771
35
751
-184
-362
-441
151
-919
-618
-920
328
243
672
310
-997
-983
-194
-414
-295
218
-755
-314
-107
-761
844
-110
697
-14
-512
-364
472
878
-892
-157
850
-407
990
-567
-890
-733
781
874
641
473
-641
-139
-75
-957
638
870
86
-90
538
453
749
-682
354
751
703
-724
-564
-434
88
176
516
-1000
-319
867
17
849
-463
-916
-637
-738
-529
-179
137
7
-843
753
-113
-344
656
-556
-332
789
-940
719
-71
551
444
-770
886
438
816
-784
999
853
799
-261
-893
-43
620
857
685
-681
565
707
163
-862
461
-184
868
557
-388
-855
895
-567
-132
421
-138
318
68
972
-255
-975
754
-125
239
-977
-559
-637
-264
-792
-422
-883
125
-422
759
318
-895
-87
-653
523
865
872
269
938
-786
919
955
188
-532
-934
666
-662
403
145
804
-341
162
329
-309
832
659
878
-447
397
-215
-773
922
-972
903
880
-983
655
-966
767
936
-791
-634
-653
755
633
575
925
307
-196
-674
-996
-264
-977
-605
-280
976
-810
-919
268
-396
860
837
-595
-878
-889
-984
475
-443
871
-652
212
-496
91
619
879
-678
287
915
107
834
758
-106
245
-940
352
38
176
-732
777
510
-764
-41
190
243
53
-782
-628
-183
-545
-902
231
882
-741
-950
-204
-495
-399
370
419
557
-950
-164
220
-431
-720
-517
5
96
372
780
781
-58
-100
207
744
473
-553
-338
-280
302
414
-133
132
792
-919
-439
887
-260
-965
-815
-920
832
-916
437
-446
-639
-607
816
-337
-716
41
124
694
-380
422
254
717
-902
822
92
109
59
334
222
-335
635
98
-606
682
207
195
329
915
176
645
144
-373
-356
652
537
852
374
371
-665
215
237
376
825
98
571
-441
-227
-560
-332
674
-682
451
670
58
968
-304
-689
828
-672
422
-462
603
-479
317
596
-235
-679
-745
267
-11
-654
358
-235
-619
964
-998
238
-418
-873
4
-516
-914
-697
-51
565
-332
416
684
448
-566
969
-424
217
528
-323
-6
893
-367
52
-995
485
228
448
53
-848
370
947
314
297
78
-770
-945
264
566
853
835
-620
-523
-162
-844
-154
354
408
186
-23
-616
-777
-713
557
-509
750
-279
-950
-508
-682
-38
-718
833
682
4
-129
-804
629
868
-772
94
339
506
656
-400
-731
586
-475
-138
-160
386
310
569
-59
-104
502
-545
-790
-480
942
440
-377
23
926
-360
222
-241
-619
-404
-927
-185
908
603
471
997
428
-950
-983
-429
976
-308
-505
-252
309
-155
376
-207
733
-583
-562
-875
771
629
840
-623
-983
-759
929
-372
-850
977
438
-549
-565
79
-620
-855
-356
615
543
163
908
-553
192
275
169
-496
-202
886
-762
-827
861
-404
751
671
172
-436
967
42
-520
178
894
-128
-250
502
-33
-944
-466
-711
917
283
-69
142
-531
667
239
35
598
-225
-29
-101
341
-633
619
-838
-667
-855
-248
92
-452
862
40
-766
633
61
936
-438
-102
-767
985
90
618
921
-320
-712
-282
860
-712
-151
432
118
98
-172
-707
-92
412
370
218
440
464
-955
876
-791
-29
370
-236
-805
654
-708
-192
-922
-503
14
-689
501
851
-171
-899
702
-290
-456
-180
-487
184
261
-28
-802
-172
937
17
528
583
651
954
-352
-146
-827
386
-545
396
-560
311
-381
-638
812
-120
229
935
537
-300
261
823
340
189
-885
-792
-671
-964
-933
-9
-734
-642
836
-143
241
971
677
910
416
-265
-644
791
650
161
269
392
-459
-358
-789
-31
999
848
54
-202
-734
-920
145
423
-642
857
-882
169
833
405
297
995
413
-141
-994
-331
-634
151
-57
755
398
388
-570
303
-464
264
-964
372
5
869
868
959
758
-353
-578
-888
606
-863
763
-129
-741
522
82
-223
210
-154
686
-55
588
55
-812
-93
-288
-318
436
-724
734
150
-53
85
581
-474
-510
934
-878
-504
-552
-528
-233
342
919
491
-829
706
-907
206
819
-265
937
508
-523
794
311
-165
724
991
-678
849
-811
984
813
-809
557
312
263
-33
-643
70
-944
-990
443
557
-732
98
-946
-304
611
-882
405
-229
-461
68
-603
149
419
-432
-642
-751
636
51
648
-685
-250
911
127
-432
644
-98
-936
542
-83
659
975
730
120
-824
15
-439
-45
-282
621
822
-736
548
257
538
-931
950
-911
-870
734
454
492
-630
649
-400
0
367
734
-616
-919
35
-863
-298
823
977
-506
-255
170
-465
567
-502
381
-980
820
15
-372
943
-616
-832
307
-641
-652
-370
-620
673
-805
527
-860
780
-22
-497
-556
809
529
-416
-521
-827
81
-798
132
-56
884
861
378
496
244
267
842
935
857
947
630
452
51
720
677
541
432
80
-81
890
-886
536
-661
836
576
-635
179
716
-672
-579
704
248
-594
244
616
744
-957
58
-144
-281
-348
482
832
-515
-898
638
642
-623
43
918
965
-756
260
423
-524
-184
-589
760
-337
104
676
695
-205
-367
184
290
-133
-986
789
994
-318
577
-355
-366
883
-883
-440
381
751
-335
961
-91
378
311
939
-128
-269
-838
382
-707
30
-898
642
581
-816
809
-538
-292
-442
-417
-722
-938
-877
91
-441
-858
-972
345
-233
-958
-863
-222
-554
-750
50
62
947
-920
491
-451
261
-839
534
-463
111
169
860
451
606
757
639
870
674
-822
599
-759
951
-941
-905
-715
623
623
-197
-890
-803
721
465
679
112
609
352
-506
59
672
-183
-953
749
329
153
-92
-510
-862
-535
-335
-75
-734
162
205
-880
780
240
853
770
682
-94
-781
123
181
-806
564
-761
128
-377
904
245
693
317
-318
-462
663
-610
-850
519
86
663
-94
-596
865
-695
829
983
646
-477
589
-139
597
-375
285
660
851
931
539
-54
234
883
-457
-266
733
-876
-649
-63
200
204
391
640
-890
671
-722
985
813
256
-164
-368
-379
211
448
797
838
580
38
987
-930
46
-307
991
961
185
935
-349
267
-525
-823
702
-959
-438
482
578
-826
-589
-807
946
-551
-822
-769
926
60
-378
-797
861
95
952
500
-555
-341
560
961
-407
330
-468
-932
496
-301
-834
750
398
-619
-263
388
881
985
-632
806
890
953
-661
408
54
95
-257
218
-519
-234
-152
938
198
349
877
-22
-164
-902
833
539
-144
-613
-279
-232
611
-393
463
256
17
-621
-30
315
309
913
-648
845
252
-781
-719
313
-875
301
-439
45
801
-887
281
379
-36
963
890
-745
-360
-876
600
396
995
717
-129
-70
805
105
-523
-422
-696
853
324
-430
899
668
609
819
341
202
238
-481
315
-30
-856
745
-674
267
462
-475
-148
-891
159
366
529
41
526
582
785
703
-395
-568
-139
809
-973
969
-816
877
372
77
-643
992
-21
-426
-681
637
-994
-152
340
-732
-946
-1000
479
656
594
-270
609
113
271
841
-133
-568
118
921
-222
865
-966
-264
679
570
44
-693
-654
-926
-891
662
474
301
255
27
228
212
-800
-940
38
-199
-364
603
-345
-568
743
-186
-923
-295
748
384
82
-671
-724
738
891
568
862
737
-810
-186
815
-47
-312
55
-321
520
705
958
-344
-243
117
-747
347
430
-569
722
-359
241
-925
917
602
-814
25
573
-594
140
673
747
238
643
-433
-577
-738
45
421
286
-863
785
143
5
-167
-617
-721
-777
-455
-577
-651
386
441
558
-709
560
-970
227
-645
106
-365
40
717
-394
-48
-188
-416
-95
885
525
356
-921
-469
-85
642
-97
807
711
-919
20
-12
226
-458
-194
316
962
-1
-688
674
983
860
-470
191
956
498
878
888
-951
973
47
696
-346
154
630
943
-551
974
-785
615
-736
871
464
702
-245
45
889
453
-912
-973
-954
-252
-78
544
-542
-617
987
-747
-90
-455
918
-453
-657
-580
74
-838
-626
-749
-79
440
-648
-692
-905
924
-642
-916
909
-82
55
-360
172
-371
-631
-562
-329
-516
774
687
122
106
-909
-423
-769
-388
548
100
63
-919
723
89
213
-925
912
-886
-354
13
194
434
573
125
-468
122
939
-65
475
-171
283
611
-389
553
-996
-956
232
971
551
-106
706
-571
-376
-229
-838
-122
-406
-894
42
710
-821
-915
913
196
-33
942
-324
-209
-384
-83
-176
-691
-526
8
-845
667
-123
-824
458
-798
-684
-532
-611
-158
-470
-396
711
78
804
-869
906
371
929
658
-513
-826
455
181
11
-886
-209
765
557
-342
848
-639
931
-855
-935
-167
-3
627
-680
849
-119
560
984
-169
-67
37
-313
705
-764
-538
-875
206
-737
620
536
-761
589
159
-531
817
-283
-64
-199
914
-384
-170
-723
-467
884
-285
952
636
-70
-831
102
-967
-463
127
-698
-103
-484
-254
-614
213
838
426
167
662
70
-222
188
509
-595
-669
-944
-643
-84
310
-684
-202
-189
-172
-393
-370
852
156
552
-67
-650
-641
-138
-747
662
-964
-908
924
983
467
-200
248
-118
760
-654
-714
905
-841
-822
-953
-659
958
98
-232
831
539
-37
892
555
434
-173
648
833
107
-725
-101
-555
-393
23
807
455
-819
991
-752
877
437
355
224
684
-49
-469
261
789
-367
-165
-792
779
-676
390
571
-253
186
-550
-754
-107
-106
809
-531
-513
951
-680
666
505
234
-640
-302
-413
-852
-15
511
314
-191
694
-742
569
243
-828
890
684
-565
-675
990
-768
821
689
-798
-745
995
884
-63
-376
-591
122
-184
-430
-992
-162
83
-912
-671
626
342
24
-401
-559
-262
-114
489
432
-398
838
-85
-93
536
-313
-935
-499
-999
-998
-1000
927
442
-382
728
-287
-442
421
353
-674
949
-632
-360
-519
378
-886
607
-834
-135
919
-185
580
-989
188
-318
-242
-433
-534
633
-544
743
-973
-9
543
732
306
-848
-431
359
791
754
-604
-82
-896
422
-853
-977
355
675
66
-21
615
-32
530
210
947
-141
-288
167
-994
634
832
-753
134
-363
-440
76
-452
-914
-609
800
-596
231
52
-415
10
-993
-502
280
552
-32
49
-475
20
-952
992
466
-498
-527
414
162
-969
959
-79
998
213
-858
-259
-164
36
694
-18
5
-761
-300
-223
-127
11
-218
-820
-118
492
522
-482
665
16
643
785
-344
-510
2
572
165
-662
-67
741
512
375
-322
-732
114
-162
-277
450
-646
444
445
48
341
631
575
164
8
-349
-811
-865
-531
-687
-138
154
-856
706
328
590
-59
105
135
-318
320
-562
993
287
-543
926
-735
512
-670
-464
86
133
110
-445
847
279
631
643
-699
134
-924
-102
213
557
-138
-301
312
-713
373
953
-943
-645
-565
734
483
-173
765
-151
332
-309
-814
-106
786
4
817
-591
441
-376
27
-179
-626
936
546
-433
-846
49
-331
680
-394
-595
-55
-881
-880
917
-459
-724
-24
596
-102
-207
-575
679
205
-396
551
833
3
663
-207
715
-424
-472
-397
-520
523
-77
964
-409
969
934
838
66
229
-979
-777
787
-447
-772
275
-971
-692
331
-380
-40
728
475
983
-641
-714
-441
-596
404
657
486
-262
-500
339
-212
-324
-204
-744
784
-308
986
589
-231
251
-775
-796
-847
-118
-180
264
-389
296
-125
183
529
-328
-509
48
-762
173
-472
74
651
-75
518
639
-371
176
717
-684
-181
764
571
22
-875
-17
267
-542
-304
-401
507
-624
934
-319
-757
-643
602
684
-687
116
-119
-407
-966
-535
-596
474
-917
-318
922
532
53
370
-86
-854
-841
-862
695
87
686
190
-740
-808
551
-742
-226
-317
260
255
-999
984
-211
918
162
99
-866
512
-404
219
431
-720
-537
10
-287
-59
162
-103
-525
471
-303
520
-988
-595
362
519
355
-39
-919
-701
179
673
-189
-112
874
219
-969
336
345
868
-816
173
-619
-755
696
345
-268
754
711
-49
915
-376
-983
229
-524
-285
-371
-335
-875
-175
-871
-395
-613
118
-517
-248
-82
725
-741
-125
493
344
-468
948
963
-307
-799
-158
65
733
156
846
923
-551
-47
339
703
947
474
250
-865
54
948
860
-560
99
966
516
-773
298
-927
256
209
-543
-813
-188
-325
-364
-26
523
575
-327
85
492
686
254
431
805
395
-814
468
438
-682
-819
-996
-580
-970
700
583
648
518
-339
527
-868
246
-109
-375
705
722
-106
459
920
175
299
823
-725
610
556
262
-561
763
419
-960
-519
-274
776
407
-998
-686
340
-845
312
-526
-990
632
266
-574
721
692
-945
-709
-1000
-812
-452
-649
7
550
384
825
453
-23
-538
67
732
465
-153
603
-595
-281
-359
583
656
-595
-841
-939
-803
-177
-898
-889
448
373
738
748
-691
469
283
-870
-192
-251
-577
-169
-801
606
477
-393
46
-4
-765
688
-993
290
-883
665
564
-630
-117
-927
-206
26
893
-884
-156
-206
-290
279
105
-78
170
605
667
329
-132
402
-963
664
-135
-116
-176
356
-653
-574
-126
-453
-517
61
-333
-962
-554
203
325
972
282
386
-336
-161
854
289
-976
175
-516
82
924
-59
427
-20
643
-37
-643
565
-748
414
-631
53
874
-843
534
582
274
-660
-514
-953
-437
-807
746
-49
713
-305
-384
-770
-234
-591
469
-625
-426
158
-128
922
-811
650
621
-617
335
590
-485
349
-789
342
851
376
-187
-568
165
104
103
-620
-288
-426
531
567
14
-158
959
890
-614
-633
-882
-153
959
416
-921
699
382
837
292
-153
-853
861
618
273
-219
-137
319
-729
832
4
653
-61
17
315
433
-934
869
592
-704
991
-418
-225
-808
517
523
-702
-946
753
307
770
41
125
-562
443
-455
921
528
408
-251
717
-797
845
-639
-135
-368
819
472
-467
761
397
188
-492
-234
-870
839
-309
74
196
-964
832
-383
-651
-257
358
25
-983
-450
-636
-999
-98
-357
509
-542
119
-665
746
-639
-47
-196
515
-226
-35
-137
446
-475
124
384
366
-610
-375
647
-196
-133
719
93
275
190
251
-900
277
116
-435
-204
251
625
568
-333
90
-119
-455
864
-63
696
-876
981
287
176
-215
-58
-447
-563
710
978
841
-842
134
-395
-310
50
-889
-553
16
-13
937
469
-435
-348
35
298
605
395
-529
121
-869
763
-171
170
-676
506
-538
-225
-263
873
95
-783
-725
-539
-227
-948
-321
856
719
-189
185
-547
-25
642
-236
639
-165
-322
-25
620
-584
763
-556
971
-378
362
-710
423
118
-612
586
935
647
-56
806
-980
-343
261
533
-234
-599
-667
900
-877
170
526
-810
997
-43
-667
828
991
-649
-871
-528
412
-871
-470
-309
924
-435
-924
407
859
-108
572
574
-720
908
885
321
671
327
95
-219
-101
-889
-930
-121
-580
533
-190
608
-280
560
-920
-76
-303
-813
572
341
-980
-545
-151
-972
377
-952
863
343
-764
-468
112
-250
438
749
695
400
-56
432
-651
826
-874
-914
-711
-825
188
-24
588
884
-464
-937
-634
-6
747
817
272
662
-299
-424
-217
-619
92
-180
-823
217
625
-863
400
-599
-993
-325
24
484
-616
54
-529
774
606
354
840
-365
-85
-757
-501
-112
-274
-538
525
-511
-13
-504
183
-83
621
161
117
877
-814
837
798
-332
851
-821
91
-983
87
543
582
431
483
-478
753
-283
-616
-447
575
681
-551
403
-525
392
-713
-437
579
-175
-582
718
-456
423
126
110
37
981
-263
-763
-542
-917
5
-562
-796
-201
-290
60
-6
543
473
670
614
-757
-530
-678
631
-512
-780
406
-753
358
696
679
789
-469
682
576
-38
720
-748
636
-704
625
-729
966
-325
354
803
757
472
-235
499
-442
-203
-807
-557
465
988
732
896
-722
-833
-304
-454
-32
-223
-804
-264
31
-737
-871
712
996
-614
-67
609
-739
-847
-907
951
144
335
570
522
-420
-770
-490
-820
-885
-313
-144
845
-828
696
244
-779
-178
-384
-978
701
-210
-486
964
746
-335
531
-333
311
-379
-231
546
-675
-191
787
659
850
662
247
456
316
717
-420
-670
-144
-545
-83
-604
-4
-173
-971
-586
-3
642
-659
-763
797
647
-144
920
556
67
680
-370
-390
141
599
35
-833
-698
-333
2
119
473
-818
163
526
-207
833
293
-653
294
-363
295
108
-433
190
-767
-666
91
-11
-240
-170
-885
-896
-242
625
791
608
831
869
865
-186
647
-974
774
722
874
-295
-176
-406
972
-49
-88
484
-377
-3
345
337
-566
-712
-784
421
-770
328
-624
-761
-684
631
35
849
538
-105
90
276
749
192
-923
-964
345
22
-98
795
571
275
-193
229
71
582
4
-88
373
-761
-661
645
-170
-187
-264
-529
581
-33
389
383
-615
587
103
-174
-489
-394
-357
-256
-284
185
639
-423
648
-396
-658
717
-723
729
211
760
631
-744
799
633
398
467
-59
286
182
429
418
-354
-176
-300
586
434
-311
919
-755
737
192
-587
345
38
357
933
-967
-32
-803
-388
-325
598
162
590
928
-667
631
180
940
935
-599
-666
669
-46
-415
-683
456
-790
55
599
-226
-109
336
-176
-626
-88
984
650
501
-511
666
-175
560
-459
-517
622
-782
-548
743
493
929
-722
740
-739
282
-226
131
275
997
-499
997
747
-445
-964
457
365
851
386
-717
-488
709
-171
729
-435
726
937
71
11
-710
-926
-318
-318
919
40
-503
486
-867
854
-152
-686
-156
143
-9
-474
831
958
847
-241
540
-649
524
-78
-403
-16
-371
37
-608
438
376
265
650
-547
11
-569
-349
-601
190
502
651
-528
996
-329
139
-476
449
-739
549
-850
629
-532
845
-658
213
-787
-591
933
-597
-901
404
-736
-348
-819
200
335
-985
-992
-439
241
470
-128
-889
830
-244
820
-532
-320
-153
-445
-436
815
815
-458
905
-56
-460
60
950
-279
246
-204
788
-757
-499
330
-952
764
217
-863
685
-615
116
9
662
-363
-332
-931
-964
24
285
-979
885
38
-846
499
470
-38
668
-989
-705
271
-221
996
564
156
-519
-43
957
-822
774
-850
435
531
-482
-492
-470
-280
-769
8
-786
-66
-601
733
6
679
354
85
-26
889
96
855
-272
29
-859
-370
-22
-682
-982
-431
-709
507
-830
-646
606
-573
55
406
201
284
-862
152
-216
392
-311
890
274
-571
338
-175
-67
-9
-474
-421
-754
516
113
216
552
-756
-986
-654
278
691
-752
-21
-908
-787
450
770
182
149
720
97
-612
-119
439
245
-722
-347
823
-5
-751
602
-623
804
60
75
-5
85
-540
964
368
-755
-862
-856
-156
-429
-953
-123
-987
-324
982
-426
30
758
-913
277
-763
756
44
-133
-908
-217
820
-683
869
-827
-514
-668
806
-792
415
-830
763
-490
532
972
995
792
411
592
-621
985
-916
532
-513
-419
533
-400
-505
-293
194
170
-18
585
780
-548
869
-318
-408
868
22
71
-816
552
-563
879
447
803
-32
844
310
-431
32
-372
892
-253
104
-520
-814
-433
-559
-371
-93
-681
8
-332
91
-828
-681
-272
-401
655
-848
372
-390
683
-23
-34
-408
371
944
-588
-918
-372
-800
809
-198
646
-372
-244
393
-220
-872
654
-748
-123
-777
846
-459
-705
814
-430
726
760
552
612
-688
192
-781
919
-239
-546
-665
180
-564
-251
711
-43
299
322
-976
-962
271
357
-274
883
808
346
990
-359
976
-941
542
-19
-783
531
673
843
151
-982
-418
-691
288
360
104
560
528
-608
-71
-300
993
107
999
-864
856
965
952
15
819
-616
-46
-69
-82
-317
-677
548
-187
918
-209
317
-829
557
-256
900
296
-954
264
-404
810
225
650
-407
579
212
38
807
-408
296
555
-410
-951
531
-314
-218
916
946
873
-372
-732
227
631
654
87
-483
396
641
-498
-452
-870
-868
509
-99
-162
-296
610
466
-464
-154
-910
530
41
365
-465
672
-49
895
502
631
652
-104
452
63
525
946
-519
-322
806
-297
5
-482
867
916
638
422
505
821
484
744
218
611
988
839
823
184
-328
883
-239
523
407
-93
696
28
-455
-819
-700
877
-229
532
-702
-182
-319
-929
-138
743
-831
-494
431
-891
-740
-836
472
465
-984
924
602
985
-968
784
863
60
-899
-53
33
317
165
114
705
-238
-158
-172
-764
-465
-266
516
-792
-645
-614
52
548
-724
958
-400
-35
-812
523
-636
-540
-41
868
682
-851
935
-70
-220
731
190
-338
290
487
903
562
529
-848
-342
217
784
716
-926
-835
-208
700
61
-113
-904
829
-353
-792
706
-149
883
-194
-650
144
-129
-877
-176
-470
-333
920
-656
27
-18
-514
-97
-310
13
525
-887
-313
-207
-515
-949
955
-228
-670
361
-579
392
549
188
-303
-381
12
407
-308
282
268
453
51
-111
917
449
-560
173
-372
-846
566
702
-26
128
748
349
-705
-857
517
-211
603
151
353
433
-396
965
684
378
466
-957
388
-501
-408
-250
-600
651
-373
-391
939
-810
-114
-466
-600
-383
536
-292
-384
-56
183
-630
-866
-474
190
982
-196
-513
458
34
255
-99
-926
-181
380
134
557
-760
894
-410
13
252
848
-370
361
-185
-956
-391
952
255
-778
-89
345
166
587
-1000
-48
-455
995
758
-773
181
-739
303
130
342
-678
-130
765
-835
121
965
495
621
98
-39
-672
-814
894
-646
-183
382
947
-610
-456
737
542
521
820
-955
697
938
570
756
620
293
5
598
111
88
-163
330
-658
685
38
-592
-843
923
169
-367
-950
441
639
252
-853
-287
-406
-562
140
924
-434
-467
-93
-769
716
-831
207
706
-848
160
-926
-23
432
548
-529
-719
997
651
-98
-840
54
-262
813
281
-481
511
-495
-477
-991
-78
186
438
-349
518
500
-535
-826
274
-183
890
-618
359
404
-285
-484
-946
-175
-763
832
-784
865
-316
956
-512
153
-881
-852
-552
-39
-582
-815
399
122
234
197
628
-895
412
-823
122
368
-718
987
80
348
555
195
12
137
-786
-901
739
-223
739
63
631
-845
-306
730
590
-760
281
-432
779
913
-340
698
491
-99
-340
-932
-754
-137
-819
-621
767
-725
-491
154
802
-135
-545
27
858
-750
553
386
-556
912
650
-963
-77
-638
-173
112
-376
116
-79
198
-626
-659
524
290
672
-158
-448
-910
808
808
-843
293
-252
374
-627
707
-890
825
-791
-37
-247
386
-824
-134
140
-246
29
-89
-68
-203
972
908
338
500
274
190
405
5
430
-227
-978
949
895
807
167
757
-149
-409
-546
490
985
-52
380
-210
-245
980
-420
405
-900
759
490
298
-670
-865
-150
-761
-848
277
-894
259
59
-681
581
-922
-345
165
909
280
-387
716
-684
-360
155
954
-945
281
-680
-673
-408
262
946
68
-762
-459
-314
518
-197
106
603
-965
-230
354
-308
-907
-205
-560
64
820
284
485
184
693
317
-24
452
-312
-168
869
162
816
-572
-495
-700
4
677
188
-675
450
-135
991
536
-157
-687
229
-460
-998
154
598
-160
-299
823
383
-849
38
-579
-867
-8
-980
-214
727
541
474
371
-4
-330
329
-839
690
922
825
471
-819
-695
50
507
-400
616
906
302
-962
-791
-545
-798
-119
615
771
695
-452
-629
456
858
340
-242
577
586
72
-852
-1000
360
-870
33
-274
986
966
387
317
-180
263
779
-839
677
265
-895
917
993
793
403
17
-32
520
-639
161
874
-306
-728
-599
365
-356
858
117
245
266
-793
-331
-570
-977
954
-410
-391
574
-959
-613
-639
-419
-630
570
-951
-174
711
579
-852
-362
-818
-245
288
43
176
183
-961
570
-556
804
-220
-780
895
-253
-737
635
305
-239
-844
-71
-993
-347
502
-2
809
-509
-692
-137
216
685
-546
921
838
873
222
-258
-231
334
773
630
-931
728
-983
-546
285
-869
328
974
686
420
883
-324
-135
-214
522
303
306
548
-832
414
-631
-220
-293
-378
749
513
-822
26
-344
-766
707
-155
587
214
-632
907
-714
129
21
-291
180
1
825
604
49
735
-401
853
841
160
-600
-838
-113
411
-698
-719
374
-683
-25
-315
-688
-312
-596
730
-320
978
-603
-641
430
138
748
-516
230
909
-790
267
573
-538
473
-365
-126
669
-72
686
-243
-298
-812
-451
967
-534
537
18
-251
-525
-107
202
-174
288
85
-498
-425
552
-529
430
426
92
139
-34
-623
613
-178
877
-431
-867
676
-880
919
217
-487
382
-222
100
101
-828
539
935
994
-583
-237
579
-37
859
535
-15
-558
-856
-926
-639
-290
729
-768
528
592
-775
554
517
864
83
-590
521
-823
-983
285
-954
893
753
-120
872
-986
906
360
1
-629
844
146
-23
971
285
803
-14
312
352
782
-567
211
-359
-944
712
-383
-981
-895
-983
631
946
922
-619
-281
-180
-115
-917
438
705
-587
-148
585
308
315
770
236
866
-622
673
-290
-72
784
-826
461
865
-183
60
425
236
-55
893
-600
268
-162
293
309
329
704
-797
630
131
-994
-711
713
-953
-186
-766
217
-117
241
-525
531
-461
-631
170
-321
614
599
131
926
458
-723
698
-545
-421
-195
-166
-547
-37
676
-172
233
-268
-249
219
-129
-551
-952
-212
839
858
853
140
203
-554
-675
969
-992
443
-576
290
291
-807
978
-445
-703
-652
-501
920
-685
-296
-802
306
-652
-649
180
-408
720
-18
916
533
-422
678
-174
623
810
-26
993
-24
-462
821
-474
-355
652
-963
-901
-820
-222
-469
-116
-430
697
-269
97
802
826
369
184
210
-722
586
-641
-912
470
-783
-389
-303
933
869
-472
-230
-854
-361
-386
184
477
-742
-580
-519
277
-29
-221
-307
-204
176
-46
439
-80
-651
-263
606
863
849
476
-479
750
79
342
-57
-706
-375
-921
-749
-580
102
796
-346
811
-572
346
-561
-321
929
662
221
489
-141
-828
550
586
216
-470
368
-218
-505
-97
44
135
725
870
-798
971
196
385
136
731
-650
-12
-132
-648
-481
-536
961
996
-792
-888
678
-838
-592
-373
-239
492
781
-274
-293
727
192
653
-91
-267
407
606
-407
943
-612
939
219
460
-358
-726
-434
-966
-657
-422
979
792
61
492
748
493
-117
-212
-50
-615
857
-902
485
407
545
857
145
-405
-968
-732
382
445
707
-840
530
434
-89
-238
240
804
216
-187
-663
-450
579
-776
-558
-347
24
170
-784
406
127
-189
-768
-424
-116
680
419
254
60
714
-505
892
-833
652
-527
-494
-704
-737
-667
74
79
540
328
10
-673
-658
45
-537
299
-439
-276
-74
-972
347
929
720
598
77
-368
657
-135
-955
-186
125
-910
252
-550
-880
-599
823
-877
-624
-442
788
-797
-126
405
243
177
-619
-424
398
-267
222
316
791
76
-575
-925
-756
-69
-134
-288
-151
-353
133
-542
-677
723
128
999
-100
956
570
658
656
94
-712
-248
123
-830
388
-589
93
31
-382
233
-917
-540
-703
-41
-774
-840
666
-617
-758
-360
25
482
734
-849
245
638
-780
709
-979
-553
-27
558
-944
236
250
675
-887
849
104
94
870
-446
-149
94
435
951
-101
139
248
-702
172
307
-708
-507
136
819
996
-79
865
-159
28
906
-394
582
576
166
228
825
-617
-924
-458
-314
77
-855
-6
-322
988
693
-351
264
-970
980
755
-91
930
-175
333
306
112
5
392
134
58
-467
663
-6
378
-726
-147
-24
-510
-591
40
-148
76
-222
14
232
-786
-90
322
644
425
-670
691
594
-577
-295
-622
672
-338
397
894
-330
-243
6
-947
671
-670
139
793
-236
-882
428
820
756
358
99
682
-688
495
447
-622
-446
-172
-656
-752
638
711
737
-262
849
-958
622
373
150
696
-889
-773
919
-18
381
-677
225
687
-262
-738
-624
-416
-691
-543
745
-671
-910
148
135
-995
-528
621
-452
-274
-548
-326
-551
175
-388
17
-310
-208
-491
-714
312
-256
277
-55
98
-582
637
936
-762
-546
-682
-344
248
282
597
828
-299
-187
841
-912
-30
25
688
-427
221
506
-407
952
821
-73
645
-975
214
444
919
-763
-916
-303
250
-711
-951
-717
-878
-156
-143
733
666
47
-110
-541
269
-453
