2395
3
956
-457
-450
-464
-339
-560
-589
517
-701
216
572
256
-568
25
-287
-519
-831
287
151
-20
-372
516
52
-863
341
-392
-2
-774
-329
698
929
744
-449
-331
-705
394
-707
729
177
900
980
532
460
-728
-495
-291
159
-381
408
253
-7
-202
601
-501
151
16
770
-173
-405
580
590
-622
344
572
843
976
250
730
-903
522
-190
-665
-306
-438
-737
-6
615
-202
264
102
-55
-397
518
-352
-298
579
-961
-4
410
-558
-227
-637
629
536
-851
-93
-765
-340
-909
-141
199
-570
266
-399
263
815
-151
555
32
-920
673
-682
377
307
788
-770
-666
-431
608
-902
-61
793
88
-869
432
930
-365
-831
348
-627
109
202
154
418
-196
-1000
193
-426
-978
190
-497
-442
94
903
813
322
-75
-990
-115
313
-979
-450
-945
-356
-416
-738
-60
-334
447
74
-390
952
94
498
-362
-990
-803
910
688
-669
802
-57
168
821
-78
-484
118
-875
-482
562
367
-690
74
524
708
-352
-727
722
756
637
148
465
-863
688
889
431
-784
-134
400
-791
714
154
729
299
-48
392
-847
123
315
-241
388
754
305
917
636
936
100
-344
-521
363
260
-282
-601
380
-75
489
754
950
139
701
-598
155
-895
575
-633
-691
90
-923
-144
-234
190
-780
-711
-283
-858
-719
-345
742
307
648
-578
636
713
242
-341
461
-839
-121
-706
698
-645
688
-226
953
-374
247
465
946
378
-179
579
610
-107
520
99
-161
-638
247
-994
-647
-601
804
-221
441
-363
-411
-315
553
-446
-226
-1
-560
789
-730
-191
-216
-167
-236
-151
-995
-556
-905
-35
-44
674
-433
245
-747
-150
123
-571
-745
626
416
-408
-969
14
274
-504
-764
-220
434
362
-294
347
981
-697
42
-414
-628
516
-878
669
373
419
-962
793
-866
66
458
-111
-527
674
-78
937
368
290
-839
-600
-530
361
-701
115
264
-509
-321
963
318
275
276
-40
130
-26
-954
552
140
-488
-603
112
-249
496
851
-357
716
-218
-944
816
-839
-187
132
-555
-291
-84
504
146
-622
702
-767
-271
632
-311
-951
-895
906
-924
-516
-455
-1
-207
-675
-231
528
-686
-669
-483
-543
-185
-477
-757
-35
902
-405
-357
146
-364
-169
710
-346
-385
-908
823
-347
462
-977
959
-56
48
985
629
-460
-959
938
-263
-756
187
-594
809
675
-455
-848
701
466
-265
82
285
-398
-75
-170
-909
967
874
-724
-533
-614
-938
665
-137
-207
719
-32
590
588
-963
976
164
831
-767
489
549
887
-528
-117
-693
-917
733
-994
592
145
-796
-968
-371
969
-684
-290
624
762
452
10
-788
-489
-762
565
218
-818
-152
226
-466
-627
359
983
-843
225
94
232
-439
-372
525
546
647
-830
-219
129
984
-239
927
-466
-693
890
-20
-536
-12
0
39
-979
-915
-500
743
678
378
-918
369
157
507
484
282
-997
475
346
-503
434
-442
26
203
564
-345
449
-560
-481
222
-338
-445
757
49
847
-392
-932
-758
571
845
-706
398
315
-925
-674
-691
-315
-106
-280
773
87
743
-909
-575
-51
-549
647
-449
-449
12
485
-33
825
765
-217
360
-1000
539
-364
-140
-690
79
816
-164
99
944
-402
-66
712
726
-749
-166
873
121
361
-115
-754
-632
204
292
-723
757
-476
-622
544
-307
992
-852
-97
582
-101
546
-38
673
-2
968
-298
-130
-958
-381
113
-513
-496
767
178
421
-921
-244
162
-474
280
858
17
801
929
905
-761
-728
-331
-285
-488
795
757
-283
-941
950
301
-376
-585
768
525
-994
-541
148
18
632
664
989
465
-731
-84
219
-977
548
350
-62
-128
-678
802
-319
-934
-545
776
96
357
835
189
34
481
-738
733
-998
996
581
-798
330
575
441
-962
407
-357
793
-814
808
-555
951
-631
-130
-156
-312
-204
989
-477
661
994
583
543
47
-773
842
94
-65
681
288
122
220
164
821
-951
901
840
390
-534
-658
-986
-12
-50
-553
-988
-361
-559
296
-207
-865
340
649
-7
-410
40
-547
321
226
-968
383
256
-282
-445
-315
219
664
581
993
-117
621
930
743
204
801
510
664
-827
-653
908
284
-769
-548
-720
15
19
752
-509
-926
-843
-835
675
-878
-633
320
36
118
731
440
807
289
-151
930
358
-888
-263
627
-871
174
-242
660
-808
234
-896
-713
237
-6
-637
40
900
673
969
-241
-221
-964
-239
386
160
242
-278
760
-412
457
-856
-424
250
-586
-447
-529
-509
-916
229
64
-167
966
184
-891
-770
-657
-754
228
336
62
561
270
-613
832
338
-367
412
-787
186
364
-610
509
827
-893
-285
-685
-936
968
-49
-537
797
-151
180
130
-867
10
-250
930
678
663
-389
-994
-589
603
369
-349
574
-465
507
-292
207
-326
153
416
166
102
-28
-923
737
-541
-285
-765
-774
85
-100
-636
-928
505
906
423
-495
-875
-408
-733
-639
557
-377
-871
89
-559
466
-462
-945
-61
-229
-601
-611
599
-783
-560
-479
-796
-351
980
225
791
486
-993
-232
-138
911
338
-911
-766
-693
-925
-465
741
435
725
679
-789
884
451
476
-386
-377
-938
164
-599
-625
-809
-293
-226
-657
669
-620
-317
981
-745
-201
-218
903
-986
108
-542
-376
-622
419
730
-137
45
141
577
-603
628
-854
-740
-271
-799
464
368
-31
-802
564
-187
-609
-284
-183
-468
-354
-415
914
-819
-713
472
581
-440
-924
754
-17
-819
-792
-173
-146
-504
826
840
-258
628
380
923
-493
-704
-692
489
0
-770
742
731
-381
-664
-509
-912
157
286
883
-212
657
890
371
-359
855
-571
-838
988
-546
-894
678
67
-484
968
-626
-966
851
365
-397
428
291
333
-248
-585
-379
-902
-597
-456
283
-643
-481
646
930
-21
471
-902
609
-604
-895
812
-159
-316
-371
-167
-280
332
201
-384
-205
347
810
476
544
805
-647
859
806
886
183
-706
305
480
159
-183
221
-481
887
-518
255
-802
-223
-586
-357
963
-396
-817
-635
-811
546
-894
-713
510
-170
44
172
-949
-659
-723
279
-608
430
-284
-845
808
-714
874
999
-646
-476
-932
213
-200
-834
895
-576
-671
238
248
-280
182
-259
-957
-92
42
-997
289
-86
306
776
735
989
412
-911
641
-300
-756
234
-803
-317
144
996
-252
968
53
-116
763
165
804
-352
-824
-875
-492
526
-983
-820
227
555
701
703
543
-259
-330
141
-114
-506
-586
-823
-35
-515
-746
469
-602
491
-10
-228
314
462
-898
76
190
525
579
207
83
121
454
725
733
236
-474
79
309
514
-186
-902
858
-976
664
101
-846
-91
-695
977
-418
203
150
-427
-725
618
604
171
-939
186
-418
-357
-618
-398
383
-207
-52
-286
31
-739
361
-39
-46
-585
996
-348
556
765
-116
500
25
363
141
-69
-7
342
779
-638
808
-203
859
-998
684
-36
17
829
39
-762
-108
752
125
366
654
-760
-113
826
-672
357
-746
-379
-46
-1
779
-984
-649
572
450
516
95
268
40
110
-922
81
577
-313
634
-802
372
-489
121
858
435
-426
873
-95
-335
759
594
-408
-584
-271
-698
-629
-877
602
-272
36
406
115
634
170
14
106
-168
-316
-222
528
946
-872
-888
-552
-608
5
69
88
-611
601
-852
752
-946
-256
904
-444
-932
-86
181
-537
924
167
-392
-602
368
897
734
-946
935
534
-30
955
47
-623
152
846
539
116
-921
809
-353
644
980
-54
-680
-591
-375
435
361
-463
-988
354
176
-168
11
-798
455
565
-882
-868
310
-132
645
587
-443
843
8
-997
63
-852
846
93
-93
182
-724
986
-300
720
479
721
-512
547
981
-577
238
-597
198
330
736
10
496
474
296
137
976
-251
983
796
604
-475
-479
-288
-724
-185
-996
-285
-502
291
454
720
95
19
-986
-282
-532
354
-773
-28
-726
-541
866
-748
-391
299
-205
577
165
588
634
-58
-633
271
-381
292
520
-308
62
319
272
281
211
-442
-468
-355
575
-371
45
688
-996
-391
-259
-143
-882
-649
-227
-493
282
601
442
-779
497
270
591
381
122
285
-45
32
574
862
50
784
461
613
-854
-734
-834
-645
-708
-453
291
587
-638
152
-101
38
-928
534
-687
756
291
-204
-255
88
-250
99
331
-946
-877
-442
80
-413
774
-308
697
-559
-3
-920
952
-746
-388
9
806
-688
-114
-565
-245
-313
709
793
-917
-9
-958
-532
-514
-632
144
-795
88
-949
507
963
-617
564
-338
-254
-964
879
954
752
-864
848
-846
173
823
731
659
-50
-974
716
-654
-274
590
-699
397
242
-326
-542
35
-585
775
937
847
475
200
499
719
-380
-56
386
692
-575
-406
-353
82
171
-708
-431
615
823
-827
-565
521
-789
-803
-78
23
298
-724
41
-735
-130
234
540
-156
209
582
-394
717
440
-174
-801
-145
253
91
821
192
231
87
-187
-147
-984
-249
-906
-994
867
-900
723
197
-41
934
115
623
-835
39
519
-739
-406
-298
-593
-868
-703
991
-55
832
-583
-153
-537
-64
-971
-722
-629
314
390
349
-622
-569
10
735
619
-775
-146
892
99
-15
-696
928
574
-690
-534
-997
19
207
-157
-47
900
618
-104
-15
649
-619
-902
-285
-424
625
932
763
515
54
-428
10
-49
505
-765
-221
-404
603
83
-117
949
731
180
-806
486
252
242
-2
-939
593
-977
334
191
692
-183
-68
912
38
-617
964
413
-592
-43
17
-414
-935
858
-769
-637
528
-270
-405
593
265
-675
70
588
725
-861
200
-145
921
914
-190
-211
897
-539
588
293
-979
-445
-356
772
921
-190
808
280
331
-106
-157
221
-522
-599
643
-90
59
280
292
409
911
-664
709
-217
567
548
207
870
303
948
998
461
459
763
920
684
-315
941
-237
-698
965
-949
-205
156
367
-67
-519
-297
-123
-790
-473
913
-579
311
-937
528
750
-790
60
480
20
-535
976
-372
451
180
-980
-663
983
540
726
-113
522
319
325
-907
863
-143
640
936
-868
-409
-508
-905
485
803
196
-946
498
-184
123
318
-414
-439
397
53
-983
-462
187
911
725
706
917
552
-482
-380
698
204
-500
968
523
222
-173
947
-530
737
-7
816
175
-714
-248
881
112
307
430
118
-160
300
49
808
-374
801
-15
-381
132
-284
918
-850
-200
-59
40
568
-928
364
-322
769
-918
674
-18
994
-613
604
-494
-550
-928
724
-804
790
-913
-58
-368
827
492
405
-896
275
904
55
501
514
867
-572
-424
-507
-62
-442
625
-186
364
189
759
-3
-882
-318
-490
774
159
614
63
-37
-499
-170
793
191
982
-307
837
263
243
-890
-417
948
-818
-4
768
465
-43
369
449
709
23
-649
282
310
-901
-850
56
-933
480
-645
477
-517
382
-479
384
-329
-421
-242
-586
753
-374
-27
-199
-360
574
435
-188
-943
429
-768
849
-892
79
-364
-583
-65
-378
884
971
75
871
56
-248
313
518
-678
986
-376
992
332
-187
-521
929
-826
-810
897
-889
-100
664
-550
-674
680
149
-316
-503
-855
-599
-898
274
-473
946
250
265
-31
612
954
-311
85
698
-26
488
444
967
-964
-691
-49
202
4
-181
778
527
-737
-916
-372
-830
-500
-151
-952
-2
982
-635
-165
532
-962
-246
730
903
-256
-981
327
-748
-940
-264
175
463
708
-96
580
905
-891
-911
162
-50
-812
-437
-96
442
446
914
-666
-852
-229
-750
709
-542
456
653
-602
-588
-784
-944
739
253
135
-364
28
115
-621
-385
-136
952
135
-613
921
-55
877
-833
137
-477
239
777
726
150
-158
-467
104
114
47
631
-101
-850
-849
220
622
199
-813
655
-506
805
317
463
-545
714
799
589
545
-45
-146
-980
-581
-351
-110
-719
-338
913
-99
522
760
-425
-187
-181
92
-886
-432
979
-69
-712
-885
-787
-751
538
-713
610
30
-685
704
-4
783
-798
-485
246
88
-330
332
-385
-207
-431
930
-147
-374
-331
-769
526
-292
-980
775
-71
-274
-764
-636
-893
545
598
883
734
776
-169
304
124
-953
-424
505
417
406
40
689
-618
322
-790
-285
778
-958
-399
961
579
865
167
648
-878
-468
285
-110
149
345
93
-393
757
-574
555
768
-816
365
618
235
-655
121
779
-892
155
-905
47
870
325
-622
-338
398
975
-675
465
-569
-222
616
649
-936
-266
126
-350
806
-643
911
498
247
876
404
-180
133
-902
36
-47
426
625
-430
230
-850
898
625
800
-85
101
917
-196
249
-643
311
-741
-549
-374
-635
-838
-108
408
-973
832
567
389
-718
289
331
656
-821
864
-553
-227
-727
-159
495
-971
-464
572
-933
730
-467
-515
304
-984
-580
-584
94
-218
224
793
-346
-852
-461
-486
325
191
-742
-370
-31
-504
-733
907
702
98
-706
261
-514
402
-619
-348
-861
-527
873
-713
738
661
-37
-846
678
926
-732
387
318
924
658
195
-764
-99
-193
776
-485
