5584
408
-974
-198
624
154
424
923
595
419
851
848
171
-285
-312
-76
892
-619
277
405
866
229
-605
-705
-801
-865
136
835
243
486
393
948
356
-771
-932
-849
813
821
475
468
610
-988
868
-923
769
-2
862
169
996
51
663
718
-973
-603
440
233
-569
84
474
-261
-935
903
753
-894
313
-711
534
488
363
126
291
380
523
-127
-824
-420
-383
-357
-54
588
880
546
-21
805
-440
44
-795
733
-565
62
159
-322
-211
-843
706
70
948
-656
662
-549
-81
664
-283
185
195
462
-63
841
224
991
497
-65
659
166
-746
-704
-459
-114
92
766
896
-606
957
786
-207
228
639
773
297
-474
14
-661
221
-536
964
684
-434
782
340
496
-397
-915
-522
-57
930
35
-532
-686
-659
16
-77
-879
937
-652
-810
586
-102
-746
-707
755
539
-289
754
-100
-951
433
148
-132
-33
39
-508
214
-772
-646
397
55
-352
236
-751
431
214
293
-274
26
59
-856
383
490
349
-846
415
195
-114
126
-72
546
-856
-137
-151
-709
-326
-373
-665
30
-383
-743
234
628
-350
-953
-568
-276
243
-942
111
445
281
914
-356
-505
844
169
-119
-566
7
361
50
-654
572
-17
184
46
212
288
287
924
-844
446
-270
754
-325
662
774
-261
344
-902
-276
477
-216
-378
-64
83
685
33
847
-196
938
738
693
-626
-278
-916
-636
-200
433
-168
321
-796
-517
-866
-72
-971
736
-161
527
-78
-183
-543
-264
894
-132
-120
801
740
-222
654
-859
-164
-118
799
565
492
-89
-877
-879
-466
756
-264
192
74
-296
-84
560
592
581
324
-297
964
-758
332
-824
134
648
652
-671
-868
593
578
-848
303
-260
962
-586
479
853
359
-604
292
-110
308
82
546
-591
-436
-849
984
668
794
370
245
-961
-546
782
551
480
869
277
-319
28
228
-45
872
227
128
-885
-869
938
-644
464
813
-402
368
-535
-831
744
275
-41
-304
-276
341
579
89
-277
28
-544
-234
713
-599
208
614
345
-747
-525
893
-812
573
714
532
584
487
-375
-482
-643
560
154
521
-589
-524
590
-291
263
761
975
-540
-284
-903
-766
454
167
634
184
352
139
-37
51
256
626
317
181
-417
997
203
-541
443
-238
360
921
640
373
852
-856
-333
402
-310
330
475
494
-887
-794
-532
-595
413
-113
81
245
-662
871
517
338
308
704
238
947
-931
-781
-825
66
-356
-6
505
353
-538
327
277
-640
300
168
240
-485
-63
914
220
-433
534
778
958
-67
532
-317
-735
727
-794
-655
935
360
-288
732
263
816
-625
-272
-248
-819
543
-479
-72
933
83
-276
89
512
388
-967
393
-894
889
797
-852
-90
-448
203
152
406
854
698
205
871
-631
978
863
-559
-441
-960
209
-916
-894
42
-48
-506
899
364
617
-815
-473
240
-248
-326
986
-501
-402
195
351
804
-162
-429
186
-607
420
595
474
698
450
953
-522
-2
249
369
291
4
864
199
815
-390
468
-910
893
665
796
266
653
282
-456
-358
-57
-991
934
-559
516
-761
-400
-942
426
503
181
-69
-318
654
370
706
-201
261
605
651
749
634
-18
-121
-229
234
811
279
118
-964
398
558
508
567
453
900
90
627
-171
791
-614
-867
-628
-837
-339
868
434
-990
-335
416
-949
-505
767
194
-468
548
708
182
295
708
89
-586
772
19
337
920
382
-95
-914
-600
200
853
-847
864
218
-194
924
3
700
597
949
857
-771
-722
378
-924
128
-610
60
514
308
614
42
-53
591
-755
490
666
-602
908
-251
-263
956
-254
656
5
580
312
819
-496
-652
223
-248
389
456
245
-222
54
960
-569
200
993
-968
-976
-196
833
930
16
-308
705
-463
472
-76
-421
-188
-943
-547
-753
-530
-180
-954
287
-898
-668
158
823
-880
48
955
-598
255
692
747
-633
53
-377
628
794
-464
-864
474
-273
947
-167
-643
994
-58
966
-613
-190
-453
431
-487
660
911
24
26
3
-152
33
825
996
-223
986
-55
-168
463
655
279
-373
-753
-47
376
-246
767
-572
709
-319
-443
613
15
-558
208
-876
992
930
-551
399
-992
-227
565
-897
448
666
-406
-933
695
969
923
-630
-985
344
-622
-905
635
5
329
829
-561
-114
-506
433
300
-956
960
-737
-881
-386
-558
-83
356
394
-773
-452
164
190
-578
-148
504
29
-947
751
-647
997
142
-202
-186
708
-569
999
993
-613
411
-752
791
-629
465
806
377
796
269
-810
-933
-931
909
-948
105
-443
2
-590
449
-8
-615
304
609
933
-923
-142
910
412
-613
439
510
-99
458
133
-637
-693
-140
90
-348
144
-130
622
-647
-22
-944
-620
738
147
-951
479
165
270
530
545
515
13
-179
991
470
-176
-598
576
-167
856
661
692
964
-599
-16
-366
594
206
697
-759
209
790
7
-424
-619
-164
-762
-119
441
884
77
-681
547
-671
-296
129
835
-956
-873
-473
808
-721
-494
593
815
-456
999
95
-439
-7
-334
491
903
-172
-536
443
-556
-509
-641
578
192
637
701
278
-955
-299
-196
-836
968
253
-281
511
461
824
-76
-272
663
-660
-674
-232
-821
566
45
-600
-625
920
-124
1
949
797
-153
-960
686
62
727
257
45
-675
-404
-652
-519
-83
-98
637
126
677
-513
-123
32
-566
40
-929
317
-983
751
709
686
-522
354
704
-230
-642
547
310
152
9
-705
685
-818
-916
524
606
715
107
527
581
445
779
-168
997
-305
580
-949
328
-557
214
875
484
-216
-445
-732
441
-792
890
-91
-681
-719
-636
-247
-451
-322
535
-527
-740
-287
136
31
-198
-273
-371
689
-990
-920
752
616
-504
-671
128
85
586
-512
-926
431
18
531
933
899
-679
-418
162
600
566
207
386
557
-957
-561
857
146
896
184
-415
224
225
845
-382
-58
226
-741
332
385
732
-134
-441
-265
-161
303
354
-257
-961
-894
-984
-415
-277
502
-944
-938
504
-294
-957
507
-628
348
153
312
550
-603
236
-409
-469
468
670
-493
940
-357
-297
191
339
928
-218
207
108
-863
-648
-281
-607
728
-857
-305
-771
-714
762
-945
-862
895
-518
-99
-555
673
724
608
-329
978
-790
367
287
-58
357
-101
-477
922
-987
-458
998
-448
-40
-33
-661
-841
793
748
-233
-971
272
850
949
-412
440
963
323
-825
61
-412
217
-952
-572
-198
506
-177
-987
-287
483
-432
163
-391
880
194
-4
797
942
472
43
465
11
-770
-101
-377
457
-719
-762
46
-190
395
588
-600
-234
633
335
-985
719
-661
-997
179
837
488
387
-214
-34
460
646
52
-35
223
881
-926
443
-718
14
931
-557
-616
762
-749
983
815
52
784
289
-421
880
-695
788
-803
76
-874
-544
645
-710
-241
-317
65
-740
-902
541
864
-194
-29
-611
647
125
266
-873
-305
-730
-492
-73
-550
809
-273
-866
272
827
-489
27
538
-197
-67
630
-678
364
-134
-443
261
833
464
-63
-514
8
-487
-637
705
-403
-49
-520
40
159
695
-428
941
815
666
-93
925
-204
-686
-294
-443
828
685
-949
780
-643
849
151
477
90
-3
-882
47
-447
183
-349
258
-175
-889
859
632
968
639
-205
910
-934
37
-543
-442
655
-801
99
819
-685
-230
836
527
-271
215
-563
-964
-743
275
-488
725
-802
-559
-129
-655
637
198
931
4
167
-688
793
-79
831
-460
-705
831
-801
994
-676
-457
405
-344
293
-616
-21
-928
-197
615
-140
294
978
-234
-846
-293
717
223
-907
575
741
718
350
862
840
280
-207
-118
-786
764
649
-592
135
-715
981
762
-799
809
64
160
725
-351
911
540
-608
-492
659
-215
-912
786
-674
-857
900
187
-782
942
-794
58
-827
-133
-59
305
-863
28
858
-702
520
-140
316
967
-204
-708
319
-226
876
-265
-329
-971
-925
255
395
-850
-981
-95
-619
-977
-793
226
742
-440
813
557
693
194
-806
-854
-424
-367
768
924
-149
293
811
-121
-275
867
881
507
-533
491
-553
-526
564
197
-128
-734
27
269
-992
-992
923
-8
-49
306
-235
-734
586
750
-364
518
-845
-204
882
377
40
36
259
-477
609
382
-49
459
-989
-219
-450
-226
578
-770
-37
283
931
-149
811
94
543
638
615
-889
-637
988
404
-410
-380
-336
-28
-474
-63
-983
806
-29
161
274
-136
105
-918
-389
-740
826
-445
-151
-407
-564
-686
-681
-24
-339
975
407
143
-541
986
-791
43
581
-472
358
-922
591
-40
809
216
-410
19
-629
-183
137
-558
-422
884
-209
906
-426
216
-13
82
360
648
345
-251
-33
610
284
-221
-585
957
325
114
-264
667
-998
-831
585
-994
-192
-451
815
-249
-81
797
102
-567
-719
-8
154
-596
-794
887
706
-402
-73
372
-6
900
-428
561
892
430
172
-746
-630
472
825
914
-501
412
198
914
464
-59
-930
96
897
-417
-637
-685
136
-6
-937
500
394
-419
570
337
-515
-328
-320
-662
59
289
-642
-696
802
-544
-143
845
693
38
764
-953
818
568
-148
-785
-112
-566
-503
-226
101
-570
-357
798
-350
299
662
14
-420
210
-620
496
-504
-948
-162
-164
546
120
743
920
-247
-79
20
-257
266
-461
-85
-563
-840
270
-936
-19
-571
-221
-746
697
-320
-389
-176
-479
-485
-489
-348
488
327
-430
384
39
622
-93
-291
20
-435
719
452
990
-756
763
-287
831
572
-577
-509
148
-724
-251
-580
809
391
-319
556
-739
-435
715
-716
725
588
-137
489
957
188
358
744
-728
-620
-507
-256
-760
316
-973
272
249
752
-879
974
840
-915
-622
-831
978
-741
-383
-948
439
-937
129
696
-227
716
-785
124
688
-258
68
-724
-617
-782
-152
811
-846
-723
-560
-3
-129
-936
696
558
-164
-931
715
201
-521
432
95
-282
82
941
-754
980
882
202
750
-578
-810
-728
-366
108
-380
-804
-694
-743
287
420
-634
525
245
-232
-296
-250
-491
815
246
296
525
731
127
382
258
-430
-651
459
-7
-982
808
562
386
495
-188
750
-348
532
113
559
-637
-587
-728
786
942
-380
-187
-853
885
-728
135
417
120
-578
869
-681
-549
907
-533
227
966
-385
-383
-644
-232
679
-339
-299
-645
-864
559
-368
-622
915
778
-927
879
-319
-381
-464
946
396
-927
58
-708
-289
757
-75
-446
747
915
-914
-724
-896
-882
-31
717
-364
-799
484
-739
-541
-854
-831
-415
-61
-31
-226
604
-510
-138
-118
15
638
201
294
-211
-463
499
957
650
343
130
-767
-239
478
209
-76
-637
393
293
-63
269
-255
-252
-219
419
-408
-207
588
-919
-197
-894
268
849
-253
-77
-232
-146
200
-957
-46
247
851
-501
289
7
-450
431
-918
-991
-597
-691
-706
-128
30
547
560
957
87
429
-655
314
416
763
666
651
-1
849
-315
948
888
697
233
301
67
131
-640
387
-587
844
534
-456
-626
396
720
-934
-946
441
-329
257
20
618
-576
-702
-171
806
297
897
-555
-710
561
-173
-730
-535
229
801
-710
621
275
-984
-234
-548
188
430
-379
-297
-85
-353
-779
-772
-515
293
-493
-677
780
870
-706
245
476
679
650
-784
-16
-657
324
407
-758
678
-931
350
-674
-164
21
-524
-559
-730
-587
-159
179
-862
952
-977
-842
-644
-649
-236
-310
-358
-112
-995
279
914
34
775
710
-341
-152
455
-707
688
-929
538
293
-495
-378
-538
-519
-300
353
847
-868
585
250
-203
-953
107
773
-341
95
370
-627
-621
-65
-283
352
820
-809
540
-284
-915
-735
-380
-459
-172
331
348
-803
-697
678
-180
590
308
778
-42
127
-652
324
-492
464
-47
-99
465
-501
-535
328
292
249
-741
-505
758
878
-866
-22
117
291
928
-970
-351
462
-260
318
179
528
357
817
910
-389
783
-32
-467
-259
717
-167
236
-675
788
-604
691
833
847
122
-131
-358
-516
493
423
-595
-573
-855
-765
-578
359
5
524
11
53
581
84
18
-742
127
-374
896
449
-185
-617
743
-807
-630
-969
267
804
-12
-891
746
-340
-418
-738
-298
-335
39
936
-384
-450
110
-356
306
-775
-823
238
88
952
629
-179
588
673
379
54
-82
-102
875
-13
-740
95
-824
-751
83
754
544
175
450
893
806
914
-393
-813
-339
-139
617
-60
-813
270
994
815
327
-20
-730
-46
-391
268
212
797
717
635
-952
308
748
38
-150
35
839
-771
135
28
-392
-586
521
-21
-601
-803
-714
603
213
249
434
194
761
-566
930
-345
517
-689
-33
724
420
388
978
-746
-334
248
994
-591
711
764
-9
689
-222
-40
42
-101
-209
664
-725
274
-476
51
606
-763
910
876
643
-987
898
561
-463
-971
-990
-783
-945
-774
-865
-805
-849
866
-426
-303
727
-111
-344
443
-580
-138
-135
632
349
556
-395
512
-855
-580
-342
-876
-849
656
678
871
480
-350
814
-138
-845
915
55
-670
821
-344
-155
-497
-822
-881
478
724
-476
-801
-518
-13
591
765
554
323
759
-693
-527
952
55
731
675
325
-833
17
-983
439
833
-954
478
194
680
-135
-502
-886
629
-192
-456
472
951
-564
997
-596
390
666
936
-559
317
-970
152
156
882
-54
-433
-866
-510
932
-583
329
-66
614
56
-449
892
-521
-408
-746
-116
-601
-342
808
248
-849
-449
-697
-714
839
-765
-946
-211
945
-461
-558
-542
50
-84
679
238
-15
-62
-721
-803
-808
-439
-227
502
680
740
-776
-942
393
680
-37
75
-610
155
281
-14
-793
-946
302
-403
176
197
-560
-437
631
47
980
965
411
806
861
-684
-161
-843
-128
121
-258
-255
179
-804
361
405
851
180
-676
-594
-619
-865
-338
815
148
400
-425
114
649
-205
-996
-308
553
301
310
732
-152
-364
-272
-736
-389
-248
159
-477
267
478
572
-441
-58
-857
701
-821
-321
897
34
825
-123
457
458
-289
-894
-900
-170
-873
-486
873
-219
325
627
-220
783
189
-269
-87
558
-97
-907
-341
533
-944
182
-711
196
822
-292
-245
500
-433
-779
-81
-371
-177
-83
938
408
-860
-230
781
-642
711
738
326
623
930
956
480
-882
56
148
-472
-631
198
-793
588
551
-428
894
-334
171
-633
-888
435
-283
342
-656
242
-649
375
478
157
-108
-42
-327
-657
-124
625
538
-353
-491
403
-20
-296
-868
-37
431
102
-983
-184
251
186
344
195
290
-886
148
-55
750
-888
-10
564
330
285
427
581
-499
-590
-909
-816
272
-549
-922
147
-191
273
817
644
-704
-70
942
231
967
246
882
-423
550
-423
143
843
156
-928
458
-162
-526
-910
135
760
-655
709
-224
-975
-284
457
436
-899
936
-523
909
933
-289
-4
442
4
-700
795
906
155
777
274
-358
369
253
-51
-90
523
-919
-578
-244
500
-663
489
-370
-583
744
172
-443
-733
-236
-584
-557
642
464
-64
-863
-141
328
717
487
190
799
395
-342
-402
133
-444
-337
-531
197
-633
510
92
-518
-203
609
156
-687
-408
-404
828
-551
-432
-329
879
-649
634
215
-55
102
-17
779
534
380
-857
689
-137
-984
921
-232
-646
-232
-304
641
-236
-10
315
479
782
-254
865
877
234
-245
670
62
912
-713
399
-848
873
899
-154
-150
535
148
-805
-508
-177
507
-497
-330
980
534
285
953
689
-876
720
-103
323
337
-437
972
-351
463
777
956
376
949
-862
224
327
177
966
-919
548
490
-823
152
-150
737
-853
893
896
-123
499
-134
-714
261
-377
-59
-498
-528
-982
333
-795
-536
-909
-556
989
469
-122
267
584
502
578
75
-637
-797
550
-609
733
-18
-352
992
498
631
-988
520
-280
-225
133
919
-747
-572
83
148
-805
-997
-271
-981
-510
939
289
-475
-160
-458
-401
-683
247
-61
-585
303
747
-314
-460
467
78
162
70
-953
394
-219
542
914
747
929
841
-363
838
-470
679
-76
-614
155
247
802
-14
-749
-287
171
483
333
463
666
-248
846
840
-581
-568
456
-821
891
513
-661
741
-837
899
74
800
500
43
891
104
-556
-198
-888
234
758
-174
-269
395
-560
125
-697
98
630
729
745
-621
-484
820
365
-871
-408
-400
645
-753
-618
-589
-556
332
-955
461
-47
185
-754
551
615
959
693
-187
969
-318
-135
-233
835
68
629
914
572
-217
-887
-699
-313
499
-622
-341
856
-528
165
-739
-189
945
652
-127
257
669
199
-877
60
507
292
334
554
169
-823
-586
710
713
-275
-923
105
-311
-666
497
568
253
-834
759
-281
603
879
166
-917
-845
733
698
829
185
947
-797
-853
833
-203
-367
-488
645
-204
-98
196
150
-527
-759
214
-788
249
-54
869
-932
606
215
966
213
-218
306
-848
-457
732
76
-869
97
-283
395
119
-91
685
-701
345
122
-672
820
-272
605
-732
879
-282
-954
355
22
-558
-670
-233
-225
442
290
350
-635
677
-705
-195
412
223
473
129
-177
822
-677
-656
-985
721
92
510
-775
-320
-620
-532
621
-162
-536
-69
-633
-285
101
-307
-188
118
-651
-740
-381
-576
-303
-347
-611
779
468
588
-942
394
711
-861
418
898
478
-139
628
998
30
-964
551
-768
-983
514
722
-693
520
-811
938
254
-733
-508
320
-877
-544
-970
676
133
-106
970
106
967
-707
-632
-377
98
165
118
-296
231
-177
375
-929
626
715
367
812
79
-417
705
148
151
80
-71
496
114
-432
-347
-732
416
613
-642
-694
-125
2
485
746
-220
276
88
-375
886
939
-829
252
264
499
-877
951
675
-226
-249
-314
-717
-977
-161
326
-765
-570
838
-223
545
-429
316
629
-960
713
684
-144
-243
-320
877
538
121
-170
-477
-977
244
-220
-747
-856
-149
-343
121
324
792
485
-852
360
-408
-572
-354
400
715
-203
-903
912
532
69
-430
860
-209
541
585
433
706
-379
555
750
156
387
-825
546
187
324
637
883
-54
-970
881
120
-890
432
831
308
-430
910
313
-464
-479
-404
-564
883
512
-961
-143
-624
-970
75
-961
-179
-173
-764
125
-357
694
-844
-651
-297
11
613
820
-500
273
-132
-770
18
-246
-877
-625
855
715
-78
-36
-776
-781
-695
-456
493
489
603
659
846
78
922
-612
-138
-543
-564
-377
354
401
999
-679
134
-83
942
192
-595
-89
-296
640
266
-872
585
-40
400
653
63
-189
-614
-18
731
347
184
-353
-70
919
-282
-240
576
373
-581
-721
-576
-125
-805
462
-615
679
-935
238
800
-401
-867
666
550
627
526
-991
839
-538
-420
379
-881
91
-180
956
56
-365
401
-345
660
-987
-317
682
163
-985
367
-217
514
-167
955
-814
-736
-799
-172
486
302
800
134
563
627
372
-409
-270
-775
983
528
505
391
148
-231
665
-628
-151
-832
-140
997
-104
982
397
-645
312
-554
440
428
921
-141
96
-188
-27
573
-105
264
721
367
584
-466
-429
-616
456
156
813
19
875
764
951
-74
-621
521
-885
468
4
138
-422
-225
674
695
-516
350
-596
-484
453
486
-334
-871
626
472
625
-765
-733
551
-897
811
931
-572
-383
57
466
200
-453
-587
-924
13
-81
145
-991
665
-522
-970
701
200
573
-22
483
-603
-249
-453
-485
-939
592
-709
-997
-159
625
-393
793
-258
783
166
-706
-118
542
186
-875
836
-892
934
-573
-120
-296
205
-815
-233
472
-734
501
-145
-774
-702
255
-468
234
26
-465
74
915
-187
51
-106
-23
726
974
864
770
-33
837
383
-955
620
-125
-399
-966
-241
-820
-355
577
-503
942
-264
-753
-655
-269
-208
595
804
867
-376
-841
-311
-825
-512
866
31
280
687
-518
694
-778
176
-409
231
676
488
226
849
-607
960
172
257
834
402
-293
381
522
-684
927
573
395
812
787
-810
518
-353
-145
-667
319
139
459
-12
92
77
45
668
-948
271
-29
-377
-476
-526
-292
848
756
548
-735
122
-135
717
-62
-311
988
332
170
241
599
-343
-396
538
-9
855
-393
748
-516
776
157
-163
-50
-132
434
-924
-22
264
295
-599
714
607
-843
475
643
-496
719
-931
-216
-613
-367
974
-21
721
741
-669
548
55
-620
580
-550
-234
-391
992
382
131
-239
-803
679
438
-433
0
-809
25
-212
-187
-915
-1
-341
28
228
686
-725
-816
489
682
-155
-555
138
-608
53
893
745
-820
-74
647
143
119
806
534
-338
432
873
-855
63
149
745
-292
-694
-545
330
-422
932
-728
156
-596
275
-118
90
-813
765
-363
527
206
702
876
744
-648
631
364
-364
-414
-172
874
840
328
-602
-600
896
179
207
324
416
-181
845
94
536
598
-867
547
854
-415
-303
-630
933
-679
588
-949
-797
983
633
-105
-800
550
876
968
-926
82
-944
-651
262
-833
-896
722
560
-397
-879
226
-876
177
972
970
-226
83
106
916
171
963
743
-388
-294
-58
329
-693
-515
-987
826
-851
-343
-454
529
257
669
-765
-64
-243
960
774
358
75
83
770
195
-893
453
205
-68
870
-155
-353
21
613
-846
-166
-197
300
719
-939
356
-737
-638
-493
637
-833
-517
725
-717
-120
-478
-967
-642
170
-135
828
983
-333
-671
659
-613
693
184
-718
295
505
-161
-552
579
911
-470
87
139
897
145
-685
-1000
-781
-236
135
126
-263
475
-162
670
-938
522
-956
-916
731
-44
634
91
372
-345
-976
116
-661
-891
210
613
-200
739
562
-170
406
-487
558
534
466
-150
493
357
-542
-866
827
955
-256
-341
-322
-555
-942
-253
-395
-208
616
566
-916
-3
609
215
-802
-747
-7
461
-856
38
-13
16
374
-36
-801
-861
716
91
809
177
-733
-121
590
975
510
-473
555
-815
504
-338
468
-231
-965
393
973
-645
319
359
985
844
270
786
844
-344
128
300
895
-238
-344
324
592
-170
-566
792
3
875
167
341
-934
-156
455
-711
-420
-411
657
954
-427
707
810
-257
-423
468
-425
828
294
-106
897
-549
-443
-485
677
37
92
642
-732
161
-668
833
910
-829
242
-882
-410
-810
-811
-147
-846
580
283
-684
-911
-879
-97
26
-807
984
723
-946
-996
-851
678
915
-378
-894
-462
-311
710
-43
-140
423
-266
966
297
820
-583
311
226
-794
337
-52
-92
-143
-903
625
-386
961
-763
107
840
723
389
135
-236
-483
480
-450
484
-882
-446
-598
56
-144
452
-366
305
842
101
-239
-809
-478
50
-363
-684
176
119
-60
763
-499
114
344
664
970
192
-117
-90
829
566
942
39
-441
750
243
195
-575
332
-918
704
-732
-4
232
-487
903
-549
-428
-657
371
254
236
505
483
418
228
-375
-265
113
830
-259
952
-243
853
303
326
157
915
185
-244
-638
275
-88
965
-604
593
908
-824
526
-67
-727
527
-270
142
29
-266
-102
691
-66
94
-68
-155
-177
177
57
56
127
256
-957
-688
-769
135
73
-912
446
386
288
-770
-253
106
879
211
213
104
-9
158
234
490
-931
-616
-230
515
-378
434
160
-756
750
522
-979
760
-844
301
-712
822
-250
422
214
159
212
-251
-446
336
-653
442
-7
577
-559
-303
948
19
240
168
451
409
802
314
723
557
239
-528
-740
676
773
-738
-935
139
28
-535
-220
-720
836
-360
269
94
-770
344
231
-864
-923
681
176
-906
-809
-522
-597
-155
-749
-638
-212
-519
-527
-835
-209
-202
24
983
405
620
-304
-85
-372
633
741
844
-951
-760
4
-898
-699
-841
-155
363
-175
-554
149
-602
-280
-501
-49
108
368
115
-185
502
-709
467
499
-981
-432
156
886
-285
450
349
698
934
-278
-126
-888
354
-779
-357
359
-244
-292
-169
240
-146
924
-289
586
-802
674
911
38
-689
885
-65
-823
192
415
912
-703
-733
857
-447
-618
-759
370
657
719
184
908
223
-850
-482
-572
894
873
-273
-980
-700
-314
-726
-26
546
114
795
-209
909
-418
137
-203
298
-666
-17
-953
-999
-881
904
856
-904
-403
771
-753
681
-706
-425
-514
766
-201
-417
-116
560
-280
-282
-927
334
942
318
-898
-525
-266
-726
-809
-640
217
620
126
-599
408
-23
-819
-692
-619
120
752
619
-901
-519
732
523
556
-686
864
-827
-827
629
535
73
655
-355
134
115
389
551
664
-890
-403
-770
-716
-428
-811
-130
615
576
-740
-918
228
-710
570
762
-123
-919
348
-36
-36
72
144
10
-710
663
-679
684
795
-222
-992
-988
492
30
-89
-504
-565
-897
-517
-211
954
904
-970
-946
959
762
-531
-484
-902
301
45
143
-285
236
605
683
-64
394
576
-834
49
-621
249
-395
520
-706
587
559
-584
622
-420
985
-167
-856
822
-440
-460
399
218
-523
65
474
817
146
971
711
992
971
-51
136
599
184
988
476
438
-2
240
-23
-884
-186
79
-267
798
165
-408
340
-687
842
-695
-4
-76
391
302
964
908
295
-489
859
269
893
-188
-523
-926
477
-113
319
74
692
-346
-12
911
-671
452
920
-220
-441
779
945
10
955
865
-490
-177
-328
-284
-896
228
-654
-486
669
-599
-697
953
467
679
353
-368
305
-855
-215
-416
-191
24
166
-437
650
-174
-110
615
322
-554
429
-177
625
-609
443
-873
721
-469
424
-39
-831
54
-532
-463
920
-280
-358
-415
-10
-105
-606
-190
-746
-38
-394
-952
208
-340
-342
336
812
-327
36
553
-271
-600
371
-452
571
21
-403
-695
426
474
-512
175
-585
713
697
904
-206
745
-221
-289
-490
762
-872
-1
-274
-426
627
-39
-31
551
-923
321
857
927
-42
-426
978
951
212
-452
-579
-120
439
440
692
-576
-555
-537
88
-687
-48
395
-874
-308
93
835
184
773
-863
422
-505
-365
-780
-52
-785
-922
919
121
395
581
-703
711
687
-428
661
-353
-428
-529
752
227
861
837
-482
27
473
99
188
10
722
-133
936
-308
-382
-622
-892
-482
661
83
826
-374
-663
83
777
350
-15
-622
350
-264
-390
106
-498
-528
-235
152
-417
178
-557
-236
166
902
623
206
-181
-658
-652
407
-774
-901
-449
-199
914
940
352
324
-80
53
58
454
646
776
410
982
820
-846
-908
126
-856
-156
-856
930
994
732
-316
-223
-320
976
307
-825
-583
391
179
540
-907
340
436
77
137
512
237
-683
801
-734
248
903
-603
-51
189
-565
414
-570
957
83
818
833
885
-648
10
-665
194
38
885
678
803
945
-10
469
-54
-542
553
402
-243
690
419
11
-167
625
-842
-139
454
547
803
396
645
-375
106
7
37
-329
-834
919
-299
647
-316
-164
821
298
-967
324
-635
662
851
193
15
880
608
-858
896
471
-917
206
593
-133
93
984
292
248
-673
-525
922
-413
-210
-606
-223
943
327
-372
-773
-212
-318
-700
-486
-50
76
-833
-425
-379
316
471
401
110
-521
443
-605
917
238
336
478
-667
-987
553
918
878
-465
-290
809
882
661
-164
441
-164
581
-535
795
445
711
322
-360
-267
875
-877
641
-854
190
402
303
-665
-916
-40
280
260
31
-547
606
158
-891
751
865
228
-449
670
-203
-99
-730
344
462
-56
121
476
999
658
-383
957
-237
222
421
53
443
-284
-583
-765
325
-951
465
931
86
-442
916
344
-34
488
316
-104
-95
131
521
532
-490
-333
453
962
601
-527
626
682
-741
-817
-800
553
-87
512
-549
-299
-550
-441
-944
702
801
-902
208
-835
467
98
142
-340
-366
898
178
-63
-632
722
480
473
655
-937
-718
941
-595
-608
882
963
-578
80
-988
-397
985
-445
-976
4
-972
190
701
-765
-156
456
889
143
908
287
-491
964
-42
328
-323
-109
448
119
406
-502
-690
391
928
341
-402
886
90
-784
-872
848
-972
567
-669
583
-112
829
-539
252
-574
-379
227
-52
-9
801
-426
-710
593
229
-993
-987
304
-602
-495
-683
-803
468
-68
56
32
-383
-710
-45
-895
557
514
-729
571
-592
-501
-638
-788
-766
250
-273
-918
-533
124
523
-320
-510
-449
789
789
516
906
-751
221
-412
701
-760
-71
345
404
-336
-726
104
821
-332
-605
-466
344
-128
-100
282
-490
299
-269
-90
-886
352
781
512
-731
-325
378
793
206
-51
406
889
-666
364
235
860
-424
-661
-300
749
703
977
893
-354
-797
760
-58
-479
-869
-940
390
214
790
989
252
-142
517
363
401
504
-960
718
329
-106
-120
-601
41
79
-132
967
-350
352
838
178
-773
162
925
782
-83
283
-323
14
-409
-256
947
-458
-558
987
-62
-22
79
565
644
-713
-739
945
106
126
999
-427
68
648
-935
501
-420
331
-781
-146
-516
-744
54
-52
-288
-963
-501
-728
534
-386
339
-239
-526
-709
-103
-123
-178
-227
-44
-707
-433
995
-40
-909
290
-412
-20
224
-443
-384
-457
-794
707
680
-12
-409
-217
-266
148
225
946
-439
-718
694
-825
273
-399
-356
755
900
610
-419
362
555
-558
-20
172
61
-496
69
647
453
268
-321
-682
322
-101
-14
-825
-757
-409
975
-373
861
-44
736
966
418
269
-804
582
-608
-436
-649
-768
-21
-24
-956
885
648
-999
136
-268
-177
-265
205
650
699
944
-225
324
770
-87
-458
-43
-868
-372
-927
-141
226
-193
571
-581
948
693
461
-379
-778
-178
656
-254
-264
-470
365
-927
145
-101
403
-62
903
823
-701
-238
-770
444
-69
-556
107
79
-594
113
627
-51
813
-314
21
-686
4
732
-784
-24
243
-187
-414
-969
-169
-766
63
-277
-619
-862
-470
771
-702
372
-253
-682
866
317
-931
-224
-917
501
650
554
-971
92
-586
-169
-624
555
397
186
978
-140
-630
-123
300
971
605
-851
-617
366
807
-199
-736
64
85
105
-882
195
183
36
460
275
892
233
-457
464
-20
375
-459
-956
929
-88
656
979
-765
984
-162
-209
319
-653
542
-197
915
-820
321
-376
280
-149
-653
-261
-947
190
-763
-577
-68
-192
840
-761
955
-346
-489
-708
-751
-58
17
-812
418
-157
930
-284
-343
-797
-226
348
-974
529
-247
176
-255
190
54
-792
946
-781
201
-259
-610
913
-917
147
-890
-502
