1515
-111
-112
-13
-37
824
-468
741
787
488
-286
-756
-144
685
-31
-336
436
547
473
108
-703
102
742
-270
-76
-251
327
-453
114
-828
-742
828
397
-432
-634
-60
-302
334
-604
-94
547
973
-646
3
892
234
741
841
-604
945
595
-473
-606
657
-373
665
377
473
217
0
-990
-466
-630
-485
-124
334
-48
593
-61
-993
-862
-853
-302
-495
-172
-529
742
-174
814
854
-776
-640
235
303
358
105
209
-403
-1000
-578
-521
-597
-790
582
440
672
570
959
-861
494
-832
-529
-932
-492
-459
-968
-813
-397
625
826
879
717
-443
-701
-138
473
-158
849
219
419
-940
104
805
-143
-594
-385
232
-639
467
245
-877
-514
-354
-895
821
-383
-17
-281
732
147
547
870
636
-768
830
894
-216
-1000
536
-1
576
320
-623
-660
87
-923
-670
367
719
272
546
-266
-477
-683
433
-325
321
-762
-523
449
595
-12
-962
122
-151
-891
-248
-571
820
737
477
53
-351
678
-876
61
-64
-724
714
-552
687
-221
-229
-155
-248
-888
-563
287
69
727
682
-550
-709
-966
968
201
730
-193
966
-867
-833
455
709
-632
-205
-421
-608
-192
-268
345
-294
-785
-242
-3
-829
-154
246
-229
-858
930
-237
-56
386
455
137
728
195
-39
-893
-783
716
553
-20
127
-588
92
-53
-463
746
-824
-791
-735
566
615
-721
-719
13
-146
976
-303
-992
391
-207
717
-494
-741
929
642
292
396
-855
-975
-833
-195
-719
92
557
-235
-725
-562
245
-632
-143
984
-719
214
-666
-779
-802
-752
-805
990
607
-428
705
-758
-307
-54
710
-547
-721
646
-194
-46
-446
-498
-721
307
-954
-906
-375
-907
-843
71
-832
240
705
382
-72
-68
-200
992
-133
-328
614
-101
-343
371
-792
-840
-419
237
-856
77
856
696
-246
-321
-99
-168
-702
-12
-504
-343
-801
-890
812
144
792
-332
391
-262
-702
147
-204
-224
-997
417
-452
204
806
154
298
613
-509
259
138
22
330
292
-259
-306
-28
-477
444
-384
-57
219
582
-662
-708
-852
505
802
-226
395
-375
-980
-208
-838
-737
-375
-533
531
-976
746
-860
221
392
930
647
289
740
457
-78
871
74
-323
-81
937
885
-654
-577
-807
-48
-38
-192
-178
942
448
779
-198
-236
14
396
711
820
895
575
-289
-297
-33
163
-565
998
462
-450
883
-300
-413
189
725
747
381
598
-832
-862
341
-484
240
552
943
750
548
241
272
733
442
170
233
-841
77
-871
241
-907
-587
-106
305
-707
29
-336
104
549
401
717
975
949
358
818
871
807
819
555
670
-786
237
808
-463
704
-911
-587
-549
-686
-709
-972
-628
942
-317
-408
-491
-605
407
-351
639
-38
259
239
75
80
-404
-220
356
-859
-19
-757
81
-385
-391
911
630
-901
-497
810
-310
530
460
443
-396
-636
266
722
-82
324
-827
203
60
-832
94
852
502
-261
361
-995
384
-200
881
395
-37
-587
-132
873
852
514
841
-548
202
-835
837
2
-915
299
-723
-378
450
20
-659
-158
-589
332
263
-607
35
-342
208
-17
671
375
-140
208
240
-700
-951
-390
541
104
-95
977
334
421
794
125
-213
662
-848
825
-494
-457
337
-534
-104
753
657
794
454
608
-204
-256
773
563
-327
622
-187
688
6
87
182
-831
621
603
122
111
110
32
-350
441
455
-194
996
-207
-537
-329
-626
323
704
642
565
499
730
-61
-826
210
612
-1000
205
573
549
226
-140
-110
-800
30
515
-801
-825
-529
-170
281
487
-550
476
38
-287
-994
123
-249
344
510
113
-650
-202
268
278
-56
537
547
-339
670
523
977
-983
430
495
-577
428
121
-505
-401
-405
361
179
65
-867
-487
835
418
514
-879
510
705
-543
-116
-901
671
-55
-777
796
-685
937
41
75
535
-133
826
-179
-862
843
1
-413
115
549
-659
623
-762
-340
16
643
-521
551
275
-139
-928
-937
58
-18
-16
227
-298
-718
779
836
928
395
904
-788
-39
-866
539
-847
-117
543
126
392
-918
463
654
-739
493
-445
673
-674
836
449
-545
-649
-779
-908
420
-759
-954
-610
-416
-797
217
237
376
-654
-209
-26
-275
-620
-86
-98
-714
-695
484
-952
-899
-270
-891
696
-300
-964
-907
102
450
950
543
-465
973
941
-35
-363
981
713
-154
326
347
-416
305
-294
-579
632
436
501
527
330
-899
-259
-969
306
957
-426
-620
-381
188
-263
-660
-345
-83
979
897
388
511
-119
959
-694
-788
-102
757
-887
-622
-307
-706
128
427
-136
827
-432
828
-670
-689
303
407
481
854
-504
-244
-131
802
623
-173
-554
-957
-30
-641
96
-398
-228
175
-532
811
-813
-634
-157
-267
-335
-971
-21
-752
-817
-190
908
697
-659
296
-916
-788
-961
-790
742
663
674
-667
-70
439
300
-351
-258
-270
-512
-429
-127
208
273
594
256
998
-898
-268
210
976
460
325
-98
331
-287
-252
-164
-628
140
-343
25
-496
-989
678
948
-191
-524
-422
149
754
44
-724
-482
-712
438
-310
-999
-412
236
221
704
-175
-679
648
-548
951
-481
-706
-651
-807
755
286
473
-111
-890
124
24
-746
-865
957
347
-873
-764
-338
-332
759
920
945
65
229
46
-59
-469
502
955
-640
-581
193
762
-180
235
23
-695
684
-966
-323
80
-710
873
-536
-302
638
707
-828
-820
604
666
-607
-838
-421
-340
-582
-263
734
309
867
-745
-480
141
-690
-842
561
674
954
48
87
400
-198
-923
371
-355
285
399
978
274
-786
806
-836
-61
714
576
252
-465
714
928
28
-430
-980
-753
925
72
-142
-744
928
-259
151
557
-492
-944
569
-696
-20
502
-616
396
-260
506
-727
-823
-224
818
-105
-114
201
509
407
216
853
968
134
457
714
624
-79
212
-369
465
129
-427
-506
-227
225
-691
-902
-679
-307
427
-367
689
-71
-937
-658
-836
-837
7
-26
-854
342
-524
524
265
-701
-41
635
183
-402
285
-976
-62
107
-694
658
603
372
-22
-945
-438
832
610
580
362
177
-780
824
309
-567
177
70
58
-166
-519
-427
10
937
495
-859
-413
622
-120
-184
564
-869
-222
299
671
-346
704
-128
828
-811
899
-23
586
-971
117
-829
880
-25
543
845
162
-328
-741
-189
-193
-949
147
-453
871
-299
-472
539
-342
-796
-513
389
-244
781
-378
-319
436
-719
-780
37
-12
-357
-706
-861
-941
-184
949
-513
-827
980
-179
-884
-676
157
25
82
-520
-474
-158
782
538
26
-713
-347
-266
619
765
854
966
-714
263
-532
-116
-219
-654
860
-176
145
423
609
-793
289
691
-542
-380
-589
-604
-467
-360
-730
-887
594
-154
322
588
-881
49
229
828
867
-602
-358
-878
128
-170
-24
485
258
-884
-732
-327
151
-659
-300
931
250
845
706
695
-752
253
-551
402
734
-110
-754
548
245
98
-626
261
-132
-456
-80
-280
488
-457
967
-740
-327
-902
439
-177
-396
-486
-159
-818
697
137
556
824
976
411
-894
400
-587
756
-204
161
637
108
267
-980
868
-305
-884
428
-651
66
-217
-277
629
928
605
-435
-692
-622
507
106
-303
844
423
-630
-240
-444
-874
248
363
126
-889
633
-21
-349
736
198
273
161
-829
-940
733
-101
748
293
218
-912
138
-152
-748
-87
-137
-869
167
-644
-586
768
-971
686
328
-690
3
-763
-261
-162
610
-532
32
294
-955
-449
599
-941
211
-90
297
719
459
63
546
978
-1
692
-87
52
-497
187
-931
-848
-318
-52
-531
421
147
-867
484
470
214
-262
64
-751
-378
128
654
589
620
-216
-445
844
-610
-607
105
320
529
614
996
842
220
447
992
669
428
115
-567
-15
989
-134
806
-204
908
33
-141
-757
982
-569
650
-234
-885
436
-930
65
-523
-342
-173
998
-961
-653
685
-48
36
-855
339
491
118
-731
144
-809
-713
128
230
-532
-969
-411
511
-393
-54
-217
769
-862
549
206
717
241
-699
-915
645
-104
-420
-577
-425
-709
-694
128
-325
814
-76
-984
-555
539
-477
-654
-9
-591
747
907
54
617
630
565
-922
308
301
-997
-939
353
-862
-337
-718
-629
29
-145
-280
286
