4836
-918
650
-977
755
-872
398
-238
-159
-808
-313
79
-333
466
-270
846
-145
-656
634
-442
119
317
-885
951
-421
88
-904
-448
-305
-357
969
478
-937
-349
412
-349
-226
411
-869
462
-394
921
430
668
42
-683
-633
-6
688
962
-980
534
-342
-230
258
-702
683
554
772
-141
-89
-137
-637
940
851
-373
567
-494
859
592
-364
-500
658
168
296
-966
-44
919
352
-546
-72
157
-565
-469
-543
-844
358
-200
-397
-478
534
241
659
-805
-684
-469
72
-185
-718
-686
-723
843
-244
-319
-88
-169
458
-484
564
-613
-942
653
91
695
874
-870
64
45
507
688
648
549
593
-642
-840
-899
-50
-688
906
171
175
-59
969
577
-217
848
700
-453
183
-824
-480
935
-113
-820
189
-542
13
-633
26
635
484
-693
-243
-458
297
157
-933
-144
-681
845
989
746
130
-943
739
-492
904
-67
-77
103
-652
289
-118
238
-660
846
179
818
122
-442
997
-447
215
-353
-586
955
579
420
-450
-168
-30
-567
646
521
176
-600
-273
-119
773
-659
991
448
-668
90
-681
-443
781
-280
-752
-676
994
-981
-141
-205
-729
976
599
517
-414
-411
405
-854
-446
149
-88
-996
765
176
353
821
-191
67
-218
-566
-805
920
330
190
-490
877
-968
-156
-372
745
-887
-538
-808
-447
-267
347
-549
550
870
-392
285
-521
-472
-522
-948
763
-756
139
880
-845
-564
856
-801
320
-535
319
188
417
784
-210
-199
-602
283
-660
-498
-74
-637
-929
-350
985
323
-376
966
51
904
-980
-591
-450
229
-561
166
130
-781
-289
290
-124
-202
362
801
905
-758
909
624
5
764
331
-403
484
-619
326
794
387
833
-243
-479
-756
-50
993
529
381
960
213
583
932
-111
210
-824
-679
-426
-683
746
-392
-964
934
579
-199
-431
438
-375
-706
96
147
904
-520
-652
-998
-382
678
797
539
-720
588
-47
994
-777
716
297
-281
-858
-269
236
-573
-197
274
-86
-387
662
199
-658
656
-650
-744
-57
507
223
812
432
-42
-788
-426
-838
-165
-607
62
-629
-264
-70
-786
720
-960
431
-730
142
776
-183
412
966
245
-50
4
679
-160
136
135
366
-846
275
115
648
354
357
751
-392
-216
553
137
-237
-387
-924
-802
617
-431
616
-442
494
-839
-730
233
278
-397
-98
-174
480
807
323
606
-919
652
-54
609
-975
-45
928
502
315
388
-277
-848
-755
-908
937
209
872
320
661
-106
-223
584
-24
-210
-82
-54
-421
326
-676
266
651
-110
877
908
149
-759
-369
-66
97
45
-713
-92
60
-986
637
-223
397
203
-703
-66
-103
92
651
-501
657
30
-592
240
-295
244
864
94
628
-362
-739
-522
347
225
230
-154
652
-437
-399
492
287
801
343
72
68
239
840
-606
-360
-246
48
741
183
-674
-510
-57
-5
496
480
885
-126
815
349
-864
-114
-197
-359
974
245
50
668
-961
-215
979
350
365
146
609
-702
-402
551
998
-973
730
-196
513
359
467
37
-419
80
293
169
-464
785
268
482
-35
-818
-500
784
-138
780
-750
605
225
695
37
-837
-219
-734
103
154
546
537
366
-954
-949
-861
-791
-676
833
740
689
-803
381
14
655
236
-23
567
276
865
843
853
552
-912
143
-26
338
532
-992
173
-79
100
-605
342
725
-697
401
411
-163
484
-801
-865
430
-781
539
-361
556
-161
-316
-807
-40
588
806
-916
-842
165
-719
-849
42
-609
-602
-970
879
426
-386
574
-29
869
-298
930
562
240
-950
646
-962
381
717
-32
696
-848
626
119
-418
230
-421
-476
-704
321
827
821
608
545
778
672
806
-929
709
197
-451
-701
655
684
-738
293
120
-227
-826
-800
-873
-594
-201
-750
-601
-105
808
-575
-4
33
90
664
-879
-819
232
-2
896
370
697
-424
-627
-594
-650
388
-929
141
-14
-666
795
760
155
-208
590
-860
316
-790
7
-677
940
914
-352
856
743
-419
-265
-180
-698
-661
-995
269
-659
-904
665
462
866
-562
682
-742
-731
-552
-440
938
-784
-78
822
-954
60
-820
806
776
797
669
-216
460
-165
-956
481
-45
-209
-502
484
-137
-650
-236
-1
-599
613
-60
-267
-42
521
830
-557
280
665
-552
-271
521
139
-53
920
-846
-97
-585
-182
705
220
498
-718
-423
997
-304
89
291
-296
-321
-974
531
131
90
-525
-795
-829
-403
-464
-442
666
-408
-106
767
-964
-132
-880
684
102
-878
394
-261
-676
155
864
672
398
-814
705
310
-778
878
678
159
-688
483
985
956
6
-680
-941
232
-553
-812
166
606
-60
866
68
-36
471
67
-310
351
112
114
-291
525
-83
882
255
210
565
-124
-946
-62
769
-475
-710
-706
-857
596
-320
481
-987
-718
-9
442
-378
385
-634
-348
-636
-193
305
752
43
-516
654
996
118
502
-120
237
-264
-682
815
-224
-696
483
-70
-145
554
-123
955
615
-890
-108
-803
805
-728
-49
-260
649
707
-696
-992
-254
802
-452
-472
921
285
-416
-785
10
-588
-169
-930
733
187
-95
14
435
626
-738
-89
732
112
416
-678
5
172
605
-904
574
-825
-909
141
938
617
823
125
-320
-618
-922
697
-738
-339
-420
-531
541
285
867
57
-465
-476
-205
-6
709
-442
-632
197
701
870
385
399
489
-140
229
-468
-101
-653
-304
402
108
-650
939
857
652
598
393
97
-781
834
-307
320
326
932
-503
374
-619
796
2
511
-62
-581
783
501
-196
-114
480
287
377
-187
828
779
466
943
-782
291
472
676
-319
622
964
-113
-29
-906
668
5
-764
-191
754
694
-144
350
-10
47
-53
-162
844
506
-838
-771
296
-701
-274
-821
-954
-329
353
-564
-442
75
-935
536
612
982
-535
559
310
-996
-185
-899
-482
505
-1000
-746
543
-618
55
-98
301
-614
-555
-105
669
-704
-325
72
539
737
-117
-393
-741
206
-972
-749
-697
445
-269
704
-441
-627
550
687
430
-73
-259
-359
-783
979
-694
-55
-829
196
983
675
-757
609
598
245
-601
-143
595
440
-742
-30
-554
-605
-448
-281
-907
-372
547
-37
231
363
-298
310
434
-114
-690
-949
-506
-205
-191
619
-957
325
598
810
276
-955
956
-693
-769
-348
231
-245
-204
-981
-475
-489
-845
632
-162
651
987
-331
10
-823
-531
166
-820
-318
-513
-673
-404
19
556
16
35
-482
88
430
831
676
-94
607
-954
-147
770
785
-120
-908
434
-793
-243
-607
72
49
-243
132
529
439
606
763
-278
-189
-168
-464
-616
792
-571
402
167
-190
-492
254
80
-261
-836
27
35
871
893
-609
228
461
-701
-864
546
-205
-636
315
498
-107
905
955
698
-95
-999
-874
-102
242
-640
-422
-571
-570
382
431
204
254
-548
-983
-596
-429
378
-259
-258
-609
-252
653
348
63
-653
530
644
867
-433
-875
853
-818
-718
-150
965
-239
-552
377
-395
-993
-557
-870
380
508
90
28
976
551
465
643
20
289
-699
-660
507
136
590
-594
-613
-203
166
350
668
63
120
174
15
329
-110
-412
-84
-401
-523
-861
915
-168
-869
-904
-380
-904
-920
-541
74
997
152
640
323
-236
-1000
-255
-357
624
-975
506
629
-10
576
104
-389
879
-911
-193
925
875
745
-754
853
342
-574
961
203
-982
497
387
-635
305
483
382
870
-75
246
-143
215
-201
693
-820
596
-936
-437
-85
-579
-362
25
-723
-388
-761
882
672
-426
427
-957
58
-726
657
-576
998
583
-167
74
-966
411
-511
749
369
-699
478
-539
842
-164
393
160
955
89
-749
590
-45
-242
-874
-970
619
-822
-726
-61
-40
-859
497
-181
225
438
352
-593
519
948
-406
-658
837
152
778
-539
-987
-334
-563
977
221
979
-423
549
-940
-809
-130
-457
-427
-635
136
932
991
47
-594
388
-842
-204
-230
-56
826
-11
-779
-560
209
-907
158
-487
-108
-87
-649
548
771
-178
733
-591
-794
922
-510
-294
-511
859
-776
-4
-302
-900
11
368
-822
662
-676
217
950
979
-458
565
714
750
-17
310
-87
822
-547
-757
147
944
530
791
-342
812
293
-45
675
-560
-306
31
-314
945
-354
931
66
-671
-807
52
689
-590
641
851
-862
584
-608
351
-775
892
-558
-502
623
-20
140
537
423
-192
-835
-363
383
296
319
655
-993
-110
666
737
33
-937
790
383
524
309
298
-261
-817
39
-186
-360
-649
-192
-663
167
-867
694
288
269
975
731
140
-714
329
152
430
-750
432
722
-142
-755
443
-546
-107
-835
494
224
565
-940
-332
639
676
-234
760
-811
-361
932
-528
418
369
550
999
800
-457
-168
630
418
-928
-805
-994
37
651
-772
-252
-600
333
82
777
-584
-891
-287
-411
596
-834
683
-672
-288
385
150
892
-59
-492
329
-814
-588
706
-480
-392
843
664
-177
940
-447
-70
210
-944
523
-304
291
690
193
816
853
-154
586
-807
717
-942
-636
425
49
38
-815
780
-247
-666
139
433
-15
-219
-73
170
-432
847
-425
-351
531
-620
346
50
3
-244
270
281
213
875
-186
984
-624
-301
-58
532
761
-272
-773
-627
-150
500
-744
920
-895
304
-502
-165
-684
907
925
597
-957
162
712
231
534
348
-428
195
565
841
-646
703
790
503
-614
-666
657
-896
-953
380
640
819
-193
251
-766
-995
-535
127
-129
372
791
714
949
320
-21
-748
64
-762
-410
-413
505
-269
-213
483
213
-63
-109
3
-482
-343
-327
764
463
69
-763
-834
-487
-640
-346
136
99
-643
200
852
814
81
-970
-723
-842
-226
297
877
-748
716
110
696
-272
-938
-731
127
-588
159
117
497
-372
-561
-722
885
986
334
-969
-404
614
971
133
854
306
633
365
548
-709
-329
-384
790
-341
-582
-475
176
540
-774
-971
461
295
-394
352
-848
91
-780
813
19
825
345
-610
-945
475
433
-975
262
-427
-484
179
464
435
-330
800
560
-526
192
-778
-958
-340
592
-185
35
-917
-718
-740
141
638
-775
166
-754
441
-713
-736
852
-682
-524
-863
391
-54
526
-242
722
-589
622
252
224
-611
-957
195
863
-716
989
-194
-572
-317
248
446
-997
-725
194
382
-808
-241
651
306
831
28
328
905
-852
38
-44
-255
-208
-466
628
665
-375
528
-459
-927
-675
104
-171
-578
-301
612
314
-869
-674
645
-670
-439
310
-161
185
342
-75
-688
849
508
411
-243
513
-400
286
-152
-100
11
785
606
556
213
-704
-931
219
157
549
-190
-626
565
378
304
607
666
-852
-915
-43
-14
585
934
-862
958
486
-397
-536
175
-241
-571
9
677
-885
108
-69
146
378
-571
164
652
-577
449
455
114
484
497
-582
150
-689
-676
-349
-808
-97
-205
-817
-780
546
460
703
66
-521
-854
-880
-725
698
-978
-859
427
-414
-521
531
-958
899
884
-279
260
224
666
-694
-656
225
-526
88
558
-52
425
558
-95
147
203
906
845
-902
-918
421
-814
-524
-872
-912
-938
729
628
110
512
-138
896
-632
-352
209
881
561
669
487
609
454
-137
-45
-129
929
427
-691
-251
-149
420
-243
601
299
126
-917
-227
-784
213
341
-766
614
-979
476
889
649
-373
-853
586
-989
-688
-636
733
-589
870
201
982
-915
-701
-316
382
375
219
740
412
-985
98
356
34
823
494
314
-348
-750
-342
-711
211
-450
472
-925
24
694
-386
398
956
-574
-495
97
-972
69
735
396
-294
-941
-202
914
-10
-643
-926
-268
-341
-885
-108
-342
-610
-540
910
272
898
-99
650
-772
175
-4
90
472
896
871
-309
544
-677
126
-205
153
748
-270
-967
-981
-293
-560
707
717
-436
510
-374
-900
661
641
987
455
425
-631
231
730
179
393
-247
613
-977
294
-729
41
402
-836
-414
846
-535
-296
-264
36
783
421
-935
-92
-407
326
998
-975
395
989
997
545
-355
-890
-431
274
-24
547
959
-85
-485
-492
-53
-592
-390
322
97
609
-138
601
39
512
-873
720
-841
317
293
198
699
-673
886
-933
65
-911
-974
-856
-450
375
803
860
719
-100
-872
259
-822
-214
-919
357
3
468
-844
25
-278
-493
-890
916
738
59
-747
-830
-419
842
-406
48
115
-483
-628
-621
-895
750
-57
-472
189
-595
-20
-39
-840
-150
-222
537
-595
461
-134
-548
902
-334
176
-730
-483
244
-899
-545
-112
197
-294
79
14
-473
-449
-932
-530
-566
-183
-484
-898
-77
809
-295
473
997
137
593
610
526
-310
-889
957
736
-966
746
-803
-373
65
-721
888
-556
-374
-323
678
-284
462
613
296
-384
267
316
-346
-320
-652
-425
801
333
563
2
-761
-212
-502
717
-476
-78
438
419
341
819
-748
56
-680
396
974
-866
944
88
142
-188
981
914
355
524
760
665
209
-937
-380
121
-781
800
95
-309
-421
18
-272
-261
-902
390
-198
-958
732
860
-810
208
-950
822
288
855
-429
-724
-744
375
-524
479
585
849
132
-274
550
-53
845
-514
415
-369
596
-918
-525
-592
-422
-921
528
762
-613
-287
837
612
275
-360
73
181
-384
-783
645
144
-141
442
-564
-290
976
-466
-453
183
645
577
698
-500
200
41
290
-12
24
-327
521
656
-667
171
649
45
220
120
592
102
683
247
832
388
-317
945
709
19
539
637
-761
-175
-336
317
-11
-330
586
-957
674
939
842
-95
172
-487
832
828
182
-226
-214
-324
984
-146
-506
-813
653
-636
648
679
-758
-972
-281
-114
158
782
177
261
612
-463
431
-803
-875
-534
132
-558
-917
-489
-610
729
609
924
79
502
710
-31
-586
999
-464
150
-442
561
428
292
200
-299
-828
-622
332
-738
-998
448
-837
-279
161
-108
888
145
586
927
-395
743
940
-502
49
571
621
722
591
-263
269
-67
834
978
-190
536
372
-58
-947
64
-10
379
235
713
450
-35
-8
397
-436
-302
206
196
-217
376
-308
301
-493
-610
626
519
-700
-260
-24
782
-129
272
829
-27
941
709
301
940
274
433
-644
174
599
-356
848
970
-429
457
523
124
-344
-974
789
504
554
740
-328
402
-70
772
-635
-196
17
284
-700
-339
-872
-89
808
539
916
596
-895
-779
543
-886
603
831
481
505
340
-550
286
-632
571
463
-887
529
436
728
166
-699
72
-276
-532
-387
-903
-491
569
702
-334
-176
16
808
93
416
958
-21
-593
366
-165
-553
-930
897
-949
959
-270
-169
-556
440
329
-147
105
-989
741
145
485
517
-736
-927
148
752
-720
-417
-405
-304
325
-252
-680
-844
-34
782
164
998
956
487
372
-151
831
-621
-177
-930
860
870
-6
867
-96
47
991
-231
590
53
-180
672
-844
-499
504
81
-372
133
224
-857
366
-816
624
-389
515
-802
-19
-533
-540
487
623
135
-335
341
716
-408
-867
395
-674
-852
-762
773
-857
-430
-941
-323
539
-706
615
-153
460
938
-526
698
-621
-342
518
12
570
-470
966
-376
-330
406
427
751
418
-667
400
792
791
835
77
229
-265
-118
658
772
-439
-227
-391
142
-658
-384
653
591
-590
-57
250
19
878
553
-230
-214
827
368
750
-937
-799
112
-994
11
749
914
135
600
-31
-435
899
485
-539
-1
919
-322
747
445
421
-572
608
309
546
-808
382
-68
-222
-593
911
-103
-305
-541
-531
509
-231
695
-940
-707
455
-668
424
509
-597
-876
435
667
388
-918
-538
-331
221
-580
817
152
-189
-1
494
-841
99
462
-984
-988
-734
422
809
-642
438
-304
128
-841
-750
-452
-910
544
639
918
-489
-349
981
200
885
397
329
-788
938
-490
112
140
178
-114
434
-88
521
822
-326
-109
186
408
954
-709
630
260
-661
163
513
-919
-351
-514
-970
332
-115
-406
922
711
877
327
734
401
718
483
190
902
1
-701
-26
611
-853
-416
-43
688
391
-325
153
74
886
-258
-710
108
215
-367
-621
-343
833
-202
-534
633
-179
-526
113
270
-512
-344
693
-639
-554
-797
900
-66
219
671
-453
-887
-350
933
573
795
665
49
784
237
-269
242
626
383
-299
-482
905
-218
-83
975
55
-304
-69
302
892
-123
-317
314
710
-196
907
277
611
471
-176
-660
-361
220
-811
641
665
-720
-293
-266
-537
354
-564
-57
-741
-110
-64
-123
-395
428
355
235
-73
-619
-738
447
-512
-64
274
390
896
-946
-525
-396
-822
800
161
912
-441
346
-319
-320
695
-523
-902
-107
947
-927
-756
133
270
390
571
-991
266
917
-758
-445
-10
144
273
774
885
-110
-975
162
-502
-116
-114
-926
751
109
-533
-668
741
574
340
236
998
599
-220
-539
838
-159
-377
-10
232
377
-342
236
-947
510
-257
169
455
343
860
-775
-277
372
659
701
-651
143
-244
-633
-666
-82
-114
-368
-520
361
476
-135
-510
866
492
-164
-970
-186
-380
110
328
46
222
-29
-54
-574
-742
350
-862
-869
353
-620
861
-61
455
76
-532
-228
-85
709
205
249
249
-236
85
-819
-770
-168
440
638
-549
-309
75
-683
-94
664
-527
-523
157
-764
578
70
207
-949
170
525
578
-521
-691
250
-961
-897
696
237
125
506
-605
453
-816
398
66
-841
-814
-214
523
487
496
28
-974
-682
-677
-305
-97
41
-817
213
-783
833
432
-707
-836
-580
480
-14
94
-696
-627
-225
160
-1
-569
-78
312
132
-417
604
-549
152
523
-254
-737
248
-105
372
-146
791
-555
536
374
-44
789
-590
-978
152
943
865
435
126
-307
441
-559
-65
870
184
557
-663
-651
295
527
-629
168
-208
509
575
324
759
946
-123
-986
-794
-179
-88
468
-712
-506
-576
-702
354
571
-205
1
-407
-503
408
-638
564
950
-870
552
367
571
469
-37
152
-721
-784
408
-518
-321
-729
-346
388
-678
-509
307
806
616
-88
-403
-569
-886
-68
925
789
796
47
-770
378
-137
539
716
55
-428
-247
-73
-144
171
429
-298
-573
489
-256
984
-42
112
-344
21
13
536
-778
595
-491
19
955
-218
-448
-929
264
-433
941
-684
449
-443
-653
-611
60
240
-182
-477
556
-319
422
-971
725
192
-304
260
251
270
-237
-773
-964
329
640
-565
-362
430
767
-444
-298
-968
227
-400
-306
-762
-456
-902
386
811
-901
92
592
-769
-666
-122
-903
-269
166
10
-176
914
-165
675
30
-925
396
-938
-256
-38
53
593
318
30
190
577
-584
-27
-471
320
415
268
-185
906
-403
691
-249
416
178
373
-356
-346
-916
117
634
-489
-702
180
-275
552
-867
-897
-154
506
419
-732
692
-71
-862
-859
-422
-943
-234
438
34
369
-297
-527
942
71
466
25
-506
107
-879
939
35
-600
-470
-240
-521
-411
305
847
759
913
283
-417
-505
-611
176
-134
-528
947
155
-578
864
-636
546
829
46
-400
-19
836
776
942
453
-760
155
-228
122
-564
270
896
816
223
588
972
23
-333
636
160
-170
-56
-98
778
852
-201
117
792
-590
-645
-213
814
-216
-759
117
771
-357
256
-139
774
-73
-421
-890
-18
-385
884
-937
-673
-194
707
-201
72
73
-364
-871
584
-365
262
980
-543
-500
127
-470
-490
-681
-755
-237
158
-73
-697
-331
-38
277
-158
210
515
-880
112
383
652
546
-589
-996
-73
203
512
-716
-317
-355
606
211
851
291
445
-609
-102
-354
-541
180
-781
-467
929
-672
-995
-232
-155
-376
-382
-183
425
53
-327
712
-888
-273
-174
-702
-239
-76
559
197
276
628
418
347
41
508
368
-208
-624
-450
-363
-351
770
-919
930
-445
663
-550
-975
-467
-63
351
937
804
310
724
-148
-911
955
876
-722
-976
731
781
881
104
951
616
-437
-894
-473
-189
-151
88
799
917
-259
-885
-339
478
626
640
158
-848
304
-903
-224
-290
-437
284
-782
-256
-346
594
72
432
-299
-994
907
-236
-560
-441
397
-56
-77
-812
698
663
114
403
-934
-554
-118
-409
658
317
675
716
155
-717
-399
-793
858
-459
-550
-850
318
-414
482
481
-71
-890
642
164
-779
401
87
235
-920
900
-778
1
-590
-425
-147
-332
931
-439
357
800
938
85
-237
-362
-248
-450
-834
425
706
-441
971
-602
-747
-367
-907
-659
484
882
712
-704
733
-578
44
-457
603
997
-194
781
308
825
266
-182
65
586
133
-434
-50
-609
983
-169
-952
-765
-394
175
-301
-454
-979
342
-754
447
-757
631
-66
-660
-360
729
-490
932
211
-828
-936
-928
358
974
-986
804
-869
306
465
189
520
-325
995
-742
-411
914
-920
468
254
34
-426
-804
820
228
-915
-561
-33
844
-823
8
-882
-289
-299
994
-754
703
858
56
-184
-635
502
-468
-779
-902
-281
816
-611
402
-714
532
-275
-666
512
-292
775
-148
-929
-883
467
-316
664
-987
-940
209
-2
-556
805
675
420
-998
866
973
-785
479
-206
-264
905
713
-398
-141
642
-819
62
645
97
-891
952
977
345
410
-70
644
407
750
744
79
951
-935
911
-645
86
190
507
-723
289
826
868
-248
397
-376
823
26
-992
-973
-557
116
909
-535
-214
-983
-147
-951
-952
978
792
793
-976
-613
-924
-474
-591
-338
-988
-520
-745
874
81
545
926
415
214
403
466
-903
261
699
786
679
967
478
194
-585
337
510
128
799
-110
-552
142
474
648
318
-274
766
115
556
892
230
353
-535
180
-591
521
508
709
-922
-13
-680
-162
721
-780
614
-300
-193
-169
734
-251
-270
407
-543
-985
-975
-279
-731
-150
-832
678
-498
716
-857
-713
86
-997
-975
313
489
-139
963
927
815
955
-457
-217
-650
20
405
-587
-644
-498
61
267
-282
255
-173
-742
496
121
743
-302
338
396
-193
133
-438
-874
516
-534
588
-554
710
-34
435
-98
-723
-395
-958
-762
909
-851
444
380
-571
419
-420
57
100
751
-270
384
-888
-693
-549
208
260
-911
476
-7
382
338
698
-709
850
-414
-424
-487
166
289
846
-803
476
773
-253
677
957
259
328
-869
568
716
608
-270
-537
580
-193
-4
-439
814
-403
808
-718
-814
663
921
-756
-303
-125
738
-505
752
142
-626
-380
432
852
-596
-502
-306
-884
247
-13
-683
-963
531
103
961
-656
803
643
575
611
-488
309
-143
183
20
-522
621
-632
-643
-124
517
-810
317
-357
-655
-140
629
-896
-456
-836
-702
-582
-946
-883
360
285
183
691
299
-172
-422
-574
860
-486
705
-242
368
645
588
-199
-499
-112
-523
-118
-675
356
654
854
997
834
-378
-306
48
-881
747
437
-732
-467
-790
828
982
738
-622
493
-920
-186
-234
528
-207
62
609
-692
726
-864
-397
654
884
963
-182
-945
-561
-443
-372
117
500
968
176
-23
347
-54
-899
-176
536
623
426
-392
-367
-275
-587
-832
186
-652
799
-587
-468
-456
404
-379
-556
780
-552
-46
87
-915
-35
-267
723
312
369
-261
369
233
-171
113
263
-799
-1000
535
362
67
-383
-220
-944
763
-20
-729
-733
715
-133
-123
962
996
750
595
898
541
894
865
417
291
899
-63
-885
142
901
-669
-235
-661
-337
943
-233
795
-849
-689
919
311
826
134
944
702
445
768
-622
845
-145
23
-526
-230
-510
-385
514
-403
-232
15
-164
620
770
380
87
-127
3
-316
-756
-198
-125
100
-253
269
-49
103
-506
-219
398
283
-153
-339
-161
-367
-915
-616
-354
641
-998
-245
309
56
296
-456
-209
815
-911
-648
-520
569
-146
899
-560
-648
-505
-689
126
-67
826
115
897
474
-265
39
802
-842
455
442
933
-324
188
-977
-866
736
116
-939
225
64
567
722
-495
194
720
-581
-582
800
41
179
955
-884
-626
301
362
-479
836
-417
-612
-839
338
69
988
549
-163
47
280
-116
818
-87
-693
-750
-963
597
-28
20
-762
646
566
-354
843
-229
-535
-967
696
-201
447
356
771
-343
736
-386
-236
-835
278
-898
97
606
757
-401
-1000
198
770
619
-810
-301
196
978
565
216
-264
-185
17
653
-146
839
-629
724
-639
759
311
-118
-492
58
112
645
392
332
652
-480
-998
-851
-502
-64
153
-787
551
706
-395
208
-848
-412
-301
-929
897
284
-275
-757
-756
-247
-554
-578
-122
-476
171
544
971
18
-459
-510
-799
9
140
779
-326
-516
-43
-675
-492
453
-693
-845
859
-641
140
-262
830
-563
-854
680
158
329
-30
893
210
-67
-935
-779
776
-696
-302
-314
-906
94
-675
477
654
-130
602
-209
896
705
938
254
282
124
502
347
-661
-734
73
-989
549
762
744
615
-144
-616
-157
-4
-645
586
707
283
301
673
962
581
-566
42
635
295
-799
-584
854
-778
194
592
-106
-56
-51
-783
942
799
773
606
-787
-574
-236
-311
-949
-807
-760
909
859
-795
475
424
-240
777
-768
147
-436
985
121
-272
84
638
198
191
-929
-445
-761
-644
701
-480
-653
473
836
624
113
500
134
-767
419
692
-498
391
883
21
137
925
966
-978
66
-311
-3
-661
438
-517
-742
-964
902
-734
-193
121
-246
299
514
720
226
855
-803
205
-648
711
-255
-43
818
-601
-277
-482
-653
-796
479
894
929
-149
193
431
-207
912
-670
-660
78
-729
455
-565
361
867
-570
-329
-182
-215
-886
873
-587
-496
-107
770
216
-793
181
359
481
818
783
521
-628
-397
-440
-497
601
-607
979
67
252
536
-892
71
302
572
675
-334
-927
-741
701
-806
897
-785
-908
-369
374
876
598
-750
-810
-228
-997
720
695
-332
-713
-353
-206
323
928
900
-877
-89
-86
-689
-723
-261
-562
996
-693
-175
217
-282
225
-56
-175
305
-224
-294
546
548
-296
261
790
-358
-584
-892
291
-572
-191
761
525
644
840
377
461
984
826
-924
-790
-686
715
623
788
432
-585
-784
64
476
889
-811
60
386
-855
82
628
-647
-272
-331
-659
-736
-888
647
863
-713
463
-958
-224
-89
970
-342
-677
-721
-971
-999
784
748
-200
-886
997
500
-794
929
330
-801
207
6
-519
-878
-763
-388
-20
-983
684
322
-23
608
-261
-202
-839
-337
959
-911
-58
-672
350
-749
962
