4420
-516
-734
-576
-466
-285
-239
244
669
999
-266
331
-309
44
-63
-960
52
-632
796
-697
789
22
1
195
-446
180
-836
-111
164
-534
-900
-300
714
-58
387
-194
288
-616
188
199
-787
119
124
-883
-186
591
-271
89
576
-360
-441
345
-205
356
873
0
106
4
-427
694
-506
-393
-152
317
-238
433
505
-463
306
-140
722
971
836
-83
-488
771
121
829
-340
831
317
-46
505
140
-191
-542
606
-377
-22
36
-26
89
-670
475
562
-371
-851
-369
-951
-481
70
-199
-202
211
-905
-789
-945
-385
376
-406
-778
-489
814
-326
-376
-573
-587
836
-894
-338
-600
-138
340
125
973
887
-642
-135
-114
-43
-457
652
-254
861
428
20
-550
-857
-395
919
-185
971
867
-524
632
500
-634
897
-447
-497
-485
-425
360
111
-542
-682
-87
81
-386
-171
730
71
982
538
-136
692
632
-462
-80
-637
-259
-450
-742
580
-344
-421
223
-253
-616
-740
987
886
-820
486
-947
-620
-186
648
252
-275
136
324
36
457
-853
-162
494
-607
639
-303
77
148
141
-808
-716
-217
-856
848
-938
829
225
567
53
94
-150
944
988
-729
306
807
-616
525
-481
411
449
-49
-918
-35
-330
-1000
-940
676
-986
126
-489
-390
299
-390
-313
-282
625
148
999
-794
389
-38
679
281
-600
557
155
279
195
-888
-984
190
100
765
-601
-870
-506
654
-756
-369
831
-795
-672
710
307
-703
-86
946
341
-803
-4
-306
-786
-194
457
821
-26
633
981
205
-17
-145
-859
-176
530
-841
918
-263
769
-250
-583
-520
987
653
843
66
334
-626
387
376
-138
716
-827
129
963
831
644
279
-550
913
84
299
-270
-312
188
-666
766
144
-982
718
26
-763
-863
193
-545
969
670
-415
-543
72
793
-965
-169
-298
54
917
-966
368
922
532
550
-488
603
-553
-257
-393
-335
-668
-355
-290
680
861
615
781
-249
911
158
671
507
934
176
-432
589
144
973
-467
-158
221
-906
182
-671
463
561
114
-545
-652
-135
943
-842
-179
659
-797
532
955
763
-859
240
-843
-84
866
391
472
447
-916
-907
-661
-437
-699
-913
317
635
-396
428
126
-611
130
-780
951
-858
-140
481
-650
211
-651
994
346
-998
-897
-705
984
-449
-907
-618
568
-990
-880
660
975
-778
740
-465
217
797
-913
-176
-670
110
-147
158
-286
-87
-101
-987
819
513
-282
-922
80
-968
463
-632
348
-792
-451
828
443
77
767
-706
241
-95
-131
263
-923
-49
-471
-577
-222
-55
-264
752
826
901
279
790
-9
18
539
227
-144
-520
153
143
340
-34
223
-340
-602
613
397
-217
181
-191
-700
-597
454
871
-567
223
-368
-766
69
752
308
32
-452
553
423
-454
-40
926
750
-896
-414
-391
133
-238
877
379
955
268
-97
484
862
-343
332
-690
62
-8
416
-988
449
-212
793
-96
547
-483
-305
721
-73
-644
241
-469
926
643
-610
680
130
91
188
957
-704
-329
-40
-664
-175
-578
283
-299
963
-794
916
128
-744
428
-1000
836
-869
-368
-396
34
-790
156
458
334
-412
469
991
-925
593
-517
80
-570
600
-629
604
-696
-863
-221
-157
-844
-456
-235
361
553
874
-235
-378
-126
224
-67
29
-415
-891
-833
487
-262
389
-278
-36
-453
356
-954
-787
-423
-504
-982
240
-842
787
-227
-87
-465
1
809
-350
-302
907
59
-185
221
70
-377
-192
-416
-469
361
-852
132
836
54
-970
-138
-513
689
-681
-932
-398
-679
-616
-200
-485
-800
-255
-758
307
-458
931
-177
-657
-28
767
-904
-847
196
993
-954
-894
-947
924
-240
468
-899
483
295
872
672
689
-847
827
-819
-586
-895
-851
-433
223
-376
560
400
977
917
457
145
257
-184
-218
-185
-781
-44
-516
432
-451
994
427
675
855
162
544
214
625
-819
632
-56
-751
-986
-436
238
327
-130
-339
315
-497
87
509
281
755
-880
-24
900
-406
-561
701
-507
-783
-338
621
-723
868
-580
606
-105
-486
-157
-532
144
-630
90
317
-30
29
576
-817
748
849
-823
-255
-963
743
982
-517
287
283
524
490
97
206
-985
524
-675
17
104
68
872
-17
409
-405
-185
599
897
435
239
965
-542
-87
405
732
-864
-57
-812
995
828
691
-820
201
-289
-649
-920
822
402
-195
8
991
-806
-553
957
389
-15
-759
723
-5
511
-412
-296
355
-984
-753
-805
580
718
-540
80
777
839
-812
847
-999
922
-664
-644
926
-605
357
962
-76
-202
587
793
209
-992
-790
-905
907
-279
-943
-702
234
709
197
514
123
185
-69
-779
-290
251
642
109
-18
19
16
-732
506
862
967
-545
-700
577
-125
432
-363
170
355
-202
618
-287
801
-960
288
142
-752
-178
-664
37
465
712
38
-804
-910
-952
-820
749
-316
210
46
-858
-361
-540
562
542
-364
-344
982
626
326
-730
381
-66
-282
886
343
-73
-414
980
-84
388
90
204
-987
845
358
981
792
796
-617
-326
-754
-832
313
-365
338
225
-975
-606
968
478
121
-486
-121
353
-923
362
-476
-668
721
-202
717
796
-551
-346
-545
-669
-28
408
-283
437
174
1
-338
-959
177
977
-472
-257
47
901
-929
48
975
-891
412
-16
433
461
364
-520
640
297
-466
256
995
250
-40
-862
-289
293
439
475
173
763
-319
954
675
-397
-806
-534
610
-334
526
973
460
-963
289
-674
591
342
-543
168
-813
418
-572
-235
-516
891
228
750
-53
257
-269
-510
119
859
-451
-878
516
-917
473
648
-610
-560
-869
792
804
-123
585
-1
707
742
-456
584
686
-157
354
350
-329
-211
-202
587
285
-18
-307
126
945
613
-220
395
-681
-321
-565
-755
-10
993
137
-889
315
-63
-423
-392
-863
676
485
-132
-699
226
29
255
-503
-26
724
140
567
481
968
-828
591
622
-724
-950
-977
-399
67
748
-513
985
-245
-612
422
516
132
492
-628
-686
-692
-761
956
929
568
-180
-11
-905
960
342
-993
687
776
-393
581
-918
823
403
-878
-953
902
568
620
-419
-538
-884
760
468
478
-289
-520
-268
-368
-161
680
-474
-217
-470
-399
-522
272
-403
-729
-806
-543
-485
-634
-484
-646
586
-940
-93
-681
376
-206
48
-849
-965
-700
-12
172
565
875
-33
743
838
284
-653
127
331
447
487
614
581
341
-425
201
-571
854
393
537
-269
215
971
298
-371
-939
39
136
508
48
-632
-447
995
343
-537
36
689
524
-210
531
-282
147
541
-953
817
-676
-693
97
-760
-293
436
-232
737
-112
897
148
-467
632
-666
-42
-891
832
-668
-654
-20
-703
-817
186
627
60
601
-808
-276
274
621
999
-793
97
264
31
-920
39
178
-741
-199
628
-245
569
-277
-160
-848
445
-344
550
-388
450
-700
988
-69
-674
-558
-736
938
-287
-605
528
842
-182
793
198
20
486
-119
-274
-794
710
991
262
571
-901
-629
-319
-87
513
410
519
-524
-827
352
-243
-944
-875
496
-836
-428
786
-242
-607
-663
100
187
497
225
-997
608
-234
245
-755
-474
810
-217
-335
-158
286
-714
230
126
-728
-96
-752
434
-328
994
465
130
-635
-486
-528
-271
-296
-146
-231
771
-780
629
977
-704
993
-957
-829
404
-732
66
-964
-109
-148
-149
-624
970
860
772
-137
337
960
-268
-393
908
-898
34
830
-991
106
-692
45
547
405
291
796
-67
99
738
654
667
456
-176
-254
530
975
939
98
-880
967
741
252
-18
-998
-293
-277
-110
90
-97
801
128
826
55
531
-463
-105
430
-15
-148
-526
-71
-384
896
443
-588
-730
-156
-742
795
530
997
653
-315
-747
-753
-518
26
673
-489
-305
981
972
676
-178
-236
-879
526
926
-580
-205
847
-128
378
-257
-473
-209
372
-579
-405
626
-626
498
941
-222
-871
-602
615
323
-522
157
-976
-111
-376
-236
-31
-649
710
-39
545
-385
-944
919
812
561
-391
-659
627
-22
-605
842
957
-501
185
440
748
58
-555
-958
522
378
274
-654
305
-654
-869
-613
-582
-724
674
-464
-307
508
381
480
151
523
203
-737
-918
-721
-459
770
382
-568
-657
-890
-747
634
-115
685
-276
546
-349
-938
574
-425
-924
-72
419
431
556
-245
565
-437
201
-685
-589
192
84
969
62
-878
-754
712
720
862
613
609
941
-267
326
844
-238
-943
-868
-277
-630
69
-330
844
-80
373
-409
-388
-722
366
-489
659
883
372
-361
-113
-92
-921
-718
-832
-935
129
-98
-963
136
255
-638
2
559
361
-814
-377
202
303
-395
302
229
849
-600
-840
508
955
-805
644
942
396
537
101
-593
-142
213
-321
-628
436
-145
222
-726
172
358
-589
-216
-642
600
-100
451
-535
229
-81
-89
-360
-590
179
466
709
-951
91
-475
988
301
-625
725
-120
635
24
-194
-852
-452
-920
406
-224
87
-972
31
181
307
192
294
215
122
-59
441
942
985
897
-218
-47
-507
-837
-226
248
599
465
376
-276
-568
992
-430
781
520
287
-510
799
135
-296
10
898
998
997
26
877
616
291
320
-105
931
-571
-390
-367
-573
728
812
819
349
-770
909
-63
-704
890
108
218
967
-249
-800
990
204
996
732
889
822
-592
369
479
-653
526
110
358
-879
565
-701
891
423
7
-381
-766
48
-852
-312
477
-217
442
496
-728
734
931
-171
-49
-888
-309
-534
733
-537
37
-687
-350
751
841
-711
-241
-502
548
933
929
949
-261
-536
-856
-233
749
-436
-380
225
-683
498
-421
593
-983
-828
328
-303
658
-489
67
540
360
652
585
961
-23
372
856
-337
629
355
313
-495
809
-338
731
707
630
-993
632
770
798
759
-810
-621
-165
627
844
825
-404
-249
-882
746
-740
-250
408
683
-992
628
323
-505
-915
-669
-490
975
-892
361
236
-869
332
691
30
-258
-966
418
574
-472
846
852
-961
598
925
-338
-605
-940
-473
-395
195
258
-795
348
-571
468
593
-889
-323
723
-735
-402
146
-143
433
-83
-53
666
-276
920
-410
357
-649
828
565
314
-534
-367
-650
-354
828
-709
-274
-598
-934
-704
721
-6
67
788
928
593
-573
559
431
473
522
-752
-270
-280
-856
-276
227
-610
776
-225
291
683
662
34
-933
-578
414
-563
861
-169
371
196
444
958
-24
349
-444
-275
-610
50
680
-632
379
34
247
157
147
-30
329
-810
-650
-480
683
-20
950
-280
53
117
307
-993
53
222
-588
973
970
483
596
-184
30
-21
-457
-5
464
225
792
501
478
93
368
750
716
242
981
196
-477
320
205
-252
-183
-39
669
-651
56
753
-654
974
478
494
907
-921
881
399
449
-212
828
-7
68
-82
-725
317
-460
-316
239
869
985
864
302
-579
95
-180
-806
-258
-447
-798
-500
-123
913
-517
429
-253
-975
639
305
542
305
507
368
-92
997
-207
834
879
66
-711
-825
-684
965
-539
784
-474
-431
-637
461
247
243
971
116
431
-557
328
-661
469
921
-828
962
826
-966
-501
-624
-843
558
194
-904
-519
815
464
-505
-430
-753
506
253
766
-810
-915
198
201
615
900
-524
673
718
426
-597
-343
89
105
360
-248
144
-815
-17
785
450
180
672
-787
-291
126
-412
532
810
-702
442
-309
851
831
-360
56
-15
737
-608
-735
166
-524
-926
850
-620
-972
-504
-84
280
943
-574
235
-585
-308
125
-16
-461
85
210
-610
-39
688
-23
-608
795
956
-919
631
-155
726
173
113
430
-518
836
-716
253
-249
-796
763
997
859
-916
-105
143
622
-699
599
674
299
773
930
34
-807
512
-479
962
-104
-358
74
-377
-858
77
-377
-294
-575
116
-252
793
855
882
-921
716
553
162
523
-721
-194
-756
-75
-751
547
-80
-825
-537
-223
130
-574
-947
-985
-910
614
330
566
-90
517
-849
220
679
-186
77
887
-971
-474
304
571
904
-872
939
495
868
13
241
2
439
-577
-627
-21
-269
823
447
-946
323
-834
-764
-6
475
-863
816
-929
-128
-451
-229
749
993
906
245
407
817
933
983
-953
-478
-635
136
-997
-832
-562
-232
957
-953
-60
-99
224
-575
-393
-521
-666
448
-819
418
814
821
-818
680
-565
-518
825
-432
944
-750
-573
-969
904
299
-321
-87
-574
765
-599
-884
-23
818
733
154
241
-654
789
713
93
297
687
-408
-754
231
-164
-184
150
-91
197
-716
363
-209
-215
-65
-74
-654
-79
-759
-517
-349
772
-163
-876
473
982
906
-458
-760
219
572
452
-85
522
374
850
573
-484
175
-110
-428
-780
422
-822
-853
40
-637
775
-885
-594
187
-165
-891
610
351
-895
318
-77
114
321
983
-162
-11
-881
168
-719
705
-194
441
-542
689
450
29
120
-487
-557
203
-265
822
-306
666
201
20
949
88
472
806
566
-393
888
-107
281
-59
753
-424
738
-762
-998
-659
103
480
545
-879
-964
-589
-393
-47
138
-333
-856
94
942
611
-280
-249
125
576
633
181
-91
391
297
-200
-865
180
536
-503
-31
744
920
-580
928
-858
-371
197
866
522
580
-813
-799
-810
-257
525
332
-293
-546
952
951
-512
-518
-574
275
898
842
718
-631
-632
313
172
415
546
-545
404
109
222
-85
79
-727
646
-366
467
926
-679
-271
-391
-293
-508
847
76
-760
205
238
-849
-620
-468
-512
828
-726
-473
-891
-235
929
-312
834
-295
-814
957
62
325
-315
-741
-617
659
-364
-368
66
-524
529
932
239
-714
-957
139
-102
-174
747
-438
365
-636
-234
163
819
744
523
-226
887
814
-764
-346
779
-167
969
-322
790
-183
-441
494
645
-493
512
-66
17
794
93
-755
-607
-771
-786
-274
966
-371
-751
-144
548
40
193
-679
289
-633
-970
-946
6
736
554
849
82
329
972
-136
862
-438
-147
-314
603
525
-328
-840
-264
181
-769
-930
-305
136
-800
931
-657
875
54
-53
-76
-312
428
-407
882
-178
908
26
49
-298
198
65
-638
733
620
-720
752
115
-438
688
-270
110
-429
157
365
444
742
-16
-650
-525
96
714
644
-361
-373
970
-156
599
851
-308
486
580
457
287
-747
-336
433
-368
-828
-354
470
-88
260
-164
-354
623
-542
-662
-536
331
-755
-778
-111
-39
-507
53
-11
215
-977
-753
115
907
-27
-72
106
-572
-214
-905
607
-309
219
21
-463
-43
-559
-621
-365
-520
467
-296
-296
-521
217
870
-434
-132
331
840
-784
993
312
506
-97
-869
-494
853
-629
308
102
918
-228
164
553
761
-435
-982
-482
855
360
572
517
-7
-916
-887
-963
776
-246
-425
-614
963
560
479
-622
-84
-820
833
-63
-641
3
-476
-804
512
874
14
-718
512
736
861
-785
284
15
-400
-998
-686
-681
341
270
-672
-517
-609
-314
139
727
755
865
-583
-226
-257
-154
-133
-461
-632
-399
539
-451
-225
602
-194
398
-992
311
-219
172
422
168
-58
926
-322
-304
674
339
134
-877
-989
779
594
-325
-476
857
-341
-539
829
-448
-956
-712
-583
-933
795
981
-667
633
919
602
424
421
580
-895
-550
340
-871
-426
882
951
978
-843
-608
-288
495
-222
-541
721
-984
194
407
-785
-293
582
207
-794
-108
248
-564
-441
-841
-915
-505
28
-387
-181
-559
445
-999
-412
-124
-278
790
-255
-316
-968
319
-662
88
265
-230
-847
-448
-812
-14
942
178
-45
-161
-891
-908
-901
788
244
648
-105
837
-8
-337
-131
-477
816
-85
-814
790
-391
374
-919
-170
-264
696
-202
53
-842
-871
129
-676
869
-876
-970
769
-367
131
138
-734
-862
-147
-472
865
-994
-919
873
955
75
93
369
-122
34
-8
-714
-985
-993
344
12
190
-27
-840
-228
-674
-674
-678
-973
-355
512
-3
-202
356
-404
267
-285
931
-48
-382
-829
-315
715
-275
-36
347
352
798
515
135
-348
-838
735
-569
98
464
488
460
-530
-248
-899
551
-473
-27
917
-289
741
-170
702
-975
-399
862
-462
468
964
-834
679
727
952
-4
-987
-102
42
947
-126
646
593
998
-695
410
601
-270
-646
-973
552
319
11
-954
-318
834
987
-771
-569
-798
39
-771
-471
-587
278
672
332
-633
783
547
-154
983
122
-514
-761
957
-396
-565
50
811
-980
885
824
272
10
351
646
-125
-593
941
-699
-654
-776
371
767
-762
156
265
625
-381
-91
-217
-836
105
683
-141
-458
-374
-52
-156
-451
-263
552
-463
876
-453
-152
-965
758
125
542
-828
-738
-95
664
-533
-71
-538
14
-522
924
-30
267
762
975
351
-535
233
-381
992
-683
712
351
255
-735
-436
-458
-588
936
417
965
579
924
-217
-696
547
315
-135
796
-169
192
-405
-689
346
230
111
244
956
-56
724
-910
643
771
12
-708
560
-883
921
347
-32
958
-509
424
-261
-356
-776
870
-900
534
-144
-965
670
86
780
704
-737
57
619
-258
-173
843
536
88
600
443
-252
-857
913
750
-741
496
-526
-737
630
978
-793
228
-564
92
801
444
117
-53
782
-700
429
-495
-140
40
-190
417
666
-809
186
167
-334
-912
-557
-91
-185
-327
184
647
-241
-786
-499
872
-35
-42
792
670
86
-815
-884
-528
-803
637
-797
312
-19
760
-921
3
723
80
-387
964
422
-922
-658
409
-236
-591
-252
6
-918
975
-131
541
-513
358
655
112
-994
-7
792
157
-258
-874
-159
-569
-785
76
607
997
691
-326
837
772
327
-862
201
920
-883
76
753
784
392
-169
-806
-826
-94
186
821
-138
-643
217
799
870
164
291
-581
452
-947
712
813
-402
991
-8
502
377
282
-73
-393
581
-954
524
356
-728
-389
-119
-537
-761
778
-780
-370
-508
-808
-76
-286
-528
805
808
-779
-319
-356
-831
-745
-593
-55
-593
964
-583
-223
-759
77
-267
131
134
306
-540
-566
-599
602
-701
411
922
126
-162
818
574
-120
47
-317
888
979
932
735
857
527
687
-570
675
211
342
323
-980
143
-501
-296
190
-226
438
566
507
388
687
-775
829
314
-152
-705
508
739
278
-397
216
505
-176
-678
230
-279
31
985
-136
-616
310
-543
901
-544
-644
-711
-760
-948
-588
-106
724
-564
926
-920
292
-780
614
772
384
-89
793
-662
-388
988
-568
546
299
-630
998
-8
226
70
-133
-831
871
533
763
681
-537
-976
145
-149
-906
-620
-620
396
-174
-238
876
964
-319
-870
-754
-358
488
958
-782
-117
-147
998
-138
310
-92
961
-325
-169
-698
34
909
-578
320
446
657
-101
664
-464
-10
777
-902
119
-290
420
-640
-914
822
168
-912
-651
129
583
-49
273
99
-425
963
877
-679
774
71
-950
-74
-870
599
-69
471
729
-853
-42
120
130
-991
743
-368
39
-509
311
-617
-904
-73
276
153
412
-827
-994
930
366
659
-498
-184
626
-932
-142
568
-397
-112
-7
297
-950
-139
824
-323
349
635
-362
646
-735
573
859
-619
845
146
911
-419
334
147
994
-585
144
-136
840
-50
752
620
-82
-278
-709
783
846
314
-783
9
714
922
-516
971
441
244
295
-318
-933
-893
-323
581
491
483
-208
-466
-720
-923
-222
549
975
-498
-605
-8
225
606
-105
-537
-915
-402
-909
411
274
-270
20
-457
434
463
493
-730
-514
22
779
-604
-998
-466
-298
-119
-19
-384
6
16
-40
428
-129
-298
-512
-727
171
541
122
-199
979
-352
-190
490
457
-543
295
-519
693
670
470
466
-630
-382
-398
242
165
-712
109
205
-335
827
-938
555
281
-680
783
398
-277
853
569
-33
677
-597
286
-26
288
622
715
983
549
125
936
393
-944
757
934
-429
112
0
-860
576
807
-421
29
897
100
-923
-559
305
-805
243
-338
196
-274
352
-212
-568
522
-478
290
-178
353
952
904
-206
-753
-737
-694
-843
859
340
933
636
508
-381
305
-527
53
606
-933
-601
-145
458
-66
204
-479
771
189
503
782
-256
160
160
588
-959
-215
239
428
613
-174
204
-997
-552
212
582
-780
-695
-810
47
-81
-855
433
-876
170
-961
-20
139
-653
281
952
261
-881
13
-198
258
922
-450
464
708
-805
-246
98
28
-429
-752
-585
-223
995
-737
-863
-513
-249
873
22
-373
-462
614
-117
-987
-553
-987
895
-26
753
-211
162
-135
-960
-590
-288
-746
785
116
878
-647
-296
49
784
2
828
-918
-476
-427
896
-542
767
-47
-646
483
865
670
-463
-901
-457
-753
8
260
-530
599
-623
194
863
-119
-384
517
235
-873
-483
62
964
300
-699
-290
-203
245
782
-711
-289
-599
-987
-278
753
314
598
160
708
324
-9
550
-432
354
-175
97
-129
-32
252
514
-628
90
-137
-373
486
-860
-608
-18
-329
-221
230
257
-485
-808
888
110
624
-243
-951
295
-247
-920
-413
-922
574
-372
565
-893
4
-33
507
-465
-395
103
-503
-996
-725
45
-237
-785
-2
867
507
750
-281
-239
-232
932
-384
43
671
372
-437
879
-511
730
636
939
993
-724
-797
475
-800
687
762
-832
-617
-554
119
-276
-256
517
-354
-375
-255
213
-281
473
-841
64
567
-263
795
283
-627
655
483
580
28
-654
536
897
-992
-200
-658
-361
-433
794
-538
-36
-915
20
-964
-780
203
393
157
488
-370
-316
-70
-122
-888
585
-703
-911
-283
-391
-754
24
467
628
270
-108
46
-615
-837
891
856
825
89
-973
34
-230
635
-672
-358
-665
259
733
737
-203
645
-87
-281
608
566
-279
228
-445
630
60
-426
-345
-393
172
259
-157
793
527
-406
370
-892
-883
-166
722
1
28
-418
-392
-458
184
659
912
348
942
-216
690
-195
391
-191
-943
-545
594
-968
-82
712
-678
512
-215
-34
823
791
-857
-164
-944
-568
767
514
-850
906
-562
154
-117
-135
-534
-958
-199
895
-588
427
912
-242
966
93
927
956
-388
-939
-396
364
-736
316
-186
693
-35
-379
943
-351
773
578
696
-652
-226
-861
284
903
-889
-195
-18
32
792
-221
-265
-32
711
724
23
-631
311
192
-51
-679
715
936
-462
-377
-919
241
-785
569
601
789
-914
831
492
518
-434
864
-358
-592
33
176
-301
202
352
218
-617
568
414
704
754
-800
777
-324
159
-298
-179
225
-3
-857
914
723
255
622
-410
896
173
983
294
793
-537
-370
197
737
-902
883
431
754
523
-564
-329
598
881
870
413
8
255
-614
395
183
895
-216
430
932
570
131
50
-343
-157
-455
918
102
803
-196
-193
-839
383
-366
-279
-503
647
726
-616
-992
520
808
-628
962
-848
248
562
686
273
234
-201
-768
-370
-490
807
-576
771
-368
-268
987
706
-321
83
-485
-920
411
-495
198
-658
-88
643
-160
-630
-550
954
-418
118
-588
692
-152
-536
-48
-177
570
-111
-83
505
328
690
896
-332
-741
535
-247
869
972
-377
164
843
27
180
-697
220
684
-3
-18
-517
-81
-556
-575
-346
459
73
575
60
535
-748
858
556
724
530
-882
840
826
903
527
-759
-18
-14
478
-245
701
14
-169
-871
-953
-124
235
836
-742
-978
197
188
-486
-169
410
673
443
-530
354
-861
315
-391
-770
646
238
405
-427
530
918
-740
799
854
239
-208
157
108
-363
227
578
392
963
-119
-478
426
-519
-747
358
-605
-135
-352
-311
-252
-194
-103
-141
-47
-887
-458
223
-907
185
616
90
-561
-234
-355
219
-502
859
718
-199
-725
237
409
638
-29
-52
585
-458
-940
-778
-95
99
-975
818
392
-319
30
-545
925
897
-266
794
284
-524
-661
598
-151
582
391
-357
713
52
242
157
593
-101
-595
760
-906
-705
10
-891
962
164
-849
-260
-600
717
-209
-202
-753
-642
-184
-771
251
976
-548
-686
-535
97
759
555
-536
-714
575
615
-475
-882
-6
-817
47
275
-103
875
122
560
-479
-50
799
26
26
-480
-336
540
849
310
-424
