7188
298
-11
613
-61
617
390
908
-423
506
652
-476
-11
-838
-812
-622
746
-616
-363
-396
-701
-411
-320
519
-961
-888
-541
303
-999
651
184
-857
-779
-587
-325
-395
-441
757
-88
-407
365
695
434
-894
285
-554
-703
-275
-919
-353
467
-805
-834
878
51
237
653
744
-858
895
800
756
402
558
974
310
-999
-361
-790
408
-381
974
-474
791
-533
-41
469
-600
-336
-443
-355
118
-901
653
59
90
864
-954
145
213
-499
-785
-837
972
-353
-692
287
560
-620
415
66
-200
636
-673
-217
30
553
456
-270
180
-955
-993
-949
673
498
-657
-882
411
908
-475
815
978
-469
-348
348
-873
-651
502
-214
360
992
-752
129
873
757
609
132
399
-592
-185
264
-660
-572
-594
342
-765
59
357
-597
951
-997
-962
332
-76
901
738
-537
-471
-826
-929
213
-319
864
224
572
-307
-61
-921
785
927
5
697
-438
-426
177
342
450
-703
395
-429
-75
-623
225
70
-149
239
-930
861
50
855
-184
-692
-685
512
41
-47
-137
-807
-694
518
515
-494
-261
34
526
100
448
236
-29
750
-602
-611
738
733
-493
-640
448
407
-966
-631
-641
324
958
704
-151
249
958
233
678
274
207
209
333
92
855
614
646
428
-539
-445
-434
175
847
999
-636
831
-157
849
688
543
-593
282
-45
436
492
527
650
-881
-220
-230
364
539
-268
-708
-189
863
173
441
551
-415
-363
607
-379
-968
762
-444
399
60
-602
236
670
-932
542
-140
-286
811
-747
702
586
168
942
809
-34
568
-657
-4
441
-366
944
-913
437
311
-542
805
-641
604
-52
474
585
710
-655
-299
750
17
878
555
624
125
543
256
-787
453
-623
-934
912
637
658
532
-252
-953
-43
283
691
258
385
265
973
961
873
-661
100
835
710
-575
740
-717
-799
930
560
206
-243
890
-856
-371
-16
321
-218
-66
-814
-72
-729
-157
-753
451
-889
375
-617
286
149
552
964
109
502
566
-37
-860
245
662
-165
-273
696
579
563
-945
413
-974
-736
322
52
-384
740
765
6
-198
338
169
771
424
-874
-648
442
648
850
354
-991
19
434
-688
-284
-450
-239
372
-822
110
837
-845
-621
-936
-859
-63
-211
133
-918
-393
534
511
627
530
-676
507
-45
-821
-320
-173
758
-753
-807
-210
465
-229
-763
78
-762
102
-38
-187
-153
-981
-501
-11
-942
-31
86
51
-550
-663
26
407
534
-861
-586
-285
-493
-884
348
829
-11
600
-332
-981
-486
-39
-211
-918
591
-470
862
395
-916
618
651
939
-85
-72
-781
653
823
-681
-890
-362
670
-66
-892
-732
792
-1
-719
876
434
-63
820
-177
-413
-419
350
104
864
2
872
-684
106
933
-266
-257
-427
-840
712
-777
-988
501
670
959
608
776
747
306
-632
-585
291
-942
-142
270
-690
-708
-209
-325
558
-262
-900
-717
589
597
372
-753
400
820
-860
887
-40
-939
-905
8
279
-713
719
-555
-81
514
837
312
102
-220
536
-685
-554
88
801
232
17
-91
-41
-735
-687
-224
686
108
429
-545
347
-809
632
44
66
-156
-268
-495
-32
697
-556
230
-907
-873
735
213
-583
-940
-512
-442
815
-713
921
844
439
-352
664
-21
285
145
-366
644
-402
317
572
-546
843
380
-487
-941
775
-856
894
-492
410
-153
865
-310
-840
-43
127
842
-244
61
-884
212
333
-701
997
73
-13
-287
-702
-858
642
93
312
897
-219
-748
715
-145
775
-107
304
-993
410
-404
912
279
474
-903
728
-775
-789
76
-370
-111
-193
992
-258
750
-59
401
-206
666
139
-325
256
520
596
97
829
-583
-940
790
-817
-869
280
507
400
831
738
-618
-385
581
34
-37
-415
-394
-703
-886
-875
-818
615
548
-748
-636
444
-117
823
279
43
342
403
534
-93
45
-177
-756
919
-185
582
-377
629
190
824
-572
724
-4
-757
-712
-314
756
767
-995
957
495
-50
551
-470
673
450
978
-944
247
-543
-902
743
656
36
-650
-467
-107
741
114
-25
-362
-26
-344
-635
-381
879
139
707
-573
479
287
635
-619
340
-520
936
-671
661
461
342
73
-68
-631
549
-255
-751
686
717
392
114
950
667
930
-225
-665
-951
116
-431
-862
555
844
-885
-935
150
-678
-744
202
987
254
756
765
-911
-817
727
-442
385
-971
492
70
-229
-155
-513
725
-251
-778
-299
-732
-796
-908
-74
514
-157
289
-619
-787
-864
-397
368
-125
-330
-978
-766
772
-571
350
-170
-571
-370
224
-377
-12
154
-738
-286
755
-85
-346
-451
307
762
567
145
159
414
167
354
241
-386
131
-737
565
-146
-221
-123
-760
-698
105
-850
-852
-575
-313
455
-981
448
490
607
-795
-418
246
-486
-151
175
-65
598
-36
737
306
901
-584
709
-146
-743
-316
871
322
95
972
-808
-652
561
973
-67
-245
63
-353
528
-278
-312
159
516
-870
-910
-568
-729
323
89
-322
-80
214
916
759
199
665
195
-315
308
-640
69
-396
207
-924
-170
-499
806
163
-139
69
654
-443
739
517
657
182
7
230
70
-684
191
456
654
791
993
-816
-807
39
896
-212
185
-801
-806
708
-673
701
-962
-785
418
610
635
191
718
-628
-157
-870
264
-659
126
-250
272
-552
-181
-656
-625
824
-319
-712
224
-723
-796
749
267
628
388
-367
108
-975
-865
824
50
348
-186
-941
-76
597
-180
-349
222
741
-981
-740
-535
243
129
-904
-296
463
824
452
-18
478
-684
827
350
515
757
829
442
998
748
-740
749
580
697
691
756
83
-429
-860
-10
352
-223
-628
-235
471
-218
-12
-547
766
474
-361
73
303
-350
203
-779
-48
482
862
365
992
-183
462
-412
-16
394
885
786
235
507
512
-971
964
294
682
-696
219
509
265
561
123
490
-411
-765
451
132
16
-828
-177
-642
199
201
802
-614
532
142
466
-293
780
178
-400
-568
620
334
-733
-996
-469
-794
560
-118
-837
-344
152
-531
930
274
942
-706
-976
960
563
959
444
-413
416
916
959
-931
383
-143
-852
-136
-249
974
-645
-794
514
-616
689
579
-4
385
-258
135
-470
-233
626
712
-475
-974
876
77
-62
807
241
-339
-737
810
934
-283
716
96
282
936
387
-942
386
961
-843
-258
466
884
-445
743
-523
514
838
572
-950
139
107
-602
-37
-770
62
299
970
-580
-366
-592
907
219
811
972
-584
838
264
-425
-859
-14
-464
1
977
-853
296
143
69
-532
494
704
220
814
277
173
-721
-440
557
511
-68
180
14
843
162
-126
-559
488
-596
54
-837
562
-969
-611
663
358
-942
541
79
-227
305
570
551
294
-754
-92
182
-900
-659
990
369
455
-198
-966
-842
-530
-223
-81
-334
-902
-247
-979
-913
405
558
-713
590
465
-935
-417
844
-746
847
-417
-316
547
115
531
-318
198
56
853
-401
-410
871
-768
-386
-947
634
-826
881
404
547
-467
169
966
-645
-556
40
-218
-165
-605
101
733
-992
48
635
-453
-721
510
-898
927
-827
240
-357
177
-103
-84
699
-179
-111
-406
-956
-710
-898
-453
-916
-216
-155
-969
571
-247
-822
62
219
118
523
960
-449
-190
518
425
125
-277
-776
-796
-535
604
-957
-48
-736
-560
-676
480
302
-590
-978
-581
172
-560
-306
964
-119
-627
-868
821
404
-619
706
20
-461
-485
668
-360
-172
751
325
404
-179
907
490
289
513
-596
476
459
98
558
-360
-222
606
-944
235
192
824
-937
-204
858
3
-945
970
-896
-99
-277
-554
-306
-442
909
-49
-523
-261
-158
-640
-44
-573
-667
-776
-337
-74
-109
686
-462
613
-450
-769
319
42
-421
-778
547
493
631
-570
950
-913
214
727
289
599
188
-726
-614
7
516
-613
683
362
445
-174
738
12
-507
-666
-687
214
-162
-289
532
-412
989
-346
-718
213
-31
43
893
-657
-928
979
276
-964
13
-932
552
-379
-666
-642
124
-279
-454
-49
981
-103
-920
131
497
-156
674
-961
-300
-166
-16
-1000
813
-225
-447
-275
-665
-449
781
-610
299
-952
-442
391
723
-168
316
-644
-71
212
-177
819
-914
-350
703
825
215
547
-304
-782
290
-416
314
-527
-938
-128
460
927
328
692
880
316
794
-592
266
-81
46
214
-86
-84
-56
-993
-783
-623
-399
-439
0
-212
776
-424
-981
621
-893
-518
-915
995
499
-4
117
918
661
-14
318
609
821
-537
573
522
461
673
-205
-225
-500
-513
898
542
-718
-349
269
-191
854
870
872
-700
-614
748
302
836
-889
-331
369
-314
-590
-355
-933
-735
128
913
-445
-470
886
430
-356
314
-232
-888
24
-178
-605
-813
-678
-646
-329
-830
-327
-870
-884
490
-80
471
53
946
962
547
338
-519
603
769
-65
-221
-879
-557
954
241
281
370
626
-51
599
708
875
255
-355
-259
-994
63
-572
132
828
120
729
688
723
356
-642
-32
650
953
-335
884
598
-192
-278
443
-385
399
-130
185
-371
146
-447
-251
-948
-678
-568
-579
-498
497
44
-618
95
-487
-437
611
-556
369
-632
801
125
-925
163
606
345
-275
723
-76
745
-134
-33
-603
-371
-644
940
740
-406
520
241
-306
461
-659
-90
-717
553
-190
-117
389
-772
172
-715
-916
-224
922
243
-381
-51
-915
-530
658
-613
-106
-289
505
373
-306
747
-458
746
796
-839
-684
381
999
325
-752
-259
312
685
-792
910
-150
-88
-109
182
129
454
743
116
-364
193
-949
186
665
-957
-679
43
876
-173
719
639
667
311
-61
-284
129
557
-671
303
829
884
738
-752
-818
-987
-998
-764
462
591
590
-941
919
-160
945
-263
278
879
-742
658
-741
982
-381
-386
-102
-914
560
-699
129
274
553
820
854
-779
-682
-555
541
-560
-153
-323
-989
-940
-915
-754
-982
333
-232
-979
-991
-505
350
-818
926
42
293
-149
-517
-751
-371
644
251
841
-323
-112
-889
453
504
-63
-534
846
732
502
-939
439
-441
-486
623
590
-586
217
749
222
955
851
-22
162
-918
-343
-845
-731
-64
-923
242
-251
529
182
-428
5
-340
-280
-71
-335
413
418
-952
-547
880
-119
588
-698
380
-398
48
522
996
789
-542
691
-907
125
838
-50
-148
763
-726
506
-232
938
225
108
327
766
-721
928
-752
214
16
905
-436
-32
-139
553
-511
827
-948
-803
124
904
-406
-496
-581
442
-616
848
-523
-852
152
957
295
82
402
-339
-437
391
-369
-36
438
821
-959
961
-305
356
77
-516
-441
-887
166
-308
490
368
215
-451
-528
517
-739
-258
-513
-613
-417
224
369
751
875
59
366
-825
126
-149
-890
-636
575
-313
941
359
776
82
-989
640
610
234
-289
81
-355
510
759
721
-999
-755
-49
812
899
217
-565
-40
623
763
243
-798
95
144
178
-873
333
-592
843
-657
-21
-849
377
611
-364
653
464
719
-98
-616
853
-926
527
-239
-857
659
-455
220
601
110
-572
225
30
188
38
-529
751
801
641
96
-677
446
-615
984
844
998
112
503
-670
-642
256
286
318
366
133
-770
317
900
-507
-309
-289
888
-388
-496
-893
57
-136
-931
-783
598
910
-149
883
-743
-121
-609
545
-338
-758
-595
-457
-558
263
-812
182
119
221
167
-220
-957
-647
-900
-592
951
-403
-643
-794
349
-472
44
27
-5
-905
-396
774
85
-824
-150
-309
911
-234
-957
-395
271
214
-722
368
-783
-483
-638
-496
964
-212
-334
753
578
-87
-915
268
-995
-597
-397
-702
-604
529
448
-312
-11
-208
301
-545
-676
-296
-516
-449
890
-575
-383
-496
305
39
641
-475
-981
127
194
53
475
-155
-815
-649
-597
-12
-77
-375
372
673
819
-515
-644
84
-646
881
-518
-941
701
138
789
525
176
156
-918
784
761
983
652
56
-593
546
710
405
848
-627
188
-409
-350
310
768
-999
-271
602
832
903
679
357
-804
829
762
-776
-395
-899
-656
-458
-975
-772
365
-581
-901
874
-35
-823
-184
-755
-643
-639
52
521
867
794
-453
462
-738
-79
-397
-787
-137
-290
535
-568
39
718
446
-282
-877
-190
58
479
899
20
365
394
912
-239
4
-335
-261
-761
-696
-275
-262
-244
42
308
173
-264
635
731
863
-79
-370
521
-840
593
453
-133
431
502
-761
-931
813
-891
756
-933
877
-292
95
-459
463
-573
-70
-536
155
-722
-112
959
-653
-366
-853
-123
-494
401
-890
-971
848
884
636
880
-969
324
815
-774
-976
420
693
578
407
303
77
604
-515
-438
-33
-627
827
-139
-414
-814
-588
659
263
750
-812
-813
-94
-354
-139
-773
-584
778
-192
768
868
138
496
421
612
482
578
-259
-735
-596
456
734
12
-255
429
516
-125
979
-252
-897
-558
-342
-391
571
-793
-215
233
-214
-434
-276
733
336
395
160
-464
-742
-986
367
162
171
-257
839
-586
-683
-189
-986
-42
-895
88
-219
582
-133
322
77
886
12
-680
266
256
789
-336
123
466
-458
983
-94
-426
-184
141
894
940
-963
573
211
441
-510
874
579
-968
-947
-220
-997
-449
-87
-86
-132
349
715
682
949
-752
385
372
-86
115
646
556
-670
292
852
398
-590
755
534
-356
82
-890
-647
563
777
105
319
-772
-789
-893
-113
-658
-133
-459
780
832
685
395
48
-772
973
-892
-891
-272
-762
-513
961
974
800
-229
667
290
121
81
-850
-716
-402
621
969
259
503
-906
416
-654
381
-689
-797
-113
-840
454
-504
958
249
-662
119
-492
656
42
963
-321
667
-471
-288
371
-836
813
-331
671
-266
838
-416
542
-764
-532
-16
-326
470
49
-269
923
-839
581
316
-516
353
472
848
-257
517
683
-162
-57
935
736
-663
-942
-913
-897
-429
522
-460
-614
55
-735
-890
-56
-157
538
-278
-450
-768
855
-317
-212
48
988
762
-685
19
82
-199
324
246
536
-215
-28
777
-732
-42
-805
-630
-329
572
348
611
271
1
863
141
-42
463
-694
-800
-121
-885
110
984
305
375
910
-923
500
-496
74
543
-248
117
777
612
380
-651
-171
-240
-388
323
-272
-168
-707
233
613
35
-126
-378
793
-347
-832
-42
-63
361
-562
-868
285
-854
582
-98
-335
-322
-855
701
-700
-992
847
-16
641
584
-884
-932
-661
409
-770
-718
158
775
-910
-827
288
419
422
-26
-601
-619
473
766
-524
-59
-689
-249
-356
-363
193
-9
-728
959
497
730
-334
-442
651
-324
-880
-213
-122
-416
365
79
-902
-17
274
-608
-788
-880
980
578
-235
960
-233
939
-863
671
1
426
-78
135
9
725
-459
745
-211
-466
-772
230
883
786
58
998
-744
-290
-786
585
-732
-770
55
664
782
243
310
295
-661
-321
80
-71
82
-352
-302
0
-21
552
703
847
-298
805
325
-850
-103
273
-514
-326
-655
568
-942
310
-952
-495
-134
674
-297
-932
95
-346
131
790
-575
-997
-588
-196
516
182
-957
-839
756
162
-303
-771
361
297
-924
-995
805
46
444
-639
459
746
660
703
-966
162
581
-15
502
-527
692
-316
-808
-873
155
-640
27
302
-684
-161
695
932
-974
-692
-932
-598
-166
330
-396
520
-977
62
-933
-902
412
138
986
427
-999
-618
462
-771
608
29
504
146
362
-927
317
-885
-589
524
158
490
-148
469
-638
-347
-225
-53
-706
-182
-276
129
567
-615
178
790
783
-829
-38
704
667
-659
-611
-348
85
-111
-778
-860
-3
-735
834
69
122
920
900
-276
991
143
-11
885
920
313
41
-832
355
-564
-660
-72
-20
-547
315
833
-591
614
335
-946
-348
838
-797
-292
-481
-443
-473
-306
-623
-830
510
-347
614
764
-574
-708
294
-679
-264
814
-300
310
-499
-636
-314
-340
591
623
948
-133
-312
110
-679
38
85
-3
-9
-134
966
138
-601
748
446
405
-675
542
281
275
-406
-402
-467
-817
-36
-20
-215
-738
-704
-859
-325
-19
568
33
-754
89
-217
-651
-704
187
-328
869
-527
702
-305
922
-409
-738
231
-148
927
671
-997
-420
-386
-169
-816
-559
437
-663
-561
-211
963
-81
-543
90
244
-253
-669
-937
375
-566
568
-295
30
238
734
-736
-546
454
-280
55
-138
-140
203
823
-147
-6
837
-327
180
-502
935
934
-150
-727
-317
189
-706
847
-592
447
95
-274
-246
-21
288
365
-889
881
-921
-752
-380
-395
740
-491
-546
-589
687
-195
13
329
-358
933
-149
789
-826
48
-302
-5
897
707
-397
-109
876
332
-606
174
155
-176
-881
403
-458
-544
-384
650
-419
-985
-55
-365
312
-158
-338
788
-980
285
463
-338
921
-234
-990
11
-832
160
-129
566
-366
-857
548
406
516
-710
-503
-1000
-145
-774
446
-152
-589
-243
416
813
-788
255
-102
-226
140
279
776
-635
-808
-367
71
-2
383
205
-39
-197
-315
739
372
-296
-242
848
-118
166
677
594
-637
406
-180
-723
-346
259
78
-841
-745
988
-864
-218
-54
-659
951
644
165
714
979
-532
-156
935
136
-428
294
567
381
870
-747
-529
-435
157
371
309
-85
856
319
-134
-109
718
647
466
924
559
504
-660
393
-973
-655
-174
-113
593
-75
-801
-832
462
-898
759
581
496
207
-920
-677
-387
722
-325
789
-139
881
23
-497
-551
928
786
754
-666
-458
-251
-317
706
701
-517
-137
-782
735
341
81
-251
896
-83
43
-831
987
-347
-477
952
901
764
-836
-650
-307
-404
790
-742
101
-525
-648
-977
-950
-5
-694
725
814
184
447
449
167
-834
543
334
-751
557
114
942
750
298
88
465
510
747
182
-16
-567
-146
140
599
585
-922
993
925
853
36
-497
417
184
-754
-564
-62
-399
-34
237
-149
691
138
-993
-742
-468
-789
-80
-20
594
-612
-393
23
-87
-607
-380
-942
-318
-687
466
661
-578
-574
-327
697
-48
-784
-832
-485
-304
-167
304
-910
-997
584
804
-678
40
123
637
-19
-731
-412
705
446
176
-71
131
-63
-269
-872
-898
730
-250
74
-566
160
-808
-766
978
-594
840
-973
-692
-346
477
747
903
2
-794
976
-861
313
-212
726
-982
-422
755
58
589
519
399
365
969
97
-908
816
-568
28
501
-359
-141
-737
78
112
-667
107
685
440
-517
501
-677
-195
-136
-542
-551
-666
149
-114
-91
455
277
-631
332
-73
727
-66
-455
-696
37
-128
-788
936
-343
-460
-474
499
31
310
-128
467
373
329
-581
-91
-610
-114
-830
457
983
767
379
342
-543
-791
-963
711
-579
388
140
-378
485
-623
191
-12
-585
15
563
466
205
-951
792
-354
519
-673
-967
126
43
560
-215
98
-558
-511
233
-263
83
364
598
-941
621
568
591
-98
-306
-527
-780
-224
-463
-492
-375
-481
-652
810
-598
-640
-89
654
586
-918
304
332
-156
598
-548
-217
706
870
912
599
219
31
-66
-210
-858
260
-382
86
413
608
-420
-327
-226
943
-936
779
-341
490
-823
-424
-79
-34
468
-442
-235
-552
-40
-586
-454
783
-4
813
128
-819
-447
153
-266
507
-890
-733
-944
-999
-613
-960
-845
343
-259
50
-259
-334
799
-543
18
-834
746
-334
322
445
-597
210
-538
153
747
-862
777
-284
-404
974
195
-183
-258
219
703
142
-734
669
895
713
-186
946
38
716
-577
-81
531
478
21
469
-515
-73
-712
735
202
248
96
-166
458
5
-926
-47
-720
752
238
900
768
724
805
997
579
-486
872
-880
-616
-933
-692
-412
-330
-110
-230
-815
-996
-755
867
352
553
688
464
-951
-601
-218
695
-618
273
-970
-775
802
246
-754
377
876
-586
-434
-537
254
-711
307
523
213
623
-178
749
-420
-62
64
816
-775
-729
165
-657
212
-316
-581
607
-448
731
925
245
887
-780
-608
449
-74
489
-999
-313
834
891
-552
398
-875
-861
406
722
89
-782
-681
-828
304
-775
-149
577
749
709
919
-737
-93
-862
-646
-572
25
640
287
657
374
-93
335
140
-370
-924
240
-629
825
-827
813
-100
-404
690
-525
-78
-409
-829
118
-151
-614
-706
-818
42
229
521
-271
971
-502
909
-642
446
-847
70
243
-711
904
-201
940
-379
-603
298
921
16
553
5
554
-610
403
-200
57
-964
414
851
-427
-171
728
517
-234
-851
-688
766
898
-661
186
422
219
963
323
87
-558
561
-900
101
-868
274
-251
-1
527
-964
375
957
-262
302
301
-200
223
50
-992
-71
605
719
-594
-903
-882
-852
-953
-584
761
-434
-109
90
501
-526
963
-229
-516
358
418
-317
55
-895
-472
533
891
115
460
-15
-880
-921
514
-279
474
694
296
-271
198
869
-423
736
675
590
893
259
-278
-756
621
672
-149
191
-938
-633
-859
-832
-694
181
-238
655
221
802
-435
-904
914
987
-223
-220
-301
458
-945
-501
-297
417
27
-218
-45
-123
-812
-765
272
-969
-802
51
-508
-722
-594
-259
320
-592
-207
549
-603
-544
-519
-153
436
-415
-571
381
225
8
-180
385
-93
-497
-378
796
-869
614
-393
316
-610
-364
-183
-684
992
428
-187
-371
847
-453
-707
-166
-135
-147
745
282
491
223
-900
-793
-952
-673
210
-165
82
895
248
-510
279
-7
-840
442
-181
460
-224
-313
62
741
254
-253
10
-823
-342
354
-564
-594
704
-460
-804
-678
568
196
298
115
-748
-147
807
-139
-490
-339
-771
-334
-309
513
316
-301
599
-609
-781
-915
-354
-269
903
703
92
145
642
584
-381
-407
235
-907
175
761
-99
-72
-153
-276
55
372
-287
592
-703
309
-878
902
-891
220
-14
-958
-271
-40
344
-846
-424
-320
-57
-261
511
-579
516
-290
507
757
499
-470
196
626
445
-165
-138
881
-416
625
-123
-923
-301
363
282
-52
101
-702
-594
-838
-95
98
897
-223
15
211
-392
-494
138
-490
641
141
73
-485
532
-603
397
831
-168
-673
-490
-270
638
40
-734
-954
-194
838
675
-172
685
-137
220
233
872
-346
552
798
415
668
-857
-747
-640
-638
565
-513
-241
-987
280
-662
960
-301
-457
-968
897
945
18
107
-10
847
386
-388
466
19
-595
-165
-290
178
-283
608
-774
205
-497
368
-946
72
-725
667
-357
-522
501
338
178
192
230
167
-112
244
-521
-692
870
-454
692
413
-223
-510
-455
-822
426
-663
-532
-100
892
-229
454
-551
-84
-750
767
-381
874
-852
53
-134
740
-741
329
882
577
-715
-826
-769
-687
28
-642
-867
606
136
-589
12
878
-288
31
-536
504
664
-943
-442
1
-379
981
923
-702
187
-226
583
856
-265
-430
350
-697
56
706
167
124
-952
437
-786
-386
329
224
-252
47
-709
948
502
405
-982
131
747
655
-204
-464
998
38
663
355
396
-173
857
550
143
23
-622
240
-135
618
-781
-533
-379
-45
-502
-909
-393
1
621
-563
731
-124
692
-143
-934
459
803
758
890
651
869
-567
-291
184
820
-678
-615
739
901
-909
536
976
737
-43
-171
691
-435
192
-393
87
939
143
171
650
409
-658
569
440
695
890
777
-285
279
-557
-162
860
-291
-192
272
768
-458
-97
-568
-766
-491
263
852
-159
647
588
218
-826
-888
-738
-391
860
15
-849
-565
-692
-924
383
-424
451
386
774
-524
243
-216
925
-345
-45
-391
-487
-611
52
-829
-27
148
-159
829
474
-797
577
265
174
411
797
153
-441
-315
-152
525
730
-214
128
283
-651
306
736
728
229
52
959
658
580
-132
9
96
-830
-470
647
-47
-641
-169
-131
-431
35
-61
-175
234
714
186
-61
-409
367
-91
-451
708
-268
684
-88
257
-549
-231
-392
-843
501
328
-859
639
500
-470
776
-264
-258
281
318
69
-591
-378
284
-280
-771
-274
-353
565
-877
219
-962
-558
-40
342
223
-200
-619
-6
322
359
-337
-491
542
790
-370
760
102
-457
12
653
136
616
155
-201
66
390
-733
549
17
588
-376
817
-425
-726
484
-843
952
17
630
-883
433
906
-650
567
-634
-298
51
-25
247
704
844
935
-162
543
823
748
775
-424
65
788
60
-464
-877
-837
60
958
-339
-932
728
-145
-719
-348
-310
723
-785
483
34
821
-663
188
-930
-71
818
812
-587
797
-873
-569
800
-910
522
-531
373
884
-185
-132
-30
404
-522
47
514
743
-756
644
767
-841
45
-452
597
-185
322
779
639
-988
242
303
304
55
-895
301
-513
-889
-814
-873
-928
300
874
345
27
494
-653
531
332
-388
425
-159
-906
-1000
-11
-634
-828
223
-141
360
-930
583
-862
612
-444
465
295
306
362
-691
478
163
240
-675
-209
-473
-211
-510
-679
939
-952
226
-851
175
146
-660
74
934
-557
-78
384
934
191
-796
-573
32
421
-802
-514
-999
-332
791
-175
583
-598
-630
265
-153
-629
-638
-517
-325
138
767
-675
-222
-649
181
-704
47
565
819
109
219
-569
977
347
-651
422
-958
-342
-776
-271
233
-944
534
914
-840
-130
672
-391
-476
-882
-969
631
-876
-965
-995
409
968
412
453
-561
-857
-562
201
360
864
61
905
-356
98
-625
-783
102
-329
-482
804
155
139
848
373
955
971
-763
-428
-573
-376
-580
533
-259
-566
-95
668
213
129
-217
-251
-664
-665
-914
208
715
978
433
-439
-459
-363
-896
-331
922
-682
-603
-727
454
522
996
-283
-478
-419
259
-482
421
606
-892
73
-326
486
-820
738
330
-455
625
-212
70
-59
-44
372
-940
663
-536
382
-493
206
-625
193
748
-57
-176
-786
183
-601
-970
587
-233
-681
328
-737
3
777
896
-346
914
-391
-229
-861
-494
-113
-660
837
-203
257
557
-622
-839
950
-797
81
-717
-715
-676
-412
87
-901
-744
-862
-298
-533
961
-94
-604
767
-567
-941
788
-227
799
-631
-877
102
-243
-623
-370
824
544
422
177
786
-811
428
126
-665
-291
-134
773
732
797
-539
-986
988
244
167
-640
-372
-487
-290
-299
184
-447
288
-500
683
42
844
706
-114
327
-548
831
888
985
184
-367
-877
-106
-460
-361
399
-920
825
619
-512
-588
672
108
-909
-714
-630
-329
750
-890
-722
914
-156
665
-598
550
-392
22
-262
54
921
-766
631
-448
-772
827
-266
-754
520
862
849
377
-534
22
179
-84
-280
402
29
-448
-749
-879
694
-919
485
556
335
204
26
-416
-156
155
-340
-410
-418
-961
262
129
901
-47
-182
340
963
197
-290
157
-572
467
704
-750
409
355
-118
310
-228
756
338
376
-466
-54
872
-487
-100
82
946
-24
-464
-717
581
-37
-796
-462
137
732
321
689
895
910
805
-314
-529
234
-61
-364
873
-518
245
-600
-963
513
-676
978
759
166
344
-562
-526
571
451
798
-259
334
-937
-538
634
-373
160
-813
-781
156
796
-967
600
-18
367
279
659
-559
564
697
-531
236
-979
-246
-695
682
11
-236
990
933
713
758
834
93
-781
-352
561
-315
388
-114
477
-917
941
511
-513
-526
721
-127
540
-578
557
-102
-316
-901
661
869
275
41
585
904
-646
648
247
862
-712
-867
843
-347
-463
-786
129
294
417
-224
-774
509
138
-902
-916
724
952
-971
324
912
-314
802
-184
-361
-342
-376
519
-179
-197
-279
657
-870
-61
640
-605
25
-289
-950
-438
-897
-701
958
937
518
-646
697
-394
342
811
-966
990
-673
-40
-457
-903
309
512
843
248
744
4
-563
907
-466
343
893
-177
-912
942
-339
-396
-578
-569
329
397
208
229
-171
913
442
825
738
-546
362
-307
925
-67
-175
-405
740
880
924
842
-234
-904
831
-696
645
-12
749
691
-150
67
-331
449
470
-886
-20
511
305
337
-988
934
545
-184
982
-550
72
-968
-751
-787
553
532
-34
-175
-263
-339
783
458
-769
949
676
225
391
-5
186
-907
985
-347
465
731
-224
380
664
-393
634
-239
7
707
-869
-531
-808
156
-2
486
-174
332
-487
-626
276
-575
844
70
-741
-579
-394
-337
-976
-441
-492
593
193
510
-281
164
506
-626
961
-996
256
555
-965
-830
-518
794
-538
-403
-676
-513
28
-529
-591
-799
-574
43
-476
-838
125
-59
875
699
125
882
-959
-436
-485
-178
-33
-128
-294
-115
-362
87
-179
601
395
77
-427
-438
623
703
-27
579
314
-530
308
-327
660
-707
46
831
-113
261
-280
-260
324
887
222
-946
-583
-47
234
-88
-548
58
979
-25
335
-825
-272
802
688
480
-953
16
-765
-323
-713
-477
-674
745
-130
-974
433
809
200
420
-752
-186
-11
40
-306
-11
-331
-30
-377
712
834
256
-677
430
-6
506
2
245
-840
344
48
-560
-242
845
567
-77
-511
881
3
443
769
-467
-938
75
-28
-784
305
-143
574
958
107
887
-754
-441
-127
-235
568
-378
-198
-733
698
544
-490
-100
-258
-500
-317
-257
-357
-190
-293
959
552
-132
-419
-262
943
-711
-650
-665
249
-736
-788
-264
-421
-654
743
-881
957
-680
684
-339
-653
-149
407
406
970
-29
-59
-608
-912
-553
-164
585
-32
-637
-361
-792
-519
952
-335
892
-165
669
925
98
925
-333
64
-478
-819
-186
-868
-696
-843
95
-487
608
342
-90
-862
-662
228
-523
202
-786
-722
760
-679
-551
-920
-239
-505
661
567
856
803
246
-40
-977
-656
-63
237
883
-99
951
389
-834
-449
719
967
-758
462
-830
571
-64
137
-512
709
-722
598
-784
239
839
570
372
-639
581
-671
459
576
-23
859
176
-128
-541
788
-33
-745
-771
77
-8
-784
-207
556
220
-280
283
-499
644
-247
858
-605
-431
433
512
-928
-273
494
152
-276
-622
-616
-25
149
-302
-261
-613
548
-205
911
768
-440
317
-394
-735
481
779
417
-212
410
783
-433
-274
-652
690
819
814
108
-392
849
934
-72
18
406
-677
131
-707
-847
605
-94
-552
465
666
130
36
748
302
929
692
-184
-267
-859
-109
-38
-656
-660
916
586
-938
18
-747
-385
-206
-23
-435
572
-790
-616
420
230
496
306
498
993
593
369
47
-170
-102
223
298
-813
-949
-879
-459
319
-140
-192
-739
392
875
-858
856
11
-832
130
695
415
-536
-425
139
927
-875
-249
-140
-894
-457
39
836
-887
-549
-256
641
-172
-95
-734
-310
737
-356
100
273
-430
147
-884
375
410
660
-57
469
-668
-120
710
518
159
-638
854
-46
-118
801
634
-795
248
788
23
-561
0
221
-836
-444
-892
-898
-564
-109
892
704
985
-364
319
611
190
843
157
-816
-711
809
-469
-406
211
-399
395
-478
925
56
728
954
-438
69
555
401
675
-151
-979
445
571
840
970
791
-161
421
-18
-96
201
-292
895
482
978
568
-970
-95
-479
181
-85
400
-267
-608
748
31
186
346
-199
642
11
123
-657
-610
-363
771
-592
76
276
-36
-564
448
-995
604
-354
-813
326
-329
388
620
21
993
348
285
884
16
-392
-151
-498
992
-338
-508
249
544
-65
-717
704
-55
642
-413
971
-513
828
-219
-947
-336
573
-682
282
-262
874
-755
-973
585
-301
-626
-736
462
657
-516
808
731
366
59
656
202
-960
450
-322
494
-173
415
184
385
-510
821
926
652
-702
961
513
-379
523
842
-98
467
-812
-889
475
733
698
-246
-3
736
-867
298
-124
527
-489
798
-365
-91
-119
-651
-673
-554
-669
563
980
627
864
-234
-465
-36
-84
-729
-101
784
-141
891
-533
-736
184
-647
513
146
686
-346
-423
674
-458
924
677
-926
-250
-967
757
81
-318
-908
82
-630
74
-982
584
643
-608
-505
-450
-682
724
-160
-285
-467
-594
-276
-841
22
823
707
291
-698
580
-801
374
986
784
-593
92
-8
-940
491
-467
-460
-74
209
352
799
-132
189
-198
105
987
904
-745
471
-656
-776
-252
-944
154
-219
918
-735
-958
875
-422
-464
-39
-197
298
-914
732
-292
-983
710
182
-881
-293
-590
275
-480
-108
-516
44
-664
444
754
-301
-321
59
787
92
783
-650
102
391
-124
-362
-295
886
-160
-766
-521
143
-85
-39
259
-433
-409
94
-367
9
-783
-928
356
-678
-172
804
-974
634
583
289
931
-526
359
168
-200
68
-673
622
-71
-485
627
-104
-137
-336
285
594
-336
694
686
156
-208
-829
-634
961
117
-693
-785
901
-949
-534
387
810
-971
126
159
-417
-819
671
-897
-218
-717
588
648
256
-158
979
-332
40
480
-99
-232
-664
-92
-524
-286
-132
-623
-767
78
-943
913
134
968
-935
93
965
539
-785
-216
-709
952
897
28
-963
-173
-673
396
-35
359
-2
184
-167
265
409
47
832
873
324
-929
322
837
750
568
547
-935
-220
222
-261
561
876
381
957
-417
452
487
-974
55
-377
553
-559
-265
761
764
94
180
32
454
348
992
-113
577
-448
168
143
-924
-700
-982
-404
-723
-348
579
-390
-64
-568
134
-365
-231
-18
953
702
893
68
586
-484
-466
63
-945
-110
206
75
186
-625
475
-896
619
-407
665
-787
-113
-856
925
-365
87
-978
597
-351
-141
-367
229
727
909
615
-628
873
-445
-307
693
-94
844
-252
345
114
-725
40
546
694
-287
-242
363
243
-963
826
467
446
383
42
-752
186
-166
-413
-464
-593
887
-154
-598
-780
-330
830
-317
-854
896
248
-915
932
632
399
282
982
-913
868
206
969
-585
-425
722
-776
255
580
-539
-246
-659
-404
605
604
811
-241
827
-646
-648
195
-868
970
-562
468
652
-954
35
-360
-762
-124
761
-947
918
403
-367
498
-177
356
493
-225
936
771
770
-559
-287
-592
828
-122
339
-562
91
97
-522
-840
220
27
92
-805
995
-361
362
-556
-685
431
983
966
928
-624
365
-137
-597
79
285
-583
-355
950
607
672
-961
864
-858
-123
374
956
-254
-906
-932
897
767
135
425
-97
-949
-759
977
-803
-699
245
-490
-187
337
198
-242
-408
840
-736
816
-625
204
769
568
303
-775
-334
858
-760
-378
681
675
10
-533
799
-374
773
941
489
-682
987
-283
869
-679
884
478
-253
858
-834
-675
893
-911
175
-661
-667
395
-23
542
489
749
-376
134
69
-715
731
99
-170
491
-692
-573
662
-265
-914
-647
-487
413
274
345
-429
611
-826
384
276
355
-245
49
-831
11
881
442
-209
2
145
565
926
-507
-282
266
-271
896
617
-542
-122
552
-104
598
-794
676
835
582
-678
-324
-957
-859
551
-838
902
258
968
-883
891
-351
-408
493
-426
232
152
728
897
-842
259
379
-368
-835
747
-516
-625
-752
-305
-92
522
-344
508
794
808
-495
221
-501
997
-767
-640
-27
-517
-792
630
-382
-339
706
-489
-765
-17
74
-720
-990
677
-823
-806
729
374
876
648
624
-356
-733
701
769
619
-906
375
249
108
914
-116
-857
-666
-31
255
-810
-281
-376
47
807
-348
25
845
72
779
-455
407
-223
129
780
-490
-547
653
588
-784
-827
-817
489
107
-376
911
714
255
711
-914
-366
231
-516
-501
813
-284
-261
-28
-839
253
-543
-282
226
-378
601
-876
870
-756
686
192
-249
555
-774
-759
526
-563
-436
-911
-35
191
200
-759
-835
401
585
747
358
153
274
884
-275
-459
-526
636
-585
43
341
-141
-116
495
295
634
-185
-95
339
91
730
-65
410
374
-290
-834
63
-438
983
-783
-545
-4
54
-284
399
-522
377
-184
301
-145
-915
890
-696
-877
436
-126
572
-369
225
-891
725
-741
383
168
-699
-636
-910
626
592
773
-987
-820
676
-543
434
135
135
-560
161
378
-727
436
488
935
-360
-186
-496
313
-175
-606
40
-948
836
636
738
-935
145
-547
12
477
-897
-210
969
325
-868
431
126
-921
526
-475
-871
-256
391
-466
43
758
855
610
342
-103
347
696
177
747
-188
-15
-728
120
-797
-874
176
-908
-288
-887
153
-560
-455
122
909
-7
-409
-391
261
285
493
434
-694
954
474
490
536
869
-803
356
959
-348
-1000
113
-685
-263
-946
-46
980
-997
-250
219
-632
626
-975
-331
275
-529
744
128
393
-650
478
852
266
601
372
866
76
-750
-852
636
327
236
598
445
-151
62
-170
486
-231
-826
758
70
-135
878
215
-651
-907
398
-765
622
793
590
-114
-905
719
133
363
-18
628
-557
-149
818
60
-233
-640
-310
-500
-738
-577
-634
-906
-807
244
-736
546
777
639
62
-745
970
-3
-216
985
-103
306
-336
-324
-333
-543
-734
934
-548
-482
-598
-637
809
266
93
-830
-550
606
229
781
39
371
236
54
326
-994
-732
-164
647
-599
608
333
476
716
243
-443
-152
-677
-509
-811
978
-935
-103
815
-810
538
-184
-786
72
-58
-760
-878
662
585
990
-40
826
519
-198
-647
-696
413
-4
-71
410
962
131
-753
486
829
-764
357
936
768
403
-539
-735
434
-255
-509
108
555
291
650
185
-120
410
-802
-568
-722
-380
305
115
603
-785
961
-632
216
-171
398
562
-629
-967
-583
-605
552
444
600
-176
-57
-869
679
89
-830
953
792
867
-763
-75
-901
-12
856
-296
984
939
376
-3
665
153
977
653
5
592
-360
534
247
-714
324
-537
493
-123
589
-822
92
227
-419
-609
-63
-487
-652
753
755
67
199
-632
628
499
648
202
997
-607
896
206
-935
483
-119
175
786
997
537
457
120
630
-504
883
888
-113
994
-679
-567
-832
40
-972
154
-776
-287
88
902
-464
975
-309
890
373
604
477
205
-127
-414
920
-626
277
-391
-843
-36
-91
684
232
958
-832
-267
634
-877
554
759
625
931
296
-278
-98
-331
-665
-400
-222
522
57
-762
-690
-490
189
-137
981
191
313
-774
-832
-611
663
380
831
-446
-758
872
775
-717
268
387
-372
196
485
404
-964
-94
874
896
-395
-470
255
452
-76
855
362
-421
731
217
646
-320
-50
-848
-192
989
-821
423
-14
193
-333
-498
-342
-463
153
-976
438
469
-10
-268
-994
-221
663
990
877
-583
-76
-507
-898
-861
-243
-928
383
957
51
745
308
-349
432
-845
-821
-188
-492
-504
-840
660
861
971
-67
592
-558
173
71
-947
364
875
487
185
113
-444
811
-797
367
248
361
-233
594
-421
-153
-895
2
89
-646
-221
-245
-780
154
146
714
313
-322
-54
353
-783
313
-511
-584
-717
480
521
-367
-362
-410
-849
-427
-75
-41
-47
-97
-997
-211
573
-843
-803
-14
196
175
-25
-205
-467
134
-402
541
-154
746
549
-856
597
351
-740
332
380
-987
66
659
-789
227
-693
157
-801
496
-788
378
-839
-3
-173
616
810
-590
100
-631
602
212
574
-401
840
431
445
-569
-101
-138
-264
-240
-842
148
-710
-26
-38
302
654
-512
886
503
883
-478
-358
-273
-753
-561
185
217
960
446
989
744
-515
-504
-140
517
-996
-52
-281
-177
-516
-513
-4
992
562
-381
337
-456
242
691
-583
-647
755
168
-60
-178
629
587
-922
-248
686
792
-567
