720
-868
-468
-926
376
-371
15
-546
216
154
470
-12
654
-639
-853
-499
222
244
622
-876
149
-436
-203
-839
663
187
-415
255
195
202
799
-192
-219
81
-457
512
905
-395
-780
-514
-681
-389
-960
-489
671
-613
-68
485
-799
576
953
5
89
-309
710
-890
70
-201
886
-195
134
-328
-643
598
384
-947
-633
101
-979
-892
949
-22
-317
44
260
322
80
246
-276
-614
911
-827
467
95
122
452
-677
321
109
646
927
486
-766
-615
165
-230
-545
196
-929
4
984
351
84
68
705
2
583
249
773
-506
-511
-321
892
-217
464
-427
732
-629
394
-99
-321
-900
-417
460
-323
-31
699
-287
822
-693
-251
242
926
-629
632
-670
-875
-527
-517
-64
610
-641
-946
-759
139
-452
131
-68
-92
468
583
-386
786
-292
508
756
-822
788
820
910
234
853
-4
-140
-620
-310
659
551
483
-868
-971
-454
651
-395
552
-838
961
645
818
-8
-988
-829
-171
-584
-745
-453
-408
-158
-547
-42
-956
-891
-241
167
312
-389
-100
402
-871
648
14
-857
-647
892
117
-660
-270
504
722
953
-48
701
34
668
936
-96
277
-372
-343
-55
730
-965
-274
-309
-423
-91
876
-962
204
-571
-818
-600
347
983
891
-118
-733
-552
881
198
146
9
-400
415
-815
947
-891
905
-706
-572
-111
735
21
-633
166
-13
651
162
62
223
-9
-87
487
539
525
944
-289
-296
232
669
-249
537
804
108
919
-703
-955
572
991
-185
-153
-714
-971
-778
-541
-770
864
-143
-150
-605
208
-524
337
-576
-329
661
-759
-635
776
-743
-470
-161
-277
996
-724
580
426
792
-926
-741
-933
-274
-525
-777
-102
771
22
-187
-415
921
889
-949
-921
-545
-226
64
-749
-677
-141
250
-516
-381
-515
595
-145
219
144
-907
-565
456
541
20
-308
-477
-728
811
-926
-471
516
-850
93
-416
430
-642
-953
-540
-61
572
-418
128
367
-443
-163
-360
-925
715
423
114
130
484
-193
565
-424
-373
822
249
903
-667
-542
542
-416
798
583
825
939
770
548
-775
-94
23
941
-56
-656
-377
-287
637
-767
156
-953
-482
598
-92
-438
-510
-983
884
798
-316
-233
649
685
-956
734
105
787
488
708
-440
-382
864
-607
-697
403
-649
507
871
426
-379
988
-389
884
81
610
698
-848
-556
947
164
823
825
778
124
-407
160
994
-316
534
818
-194
231
-539
-370
643
-897
-204
-910
-957
-714
-163
918
-553
938
2
-494
344
-998
-747
-417
970
-787
262
-5
-411
130
-743
6
929
-687
-541
-342
253
-864
-831
-713
-4
994
-267
-484
861
235
14
802
-650
462
-941
-78
-932
791
-436
55
-222
-236
574
270
-21
670
-48
-918
-67
-138
-898
-396
4
-854
-950
-641
-784
86
-919
-423
813
-649
657
510
-131
-436
-771
-249
308
229
427
-112
-385
-531
-525
-762
545
708
340
-817
-996
-123
-68
244
-599
-233
403
-775
724
398
-75
686
662
465
378
158
736
-570
180
708
-334
762
-91
61
-539
749
-966
312
-901
729
455
-806
-383
899
-544
927
365
299
850
91
826
62
540
-594
254
-693
685
101
452
978
539
509
-966
-905
429
51
-423
742
-826
-217
716
-351
687
287
192
389
431
-440
887
811
105
983
-200
-534
-478
205
70
377
638
953
-661
-590
70
-201
514
-686
488
630
-66
638
-308
487
553
15
206
226
909
190
284
-877
249
138
-691
737
-159
-298
44
559
-763
880
-719
-836
811
412
-262
293
235
-817
523
-454
-328
-137
-785
749
-154
-552
681
966
-372
737
-308
-508
264
61
211
-689
233
310
-627
-583
-387
644
-327
451
647
274
-982
-373
268
929
-360
-430
667
726
-621
876
-505
-817
-444
-399
-62
-380
-223
-656
-57
40
-211
-925
964
382
-886
830
274
408
236
-879
483
-806
971
941
887
