3556
-615
998
-32
-694
-426
174
761
-114
-843
-370
194
509
300
-263
-578
160
-226
-577
860
-736
521
-618
173
812
588
-618
378
-730
341
833
734
667
328
798
830
300
-452
929
538
429
592
888
555
-358
-149
404
700
-895
-47
-894
-379
528
865
101
-574
-372
-5
-942
834
827
95
-616
-357
-594
913
-790
-949
607
120
186
-454
-669
453
-845
187
-917
129
-733
-399
-723
-160
-861
-466
954
705
-459
-137
44
583
233
-317
-418
546
668
-526
-744
-842
173
474
181
-978
-659
909
707
-919
-989
-905
-922
514
-455
419
-423
-963
-538
-836
-334
317
969
-143
-399
307
943
354
-43
946
-991
135
-885
-19
-755
-688
-77
833
974
-409
-511
815
-581
594
-3
849
-806
-492
552
366
-193
-477
828
617
645
-956
14
724
871
-190
706
-590
-837
-498
-597
137
59
112
894
-730
-206
28
305
363
64
-288
-202
-380
-726
-998
974
-377
369
-906
364
-599
477
132
-985
-691
-939
-72
42
999
-82
-565
-580
735
142
719
984
465
-421
848
40
-639
549
166
-733
-948
173
-473
800
762
401
889
453
768
293
-843
-383
-878
-817
-121
-302
-235
110
-638
707
-990
-920
-655
630
-938
415
-808
-694
6
768
664
297
256
-712
-831
-31
669
882
-526
-611
-653
961
860
495
-9
-73
644
-836
-977
-992
-873
-844
838
-306
-55
108
-808
33
822
314
653
-334
969
428
691
445
251
-890
163
-55
130
-426
534
-170
-901
-795
673
129
-637
-659
891
-298
351
-415
47
-669
635
446
973
-427
-161
-692
-230
-110
-242
-528
968
-750
488
914
241
26
592
885
-355
-634
855
-888
-989
-733
871
-343
635
630
-948
961
-718
876
-644
511
935
31
184
677
98
-478
-118
-647
228
-998
782
-823
-502
-471
429
-897
27
359
-139
796
129
671
372
-221
-540
-13
195
-875
257
-371
112
-395
-486
-636
-669
-712
-360
-297
962
843
955
-999
432
512
-862
569
432
-522
901
-868
407
579
975
-471
351
673
938
385
88
-173
-781
618
-374
451
-116
518
597
-919
144
996
313
105
-223
371
-639
314
-131
-530
-950
-273
-769
-87
546
132
-862
551
508
-810
-960
-59
352
910
489
726
-834
60
-49
939
-829
125
-50
927
-76
969
-519
-788
455
459
31
990
354
-434
141
754
523
-464
829
-293
750
-107
-404
65
205
-149
-535
-763
-863
-74
537
182
511
871
-377
969
582
285
-168
-855
-267
-392
-739
-245
122
-682
-173
588
-220
-451
-620
-247
858
-764
-432
-309
-492
702
870
269
-569
-381
715
171
719
44
654
713
-892
-501
546
957
-417
-763
682
26
-794
-339
436
-150
-333
-897
-740
-282
275
-795
1
677
-470
841
692
-736
-285
-872
-900
-546
917
-145
359
881
514
-587
-469
699
649
165
395
670
443
-394
-91
351
-102
568
-104
-778
670
-323
-622
-475
465
-974
-24
899
-38
-807
-657
99
-169
-331
-969
6
195
352
-233
-55
-745
-724
787
460
-227
100
-566
833
239
-897
-276
61
990
593
-887
510
927
-755
-892
-711
319
26
55
-705
503
-415
-960
-869
235
336
857
843
413
31
-506
-472
559
573
-841
-109
181
-251
396
30
-360
-813
40
533
54
-964
-145
-505
983
-801
9
885
-197
-121
904
757
-961
650
278
-77
-913
-127
72
-395
-939
611
223
-839
431
-912
-787
958
-385
-360
804
924
76
694
938
-799
-107
396
-375
664
294
956
595
520
243
255
834
710
-143
614
429
-280
980
956
-249
600
-781
-412
306
273
648
-813
-623
-919
547
-612
667
-70
-754
-315
107
-738
-165
451
51
759
842
422
385
-567
-105
179
-326
-843
-720
-150
-189
242
-60
739
-193
890
-282
-54
-365
702
337
-60
-539
679
-523
-531
-318
-630
736
-336
350
-585
-455
546
-202
591
469
-565
610
-145
-564
-350
871
-995
-971
-44
-935
174
-130
848
-579
97
-248
-894
476
-452
303
-854
-861
-623
-904
-968
535
684
-957
71
695
-20
335
51
-294
203
-163
440
391
-852
-820
712
-269
976
-13
-247
-92
613
654
-311
372
492
992
142
-126
885
-297
-722
531
777
28
-40
470
644
-567
-930
-700
861
-26
-800
502
115
-868
-123
529
-603
394
-552
-148
-738
598
-307
178
-500
-661
-225
-173
-772
416
-393
181
499
906
-565
-56
-677
-8
-896
806
904
-341
-962
233
646
-359
511
-89
-431
599
290
-23
-63
-813
3
-295
-832
-828
207
-887
-152
457
-778
-223
-962
190
978
48
-747
-770
-866
980
129
978
677
-700
489
599
681
154
920
509
140
238
112
699
-770
62
939
-736
563
-118
-897
773
0
-453
-131
-465
834
-860
519
-400
92
-816
380
-739
-805
-981
-911
569
567
-787
461
960
472
881
497
801
-94
-45
578
771
-673
584
-828
-520
-680
40
-587
-322
-929
758
164
962
236
-160
92
-848
-766
321
-944
661
766
980
-315
-507
139
244
-538
-935
-156
-146
-120
-272
727
936
-388
918
-190
171
506
-494
-978
-565
336
-983
-220
-249
-490
-64
-400
428
-324
-258
-415
-364
-237
608
713
11
421
-537
-921
531
915
76
-609
589
-983
19
-45
-184
-801
845
401
-826
767
-217
-456
25
-643
64
327
958
248
472
-588
527
892
-732
70
396
690
654
96
868
981
90
171
141
752
-77
-498
-989
-903
483
44
-19
117
97
507
875
999
597
60
123
-888
87
92
-388
884
774
262
-663
-353
612
-126
55
562
286
-226
202
662
-22
-856
-191
316
-887
789
242
358
284
913
-752
997
-510
276
-343
-895
-705
-164
-340
366
-119
-723
-584
273
92
-430
223
463
-802
142
217
-450
396
-652
277
315
435
911
-726
23
-694
639
748
702
796
273
-70
-603
276
-391
-971
-176
-542
-914
-405
93
-966
483
640
304
-197
110
878
-580
-3
-538
-141
-277
4
-754
-279
-454
801
-664
500
804
-697
-632
-780
-823
443
-474
-343
187
-428
639
-138
549
-542
-567
-945
425
892
-719
-68
-588
849
-493
640
-561
832
389
3
-875
771
-511
-982
460
550
-260
345
658
-586
-216
-241
86
820
-622
-721
159
-952
537
15
-851
482
76
-423
-374
-484
702
207
-915
-916
522
-565
795
982
-868
-748
-726
-66
-701
397
163
234
658
904
531
-619
765
-360
-514
176
150
-732
993
308
692
-617
995
-669
-612
-172
134
876
-449
694
416
-692
-48
-426
-991
370
496
774
-288
-789
-24
746
854
76
-30
-634
-681
910
-603
-30
584
692
-5
-389
321
680
-432
-941
529
-589
697
840
600
-677
927
290
518
918
-953
70
-723
813
719
-216
-987
445
278
61
-36
-426
-728
30
343
150
-186
-168
-374
-624
-802
-815
192
982
284
501
136
358
61
702
-420
559
363
-14
831
-91
922
470
-734
-934
-691
481
674
-819
-74
667
466
-849
-615
-412
177
-369
507
33
968
8
-324
-847
-606
96
718
29
424
817
-111
558
-584
933
-659
601
817
74
539
-715
-738
709
977
237
-851
818
-328
225
-358
-534
-53
-25
893
829
-931
-625
-452
-817
-313
52
-306
943
-850
-178
-578
-894
845
-492
-888
31
52
-914
899
-109
605
201
747
164
198
84
-999
-221
288
488
-318
187
-813
388
-823
470
684
-362
209
62
-652
-267
-940
-351
-786
539
-487
-771
700
-848
-75
43
974
834
-639
-679
-727
-447
-253
95
0
-234
-836
-733
-334
-732
445
632
-785
615
-121
465
-24
760
-434
-28
-110
818
-600
-759
919
-465
616
-206
-519
140
-350
-828
500
-644
-918
-973
-49
200
-18
92
-194
259
-980
315
-633
-933
-415
-595
-914
-789
144
-832
624
462
299
423
8
-497
-576
394
-718
860
483
-534
-614
-808
820
113
-32
319
-883
-56
362
-460
-549
-542
533
918
-362
502
-246
162
-722
954
-887
-574
-876
-342
-651
675
642
760
460
-732
-888
270
-240
538
276
271
-793
-943
157
603
188
-148
-68
-959
655
-947
-456
350
-624
-527
252
-220
195
51
407
71
-960
832
496
785
-101
890
-764
836
59
742
750
319
137
385
-207
682
838
-369
-299
-340
825
371
-596
-660
-12
-933
575
996
-910
-61
-710
145
943
-166
-288
743
19
-814
-164
-766
477
352
118
935
-727
-573
-690
56
157
945
297
983
-794
973
757
-686
825
-715
666
876
424
-872
-290
813
-988
677
981
-321
457
558
948
-615
811
-165
-640
-487
-469
-229
-888
938
-410
294
268
278
-22
-962
568
852
-331
147
449
-110
380
405
-22
-162
644
196
899
702
497
-716
559
-544
937
253
145
107
740
622
-813
-140
467
-847
338
413
-167
74
73
-361
-38
-183
264
-647
719
-785
816
393
3
-739
-722
198
-626
-777
98
-936
-853
264
-116
31
-585
-625
498
-647
617
791
15
800
312
213
-277
911
14
90
867
612
-985
600
437
241
-459
962
-949
797
-540
-421
-367
-744
-987
17
-876
251
585
978
777
909
412
828
312
-301
523
-605
-909
-769
-861
603
-490
-839
-72
86
685
507
446
999
-228
-475
-328
261
831
-703
-133
-501
-49
322
-67
364
-402
-970
-977
308
607
650
-187
617
53
588
830
-272
870
795
-620
765
-741
122
690
-46
-857
-860
-131
-952
113
938
-896
828
-96
-888
-488
960
83
565
120
626
682
-807
-118
-118
4
745
51
-291
534
-819
-910
-497
-748
211
-939
213
-945
61
-985
-328
-325
-507
346
998
188
544
-211
-318
844
-384
-470
-84
-276
-44
975
-261
453
42
374
838
-903
645
579
-638
171
377
-966
790
488
-301
-965
42
112
-426
347
926
469
304
-512
359
783
539
584
-716
-919
-81
-969
-818
124
-251
651
814
-827
598
-803
537
982
-111
-73
918
230
-52
-756
-623
-715
226
-567
-696
-159
-325
-346
465
942
409
-456
-786
357
510
566
665
-436
-917
-698
-150
-642
-812
-508
-952
-778
-193
350
476
-387
-309
-449
-143
-530
589
-154
279
258
-363
-382
871
526
-545
828
-288
-523
-475
-655
176
602
979
251
494
646
-701
123
532
850
134
-108
11
610
291
695
-242
-418
-550
791
768
-210
690
-920
-982
194
-96
553
-228
443
-823
299
-747
-807
-546
237
-226
978
-938
-330
848
748
506
750
-298
999
-342
-279
157
634
13
352
295
104
341
93
879
-817
-735
468
-808
-451
908
-55
-50
-49
-861
-686
541
-233
-573
-502
-448
777
-111
174
178
-158
-29
-441
-159
-330
331
-619
-112
5
-268
325
699
984
725
-625
-58
-962
211
-530
-34
-418
-892
716
785
-392
-115
-486
-55
-916
764
745
-445
-922
226
-632
-226
341
952
-438
-273
-681
-894
3
449
499
225
943
346
626
-13
431
265
362
-779
977
956
-615
-392
522
222
842
913
-413
-740
-217
-965
621
-455
-500
-9
-669
-857
723
-173
-453
-570
-478
409
-984
474
125
958
-657
388
56
-741
467
563
686
280
-65
499
-937
276
224
-605
-503
-238
-851
420
782
-691
-269
910
-82
891
-655
-67
-423
-512
-579
568
-301
746
546
594
-132
-871
-633
-39
-517
-735
-36
-356
839
696
915
746
-847
-70
-503
-555
-31
-723
128
454
795
-370
-598
-598
-915
-902
-604
457
-791
233
77
-169
362
4
177
-828
-284
-697
-122
446
-99
-782
-606
-10
593
-343
-281
144
871
780
-851
435
-930
-271
426
545
-238
956
-960
1
-575
240
627
56
-459
288
597
6
-210
783
848
-932
605
389
80
-453
879
-222
-454
503
756
-83
-867
-341
-373
502
660
759
-292
-438
388
-540
113
196
936
967
-750
-320
711
-892
268
411
-657
-806
-947
-10
288
-84
830
-887
983
272
-995
997
517
-432
198
-638
988
94
190
-297
982
-395
-36
-185
-799
-550
-44
680
-629
-47
2
-352
-426
-724
815
952
-377
319
-126
-926
289
-354
-810
119
-870
391
404
489
-218
189
-403
7
472
-951
934
-977
-14
373
577
-531
644
-589
-524
2
-567
7
-200
112
-230
870
-145
-350
-563
-250
-317
-248
606
-556
-633
-17
-216
-619
-803
591
655
-684
-380
-65
-739
-150
442
579
280
-980
918
325
-163
894
-869
210
-293
470
-982
-805
494
-325
615
251
422
27
-491
281
-685
-36
-175
-781
-865
-54
312
-214
473
-129
-282
-819
-343
-111
108
-434
-91
-234
-835
496
623
946
949
-398
888
-799
87
21
-490
368
-607
-711
237
-251
750
630
540
-529
984
870
39
567
-745
464
-243
-618
-805
687
165
433
114
-831
-934
-752
-58
-485
656
76
486
970
-31
-266
-433
-44
-119
468
-905
-691
58
774
-922
710
-243
663
194
-673
-810
-1
-107
45
2
-475
269
55
32
370
16
218
921
-911
761
605
125
370
-541
-962
780
-339
-671
11
541
548
-488
-291
-658
-430
-998
-369
-215
287
-400
-292
720
-171
963
-746
-59
-19
951
-205
728
290
804
18
733
-344
98
-884
-791
821
-448
325
-903
-499
833
577
815
-804
612
-109
-582
-996
-481
-895
-95
-842
-408
-92
-803
597
207
-965
496
-394
-214
-674
-171
-853
-242
992
-252
-161
-872
-658
-46
-171
-746
-75
-733
217
52
-416
974
839
-58
670
-292
74
-161
-846
-549
285
-724
-524
-635
110
-560
885
-440
785
-323
160
546
-288
-980
-229
939
495
473
-947
287
653
62
361
-266
567
-215
841
-942
87
685
-426
-715
331
-317
35
-356
-880
922
-742
235
-612
-718
-706
-458
842
865
512
-246
-448
-273
797
710
909
-331
-589
-391
639
-851
-268
249
113
-219
-828
-355
129
470
-467
424
-177
748
-926
947
-143
-639
592
-139
-45
634
447
-495
-804
-595
-680
268
-532
-67
434
138
850
-684
997
-299
346
-387
-865
-184
692
171
-444
782
719
665
-368
2
-525
878
-824
994
495
812
-961
629
-953
646
564
-858
351
60
409
333
-667
-924
-338
-328
56
967
-804
-133
-729
837
302
-799
-619
5
937
-659
-488
781
-932
82
-144
555
146
-869
-891
-674
-716
776
281
-860
-372
949
572
-352
261
745
894
-105
-290
-744
-592
-264
973
933
595
-490
592
-296
514
-77
-370
-648
940
26
524
149
473
-439
620
-588
-386
634
-16
536
139
764
828
-39
609
-366
-310
516
-255
-296
455
287
368
-146
474
-457
-634
99
580
824
886
-114
-94
-744
888
-517
624
-992
-782
-591
-647
376
229
-884
9
206
148
716
851
515
511
329
-866
978
413
129
746
-130
40
608
177
-473
-462
603
472
24
774
761
836
640
-423
462
346
-550
-80
-43
159
-292
699
985
78
537
-178
32
-648
691
-656
325
-715
368
940
-896
680
-488
-75
-844
945
969
455
-427
524
-602
88
85
-601
-653
686
9
721
-155
122
-548
734
314
353
-672
-889
-59
-836
572
574
979
-187
-970
767
-801
98
734
-142
-66
-162
741
44
-215
578
121
342
-923
-173
-706
-43
-448
-923
522
856
521
78
-307
-751
572
693
394
602
-662
200
-537
137
817
-291
653
-562
573
-688
12
553
-358
-868
431
888
-43
-731
-905
-338
-930
-863
-58
432
508
-521
-149
920
-643
63
-443
508
-680
-71
949
-678
-350
650
84
-870
137
-318
-18
965
127
616
-22
915
-905
-794
360
-16
901
-463
774
-88
-443
721
-226
-990
780
-913
79
361
-190
780
-10
-315
-988
-754
-808
569
661
485
-65
917
924
-964
-224
-821
126
-869
-811
303
105
-566
-453
631
90
-240
-358
690
203
584
796
981
-723
-379
-484
512
573
-548
-867
-992
54
-512
-812
381
308
476
211
179
-32
408
642
206
493
-722
924
111
509
-409
628
604
112
511
-318
707
91
231
-339
-194
-63
-503
-426
786
97
-635
-225
225
-469
570
231
400
-480
-479
804
-61
-523
-893
-997
-27
579
-149
-658
-445
31
822
-126
-488
193
487
44
-877
-557
935
-88
-748
360
857
-762
-810
630
-484
562
-715
33
-422
-947
945
102
301
541
-676
96
608
590
-771
-613
899
-45
295
147
825
-226
707
471
908
471
-919
672
416
-916
750
440
-635
309
-521
377
374
-349
588
547
-802
-107
-536
793
746
-697
-995
72
-998
39
932
-459
289
-683
-990
610
-709
582
342
445
-626
-283
-658
981
-439
-169
26
-982
234
473
152
-592
-404
440
-994
591
-755
-979
-601
875
989
467
564
539
-366
-634
-780
-969
569
-182
718
-29
551
453
827
514
-867
874
-799
-391
-998
-237
777
930
42
-22
-878
-423
-244
148
-993
-505
722
203
-533
-632
-463
-762
285
379
-216
-953
-634
-378
-562
465
-873
-93
516
-781
-416
122
-359
741
83
-356
716
-705
407
-166
-388
33
185
-864
428
642
-20
610
-606
376
-687
865
974
-176
-14
-615
712
-357
-408
266
866
-826
-292
-543
-787
468
-678
499
647
954
-734
-58
945
-810
-583
331
991
-387
-36
-821
873
-496
-252
-67
623
890
229
-878
-455
-199
-768
702
188
934
313
898
104
322
402
986
142
-33
-202
-656
943
761
419
-660
912
655
14
297
874
770
458
20
653
-871
-493
-493
-331
-563
501
528
228
728
330
817
175
-667
128
-426
869
-508
-552
318
234
925
635
725
946
30
151
-34
-872
-462
951
-359
-610
-368
-639
-174
351
-451
313
-986
-384
-641
195
210
566
528
678
970
-975
891
-677
514
501
678
-475
973
-695
299
266
735
-792
-827
-737
-127
405
-956
-941
-271
476
-51
946
-669
-12
480
425
-39
-288
375
-343
858
500
-119
756
-783
-347
-968
245
869
-407
-483
-548
561
174
-67
455
159
391
136
-244
-619
128
-673
-286
-532
-222
-865
208
-359
-862
654
253
59
-972
-15
55
-48
-242
871
543
-125
-697
-298
-319
-346
-258
992
833
-137
454
-111
-591
-541
447
888
-49
-780
-176
160
-373
40
-304
-582
-202
400
-267
-408
679
321
-76
584
-265
-278
934
-853
364
-509
571
-383
-638
-498
-392
-365
261
-243
-996
-147
-84
384
385
-90
-337
-424
-882
-323
89
237
249
-494
312
89
-38
-706
-271
-465
-806
607
-975
-549
538
-300
111
-744
865
706
13
488
-915
-895
-740
-861
698
-394
-305
-257
704
-819
-488
-889
-282
-606
-177
604
-651
924
-927
-411
-936
967
-907
-140
127
413
-598
327
931
17
268
-409
836
-697
-107
-479
174
-461
688
-865
-663
269
-712
-190
-768
-211
896
-595
489
-136
108
945
531
-265
-900
65
398
193
360
-63
516
469
-969
384
-714
-618
154
-673
-575
658
-491
861
47
817
-834
736
153
391
366
658
-246
405
-156
310
63
531
-535
325
-517
-670
46
234
-473
673
1
518
326
207
927
736
-825
311
691
77
356
-35
-180
408
7
-77
-771
510
-356
840
-50
424
-527
-466
-720
-74
-455
-698
-850
-235
288
218
-913
-964
-310
743
119
89
-187
661
989
-525
-692
821
-584
11
-579
-634
242
-60
-94
35
703
-452
91
685
678
502
-211
-944
-642
166
596
-684
-620
-312
484
-381
-216
845
717
-975
-984
-381
749
-643
628
-737
47
19
65
890
-815
-500
-551
-107
579
-749
-449
299
