5467
-852
-291
628
-120
-476
108
-4
-606
-264
841
-75
970
-718
923
31
129
-901
391
-239
-921
-34
566
-933
976
-162
-641
-349
-879
259
-496
81
-616
864
-594
790
949
48
791
871
568
-305
-352
184
-232
-827
-144
-125
845
605
376
743
-789
-940
653
-307
364
364
132
-634
-455
-32
-936
-575
229
-94
939
633
278
-384
-505
-310
-704
-122
416
516
-513
620
-216
296
896
592
590
383
-355
-241
676
-406
-604
-692
-53
-380
-972
419
-99
-556
307
-73
-457
-865
622
-649
817
-870
461
928
-853
429
514
-820
198
466
46
-264
-291
-323
-351
-413
494
-186
972
-206
-584
-687
292
-176
946
-529
6
-909
742
-915
-335
842
825
-838
-972
578
567
-473
-363
-504
-801
742
267
-424
73
-795
201
340
544
-140
-232
-479
-912
-847
0
-933
28
629
274
-103
44
-552
-76
347
50
495
-342
-512
200
886
-931
628
-265
-408
795
-282
790
923
-196
-313
973
313
812
-50
693
8
-279
265
15
315
-37
270
733
-782
442
80
513
-547
-959
877
-528
62
-530
20
-846
475
354
148
328
-941
-197
-897
427
-568
-549
-995
-19
-790
-171
765
702
469
-956
455
-642
-256
-376
-932
601
-713
-162
703
-92
-317
106
-435
-461
628
-908
-777
-540
-320
-340
416
-293
-186
-165
-46
11
-997
840
-901
286
-394
-285
949
-223
-761
-735
724
927
-239
-779
456
-599
-439
-169
-750
63
22
980
771
525
-760
-30
-609
868
582
-34
-543
979
832
612
-936
-829
-174
-390
-113
668
937
-630
-933
-905
464
-278
509
625
260
-807
551
-583
-474
632
-85
-841
-546
-942
-433
-824
573
-134
-691
-790
-117
-64
-233
-992
-786
-497
-777
658
-212
406
-587
853
24
96
658
834
184
787
-832
262
-521
-478
20
-714
679
-305
436
972
462
-175
427
562
417
-371
-196
186
-178
388
-685
903
-253
-487
70
876
-340
733
-774
975
489
-215
-606
570
-770
279
355
926
917
-850
-477
-301
238
-104
-305
-879
-650
849
-965
-396
-27
718
-59
-928
-175
-200
35
625
865
-108
890
61
-500
128
-64
56
975
844
-887
-29
-675
-174
558
419
912
-301
109
-999
-322
-624
857
563
-440
193
-159
767
44
-282
270
-41
826
-792
358
-194
-109
891
-737
-267
77
-365
333
314
-893
-641
507
-451
-423
646
264
-80
-658
-771
73
219
618
50
589
-470
22
-952
-178
-525
347
-337
770
-889
-141
79
-543
437
524
-927
-63
165
683
-934
-18
152
701
725
901
457
-200
-676
543
-384
-64
-445
603
-893
997
-687
804
-583
-502
347
-46
925
576
-465
-404
475
625
-262
251
-790
473
-394
-791
-730
-529
36
552
505
881
-431
-496
-107
829
-760
928
-528
-340
341
-10
141
-712
-767
345
483
-17
-369
339
-340
-272
-991
-115
-404
-158
-520
-846
-20
-29
-506
-571
578
-546
-463
15
-705
-458
455
912
532
-817
665
-729
-734
-676
-571
-419
-307
-302
-220
987
700
348
108
923
-721
-344
851
-388
445
110
-79
64
666
-335
-832
896
-239
814
-349
-353
756
305
-880
363
-323
296
395
176
-49
-321
961
-954
734
857
-386
-181
744
416
907
92
-322
-508
-169
-532
67
543
737
-617
-848
890
-769
608
-398
664
767
-665
913
-608
-537
-842
-419
808
-870
26
471
-772
922
543
313
-114
85
741
-749
-184
-850
654
995
797
-536
-487
-832
525
897
521
883
535
-711
-274
-701
553
-627
-379
-532
-45
52
-613
875
-791
54
-563
-232
759
-652
-773
-529
-609
664
250
-243
-307
554
985
-155
-804
139
492
860
466
434
660
-73
-362
-239
815
478
-110
787
-341
749
627
932
198
-617
-995
-595
962
456
-884
362
180
-59
549
-774
-837
-254
-693
-61
-51
912
-323
751
-323
320
-964
551
745
-551
-197
234
80
-478
-113
665
-943
-132
726
259
-834
-337
580
-376
864
-352
408
124
-316
-565
-515
-629
146
723
588
-637
-850
-45
703
-942
-217
832
-512
-243
445
-19
704
761
65
186
-668
-470
-444
-965
330
166
465
720
217
-523
774
294
-954
-456
-355
969
-829
691
458
-540
-878
56
-163
-153
487
976
775
212
571
825
-599
278
765
759
-873
-466
851
-200
380
-789
-802
761
-393
613
-565
-146
195
-186
598
-494
357
-330
105
-917
-514
-462
-382
-360
497
-984
-541
-645
-898
962
915
-707
604
700
-174
930
181
-988
761
42
-469
333
240
-559
-120
335
-919
-716
-316
366
569
-928
-864
-90
855
-743
495
-880
717
675
260
-316
-788
-303
-187
203
940
-600
-977
607
-784
366
980
-831
-280
389
304
-618
-176
302
-215
-784
-314
-965
-331
389
-983
-378
-379
574
684
-553
126
-450
-774
742
24
749
484
-275
176
-304
486
409
-488
918
727
-931
-945
-31
223
211
-357
-305
419
192
-527
-219
508
-765
-873
-185
965
234
-142
-490
739
384
-327
54
-257
-617
-118
-949
799
990
-374
-848
-269
-433
904
-77
474
-472
-117
272
-155
-317
138
953
227
-923
-86
575
-228
-161
-782
63
473
804
586
60
128
-168
-414
-332
446
97
655
258
877
-738
528
-416
-683
-864
207
-841
-257
552
-766
-155
-124
-673
641
-727
-540
-4
-61
-483
-414
-458
-639
-335
204
-698
604
-32
-375
-233
442
-943
923
-451
75
12
949
111
874
-617
918
723
943
-211
434
-315
-751
842
897
-365
-328
-107
-767
104
-527
-343
407
-621
43
50
771
-61
-321
-591
-559
-703
252
-356
-820
-198
-48
-923
13
360
114
629
-79
524
508
453
728
106
247
-151
538
800
-290
105
708
756
821
830
848
-758
-94
-843
-461
399
-903
402
-161
-955
-779
-859
537
-5
-526
-846
-443
567
632
255
653
-845
994
-385
-416
914
-883
53
455
909
-500
232
-572
31
56
66
323
281
132
-796
-302
226
190
-694
-915
911
-446
-858
-318
587
393
492
-525
-509
-802
105
569
-767
-575
161
438
466
485
-572
-685
-810
-860
-372
-232
276
802
-619
362
-921
174
393
126
73
469
151
-276
571
817
-369
350
238
911
877
-136
145
942
576
-46
-857
723
966
721
836
170
-970
612
-332
887
793
-391
376
26
261
687
238
80
-104
151
427
694
750
-604
264
537
-322
705
-729
-423
583
353
-208
652
-701
578
-644
942
-59
187
-883
950
-252
-764
-888
628
900
197
-800
-953
445
-809
-416
-405
346
-170
629
543
-575
328
662
373
-870
855
481
242
-931
698
-685
517
636
-238
-941
-876
427
592
187
802
968
580
-700
861
-934
352
-2
-588
-118
-262
-23
774
888
-159
354
422
892
615
-371
-598
762
941
-84
914
-127
860
185
-187
-352
-465
-538
-25
-987
-738
-898
776
996
-826
647
118
688
644
215
-350
809
80
912
400
162
-570
-470
-984
-851
-641
443
985
582
-194
901
-211
-39
519
-580
392
-688
922
162
170
45
-611
33
-76
-639
-409
-859
375
198
-279
548
-280
271
87
570
-849
874
996
981
431
719
892
634
320
-39
-150
322
904
-83
-694
212
296
-53
409
-320
130
416
-312
885
-727
-59
208
64
64
-808
-289
-509
501
838
-464
573
823
881
-231
-485
-239
579
430
795
411
976
147
600
-778
369
-354
-233
965
722
-677
-931
-277
-823
-359
-805
431
673
-655
-489
988
-413
-857
776
181
128
58
285
-186
-578
613
-789
-635
76
280
-558
151
835
160
234
111
827
210
831
-254
983
-760
-650
-394
-98
770
155
553
231
-610
-167
-851
928
-654
-27
721
-213
-395
-329
331
-250
317
565
353
-795
308
606
230
-386
692
160
-574
833
-399
711
507
946
-458
-365
-785
932
-105
-812
-924
-156
-763
-795
-922
783
977
-286
-449
-703
-712
-665
-58
59
844
342
574
544
211
-956
926
-340
-248
-511
657
-462
-16
-589
964
-944
999
-450
-899
865
-503
-462
923
-449
-340
176
-664
-414
714
-790
-262
698
493
263
-167
-539
819
975
460
-195
-223
473
412
817
-300
959
-838
-642
386
10
-148
-342
-945
-528
-78
-834
-580
-58
743
-291
-39
723
979
-251
267
36
-211
816
-967
37
382
-905
352
-494
-671
532
23
827
838
531
797
-115
166
-123
-754
-573
944
528
852
488
738
614
-279
-825
100
-369
-101
609
-162
742
-935
-710
-295
878
202
-271
-557
495
701
-566
-804
-671
394
-390
157
35
951
-834
265
-71
455
857
-4
352
526
-1000
-32
222
79
-221
318
315
-58
866
-319
534
465
-727
-122
-618
169
626
-992
-242
926
-219
152
-261
449
71
337
-563
-709
-755
121
895
-358
843
540
-699
-947
333
131
482
-828
-656
-199
291
-182
-338
718
-228
-657
-91
-235
892
-978
-301
792
-113
-3
321
11
960
707
-744
-18
921
292
-108
-868
681
-521
-893
-256
368
776
378
167
-294
-918
261
912
437
-988
393
880
-591
-852
664
643
-124
530
-241
732
-297
483
63
286
-784
654
103
483
-644
834
618
137
-295
-618
482
973
-627
-125
481
31
503
620
816
-763
400
-402
886
-548
669
386
134
-40
724
735
-186
-259
-759
-100
263
-634
324
195
534
-509
288
-831
-50
-576
-622
-518
-905
-417
-796
-758
-369
88
893
838
-733
903
735
609
667
-269
-995
603
-336
-897
-521
-93
426
874
-861
909
-22
-783
-550
46
-240
-701
-212
804
954
309
593
899
362
-292
-691
-166
-29
-856
334
772
640
449
-91
-949
705
697
831
-10
-174
-400
495
-573
-582
327
-982
912
-275
-884
239
-301
-706
676
417
-774
885
695
674
-451
921
-252
77
767
970
-59
-848
-733
205
-658
-91
490
101
-545
-645
363
-246
-855
-410
860
873
-227
-305
957
24
640
537
-684
-124
-981
722
898
505
-722
-398
-411
-499
436
-477
-585
761
290
204
915
-347
-230
-596
183
47
-292
640
405
120
795
929
820
-405
621
-835
324
-821
428
448
943
440
-373
-770
810
-131
-478
752
-661
409
810
-375
-828
-808
388
-60
-627
-275
803
-164
-992
-114
986
-345
-210
-772
560
288
-161
990
848
-96
695
-567
-915
440
-381
206
-621
-803
-733
-480
408
256
-766
-288
946
-855
-896
631
-190
-49
144
-465
750
-905
-723
110
-52
679
888
-336
473
-954
-115
-767
74
-910
-156
708
810
556
115
898
483
372
480
946
296
-803
963
-463
-930
29
-374
927
-230
-572
183
374
661
678
484
-249
93
518
519
-638
533
-544
432
-718
-211
163
255
660
604
90
-638
-686
-103
358
-916
848
345
394
402
33
-365
-750
975
-9
-656
800
-841
-171
414
-860
88
131
-493
200
972
174
94
661
715
201
937
566
-434
-124
523
903
494
839
986
-791
-341
907
-643
405
152
-219
239
698
852
-720
-864
-203
-540
438
-314
908
75
666
-126
-857
-805
821
349
587
-219
364
-368
-332
-243
-630
-286
47
537
-417
668
705
-600
-700
-183
776
735
970
-503
-788
782
911
-443
-608
-958
-292
-52
379
-317
-323
652
-450
574
-659
-755
210
-403
-978
-825
191
-799
930
787
-933
-766
-694
-865
-547
573
-888
-133
717
524
434
-911
-790
388
854
-670
679
72
276
-278
995
-438
445
-811
163
50
646
700
-402
391
-87
264
197
-422
856
-121
-98
242
334
-133
188
-47
-700
95
-68
118
413
-106
-739
316
-177
860
765
512
510
254
221
896
-601
-763
-944
-354
134
61
-891
835
-412
260
318
321
976
957
-307
273
-247
-108
-470
-69
-667
509
963
-236
753
789
81
-894
134
10
306
138
-812
854
-999
938
-130
54
-354
-941
273
-6
19
-562
658
-699
180
960
675
-13
330
808
-654
314
-612
677
-753
-918
882
-444
711
894
-872
6
-991
292
-692
977
85
553
-332
-963
548
-147
718
671
-984
-890
-234
418
-551
417
-931
-639
-440
627
348
-959
-548
-131
790
-213
-90
-802
-590
535
179
-798
-35
-252
-897
168
363
645
-16
882
-602
949
-458
854
5
411
-404
289
-630
856
603
826
328
-547
-964
-204
-258
-902
-728
-274
-683
-862
270
789
-222
202
687
697
216
415
-374
-404
349
-601
-369
-185
-361
575
-766
215
-525
180
975
-188
882
942
-12
-558
-319
518
703
769
-797
-487
-60
-385
-739
-540
-997
-690
637
607
-187
-561
232
-506
105
-819
-257
370
-673
-825
-307
-57
-569
21
-400
-202
-793
-196
-223
467
-656
-420
562
321
715
-314
963
-119
-890
-373
368
-631
-715
-720
-757
169
-10
-530
929
744
501
-602
-292
-299
745
-159
-187
651
-823
-571
707
628
271
979
884
-338
-585
285
807
-822
-845
-842
-348
529
111
514
-711
257
539
12
-974
-170
-565
726
-653
-492
-857
-821
53
-993
-49
369
363
-739
271
698
719
20
-581
-967
510
-434
807
-959
253
-469
-106
153
-537
-107
-307
668
-620
590
-910
-882
519
-379
662
952
484
872
509
84
716
-108
-426
212
518
903
-597
-483
316
-42
455
385
-641
59
510
-886
-776
887
-706
530
-467
613
-640
863
251
670
699
316
502
297
261
-189
363
-918
887
-985
397
-645
-148
621
-380
617
981
554
-561
805
588
-937
289
-997
643
-318
47
-609
-567
-817
549
99
8
-885
-576
5
-546
-303
571
533
-667
373
-791
-539
577
189
507
137
86
-768
223
221
-764
246
-826
278
96
-161
-304
-736
-384
417
-186
-473
-94
777
692
-158
-647
-878
65
857
405
-877
-884
775
-113
-558
-235
-886
-818
-154
885
-345
-616
-725
795
-69
-295
-321
-125
93
-743
-935
277
-193
973
-631
-232
51
172
10
17
489
572
4
780
-602
-55
319
869
-303
705
-767
-844
696
31
600
-925
-785
17
468
77
-520
344
539
980
-642
13
-784
-1
731
-997
-322
-450
986
-804
382
860
-489
835
520
560
-910
-221
-859
640
-974
-726
195
498
966
46
-909
-944
839
147
-180
-56
-407
997
914
61
368
776
449
29
879
650
803
960
-228
-126
-63
-838
-688
55
-618
253
602
591
671
542
275
563
543
242
-532
-709
-753
372
-13
-213
-93
326
-59
313
-617
450
141
-150
648
-644
75
-839
783
310
79
-445
824
-33
340
754
609
825
795
-493
-754
-107
-452
422
441
-914
1
-926
-778
-386
-946
-270
309
209
-904
336
561
-652
-954
844
-59
-167
-59
-22
382
90
309
373
-436
312
-415
-332
-62
911
908
535
-996
55
-538
397
304
-774
-593
822
-386
-915
-654
128
321
861
130
160
-169
759
-877
-465
-499
627
-289
-257
-716
174
-759
232
-144
227
-834
-125
-402
-186
-889
-798
-587
-867
523
-710
-490
-806
450
-690
558
-631
-44
649
442
-541
-305
-617
-423
45
744
257
-819
-352
552
260
267
-283
488
989
147
909
648
499
121
970
120
624
481
510
842
-147
-806
558
-722
442
-719
754
-563
167
38
716
-590
289
27
962
690
-84
-711
-470
-180
233
765
289
124
-427
-272
-809
-695
559
-332
-357
-914
467
330
-881
-138
263
384
744
-384
849
439
-940
-734
-637
-333
903
-438
84
748
580
-368
-100
-414
-27
-569
-4
-931
-744
786
-120
194
-986
-253
34
321
-128
-305
-924
-405
824
-707
-326
-206
121
-451
426
-584
-540
885
448
-823
393
-105
906
133
-178
-162
796
837
-961
967
-79
-737
114
157
-864
885
789
-564
-777
71
967
711
822
-791
-561
-139
-54
367
-899
118
84
484
-820
-380
933
-646
832
85
361
-836
-719
-372
654
-96
-844
-657
-417
-600
931
-909
-687
-873
424
-781
601
-112
651
-624
583
-918
421
-766
388
753
561
-931
-620
-442
766
63
663
-506
-45
-379
866
-408
576
557
-684
591
284
-217
-680
-577
864
501
631
-979
496
593
-202
735
81
-931
403
499
156
85
-264
-52
189
1
-486
886
152
38
-815
-997
-23
-35
611
-242
518
-469
-449
-44
227
351
-493
562
-798
-517
-21
914
981
138
839
-609
241
751
-153
-288
961
-898
-507
-446
-828
-28
591
813
-236
224
-576
328
340
5
-549
-135
309
-360
867
-331
165
564
-791
-411
-556
573
594
441
-76
-639
660
-122
893
522
558
716
315
-255
722
-77
213
-948
271
963
362
-488
-529
-894
-695
-894
-423
-441
765
927
-796
-130
-189
-181
-950
-523
554
-594
260
499
-74
507
-681
264
113
162
363
-32
-193
101
244
-911
-260
856
-401
-653
-396
289
-725
495
126
143
-463
672
630
151
-207
791
534
-950
-310
-694
-592
210
-346
-884
138
-661
-496
-632
439
334
339
231
798
9
240
-31
185
58
139
-576
-228
314
435
655
-688
-633
-596
-990
427
809
651
624
190
-314
-723
-646
-917
128
-60
-97
-128
-388
-801
712
-923
-225
-955
639
749
-847
-450
93
300
-141
110
544
38
-820
-193
443
-288
655
394
-937
181
200
-831
488
231
-970
-228
-358
944
-765
62
618
291
29
227
-655
916
89
-552
299
225
-658
-393
-346
-580
796
-98
-650
870
144
-101
293
121
-577
-906
200
385
383
-949
524
857
-11
946
367
-210
-695
-419
-644
-494
-569
813
318
735
-258
-190
917
821
-293
-643
743
898
912
-269
349
349
-115
-976
734
191
528
37
-294
-433
-711
-319
604
-23
-810
-137
930
-406
-802
145
-247
266
-295
337
-462
-970
28
32
705
-311
-157
933
260
262
-634
-637
496
485
-754
-353
-570
-89
-911
-995
645
344
776
598
-982
833
978
-120
-542
982
-302
250
720
290
-412
-902
889
765
-99
-634
-900
56
207
-925
96
405
-965
397
326
933
785
-549
-706
-993
-317
-354
-59
250
361
-602
811
-568
-723
-79
323
687
-394
-687
291
180
98
-679
587
-954
780
260
-269
-347
-659
17
749
605
-162
-177
570
-93
76
-335
425
-870
-156
559
777
162
782
841
15
-466
663
280
147
129
-42
466
-955
-203
-592
-423
781
263
950
-558
-96
-478
-516
-419
-306
-490
437
822
424
261
-182
886
784
-246
729
246
393
-522
-742
402
-947
488
-419
-58
-964
8
-961
232
146
-991
764
401
-46
-727
766
345
686
-114
915
-98
-871
-146
-212
-607
211
-189
-366
-915
723
-55
68
644
20
-466
203
-568
598
-731
-98
99
-379
838
-559
-604
-441
725
-696
487
334
-482
-390
159
61
298
273
530
296
129
-115
-847
548
-452
-504
163
-707
-939
836
-483
486
-82
-975
304
-917
-822
-357
926
755
-884
-561
-102
721
842
782
-324
-70
-67
-245
-162
-671
472
286
871
477
307
699
-735
748
-845
-20
168
-847
423
-501
-895
-712
577
-484
-556
-629
335
-537
904
13
342
-237
-486
-349
-566
894
538
-765
-996
521
-478
-556
465
-112
835
869
186
712
-67
905
869
-560
-821
16
-384
-758
-135
562
-443
115
-764
-444
198
270
-788
-772
502
-785
888
609
962
770
-106
-372
-742
-116
-83
-101
-256
618
-607
740
604
-602
450
-873
505
824
-846
-948
-704
280
-735
299
-209
993
-521
-726
-955
-15
717
193
813
-402
568
761
260
-701
339
755
568
-665
-233
358
-352
-434
778
-224
146
-7
578
-211
629
-407
-812
117
627
17
350
400
554
-887
957
581
-752
-897
123
352
-495
-920
88
689
-585
932
388
849
372
991
-265
80
-610
-397
-483
954
-505
-453
-367
-248
664
627
-283
178
-502
-485
-5
354
-463
-118
292
228
-618
575
322
953
-257
723
-917
923
-467
-726
461
-949
353
-279
-648
790
-901
-847
-3
-586
641
-951
-319
916
441
-614
-611
-484
-813
-637
102
-999
-10
717
180
-193
-186
-839
-927
855
814
630
975
-539
-177
847
310
917
-603
-192
666
596
-318
-280
-619
-53
586
-278
150
758
731
-753
5
259
390
614
881
582
830
-773
664
-247
540
-859
739
849
941
904
-420
748
-615
827
733
-986
-608
949
-810
490
-302
-623
-775
-554
-181
208
182
-969
506
-275
-962
147
621
763
631
-874
-805
-693
779
404
-195
-54
-451
510
122
-745
665
-177
973
690
791
566
37
-992
-36
-338
89
-773
12
808
198
631
-512
-630
422
-33
511
-943
110
45
-915
818
709
968
-451
79
556
-136
-252
197
495
-571
-436
-111
134
-707
177
-317
-664
421
300
714
-771
-153
633
575
957
57
823
222
794
190
-453
-705
56
566
-623
883
437
-223
-335
-70
472
-720
-86
-831
122
364
-275
216
-949
496
201
-526
291
-415
830
-186
-489
-545
432
274
-237
-301
-998
-929
-262
536
-980
95
967
-474
739
-333
-642
-727
-748
-263
-283
336
516
-637
-151
306
199
-237
94
-309
115
-926
54
-157
-976
-880
-915
-816
-178
-379
-929
-942
-893
358
662
-916
-992
899
532
371
-833
174
938
958
507
-122
259
541
251
-767
688
743
-676
-104
-96
203
10
-948
-277
776
715
198
779
-216
-919
-660
-808
327
-742
768
-929
-975
302
914
-162
329
-716
790
590
711
-136
-896
973
-775
-387
332
-808
-662
-989
-358
577
-305
613
758
-685
-674
466
-954
303
234
662
876
145
-583
-523
-37
-812
166
595
743
-785
610
755
-923
-261
918
-630
17
273
819
-514
431
-11
-630
-176
-839
-679
-888
-861
23
-577
-295
-455
-276
960
-834
-647
-467
-510
-215
702
-900
-200
836
-321
275
172
945
822
829
786
-148
-64
-786
-951
557
272
-350
-253
10
-128
-797
366
-423
-779
452
78
787
205
-918
-247
-908
840
779
-673
975
-400
-194
612
-545
39
-350
44
200
-452
699
-862
491
57
774
-140
-456
827
526
350
-210
31
791
-639
-322
134
696
832
302
100
838
-953
601
331
187
425
-397
-673
485
500
203
230
-998
451
-327
990
-822
80
822
-150
141
-589
-485
-261
331
-724
-270
-617
-198
537
185
664
802
340
997
-493
253
-835
-238
-732
330
79
-664
-77
-192
-79
106
-843
-817
-565
761
945
-333
611
-155
588
210
595
-765
-556
-476
9
105
-90
739
699
518
-259
584
516
496
312
628
272
677
-650
960
608
-125
-496
252
-646
-445
-509
996
864
863
264
-911
523
421
866
843
803
-941
180
-580
606
-846
348
-752
356
-352
-96
-807
-422
-907
755
-706
-109
695
-892
819
-977
265
-348
-268
798
-146
-142
-116
-90
459
68
978
-403
971
-588
834
-637
476
-43
-70
510
662
-240
-533
484
508
-33
-913
303
-69
-939
-230
848
-705
-311
-536
-525
-219
445
-746
906
923
639
-883
-632
756
379
889
-659
456
-197
-87
-759
791
-868
142
-1
-866
-978
278
-121
-62
-857
642
-400
-534
-763
-733
-688
905
-977
212
-663
120
934
-703
-981
-61
557
-939
-816
954
-558
-847
-457
759
936
-472
-128
-929
482
-761
561
-367
-994
770
-813
908
12
-550
460
-978
-6
298
-583
-346
-210
513
-56
91
830
234
256
-875
799
-90
157
905
-952
508
476
931
434
854
-17
-612
-98
333
61
-854
723
175
-391
839
963
-756
-243
-375
-743
465
-252
-880
242
-165
161
223
149
653
-177
-622
463
365
821
830
335
-264
149
-314
219
-26
-814
-871
-706
-376
844
680
654
894
890
-187
-546
869
-734
-24
-419
221
567
891
-840
153
704
-27
499
-208
-431
-892
-673
-432
-615
-781
857
-590
759
75
575
-264
-359
-138
208
-669
-14
94
-290
-878
135
68
-750
-108
567
685
-259
-482
-347
-905
-665
761
499
-695
102
-174
684
504
523
-235
-626
-186
-500
548
-989
564
954
80
11
-567
-144
347
-441
-53
87
-284
-716
905
647
-415
641
-5
-754
395
159
977
-314
-317
53
249
-297
-861
-51
-532
73
591
335
-680
499
105
-393
568
-91
-908
677
-18
-946
-367
146
-701
731
357
-150
614
-947
-980
-22
656
630
-474
-634
-311
-641
-801
-393
211
857
109
336
531
-2
-62
604
576
371
-943
-218
68
-707
-578
-315
-849
300
-530
49
699
-24
-402
310
-885
263
-577
388
396
905
878
448
-99
-752
-478
-197
-869
95
-689
-467
-283
701
-121
-514
-561
582
-512
945
689
-769
-607
701
287
932
886
-215
68
-97
-94
-445
-649
-745
164
-419
-560
3
115
804
916
-71
691
654
-437
856
425
384
579
-322
763
602
542
-105
832
-896
54
531
455
101
-336
-574
-172
-90
-530
206
165
256
-641
-619
-733
-353
145
338
-45
-524
119
71
76
673
69
-103
-909
453
-136
616
-527
-145
787
-646
359
-688
99
-941
-536
978
356
-270
-140
511
829
-933
-794
-481
-249
364
499
113
699
831
-62
965
920
571
859
964
-908
407
680
-643
-438
796
904
-35
738
806
466
858
-674
-537
535
444
-32
-648
-528
393
345
-515
23
219
-212
307
-431
-705
-719
680
520
-99
-266
-601
935
-305
-496
-161
959
433
-289
-928
583
131
-529
-703
-160
-883
331
-128
678
848
428
679
-318
-843
-33
-777
220
500
612
964
-882
547
-46
-835
-972
393
249
518
-816
638
895
212
410
-127
-932
-76
484
-155
225
-168
-261
569
323
-433
41
211
38
-864
536
264
948
-157
241
-886
253
-580
-862
815
-8
-108
-210
-566
-265
6
-33
-872
-808
-221
662
-56
-376
-573
163
-1000
-669
153
448
-535
934
-159
-169
942
102
-648
-907
-250
-935
-440
-570
580
129
255
767
23
73
155
-230
11
-728
532
764
875
611
-650
-653
320
-577
521
971
-469
-460
-689
-176
-885
-995
537
525
-436
923
950
563
-788
889
889
-907
571
315
-938
96
399
960
842
56
0
358
-156
-370
-250
972
-157
237
302
274
589
-652
-141
-531
376
-50
-177
296
-215
637
493
-332
-280
309
-327
239
348
964
599
-526
88
-241
989
-475
897
-232
-642
685
-661
-996
-508
838
-81
712
393
315
539
268
114
-590
-106
56
297
-811
398
835
-987
315
-240
-982
776
213
-813
-603
-283
836
226
997
-804
-793
-748
218
563
546
-646
-959
-142
747
-812
-197
811
-722
-464
-344
-987
-927
560
-654
772
-207
999
663
-810
-837
-977
126
332
839
394
330
995
462
-924
-132
78
700
-95
-174
354
-848
728
-818
-931
-591
827
514
148
635
-110
-969
-376
-825
-189
-963
484
488
-735
-547
710
-974
-754
-854
599
901
29
213
793
487
809
192
-836
-497
267
-998
317
493
-948
425
-245
-664
-776
-874
791
-656
427
-174
-281
497
795
-473
423
953
-399
-503
734
480
-635
-789
536
-138
-315
-578
709
827
1
-157
93
600
-570
306
-898
219
-58
-429
788
607
-576
-966
227
-166
882
576
-844
368
-89
-532
-326
500
-946
-624
-945
319
825
-576
-896
281
-146
589
-142
100
-2
207
-304
-55
271
-814
354
-310
-407
-57
-197
-874
-983
-196
223
875
757
-346
-689
-955
-995
377
531
389
10
122
563
-355
-666
-292
-383
935
535
-282
134
53
-583
246
-392
516
-889
-785
708
490
-266
734
542
718
-626
347
-397
-362
-634
-822
423
571
-309
-640
511
714
-595
-829
509
612
-154
-373
484
100
-697
597
663
-576
-816
534
18
969
796
235
404
-899
135
319
520
-20
-995
-441
911
-649
353
327
-261
468
758
279
106
-642
845
-736
381
-310
140
-431
-684
-188
999
-626
-696
-168
-338
823
757
-724
-589
183
738
-822
134
723
-33
-196
-1
786
-151
-512
87
-100
140
251
-941
-997
182
602
-147
366
180
35
321
157
-741
266
738
886
533
815
39
-298
-873
837
-59
803
443
366
-407
182
-978
145
-46
598
-825
-562
105
-49
883
-536
607
-78
-406
-319
577
-890
351
-828
-758
764
73
-997
-187
-544
265
-656
-706
-549
-873
-287
500
661
269
-68
412
8
-176
746
357
-848
-185
297
500
623
345
978
172
445
-633
297
699
988
819
706
-412
-615
-532
-576
-476
47
295
40
579
101
-820
789
-598
-952
-614
741
-709
115
983
-655
-463
-262
-905
-598
-763
263
-8
-770
-486
859
-647
425
-603
518
-395
888
-547
978
-768
921
763
218
-676
-897
-626
-872
-744
162
542
-101
-474
35
522
-217
328
-932
-224
-9
-858
790
921
461
878
-124
543
874
248
893
139
-519
-347
391
991
-730
-732
543
445
909
240
53
66
108
10
803
355
-6
62
494
-622
-799
644
406
509
550
214
-120
-893
-870
-679
-254
355
-615
-662
966
-556
-849
-394
-104
379
298
389
626
412
107
5
-9
832
502
-145
323
-866
-151
-393
113
410
-470
-107
599
-441
232
-101
-964
-822
-125
-573
762
-276
-712
-873
927
972
-11
-900
925
-17
363
683
-160
564
-144
909
-577
-871
244
19
76
339
652
111
-857
-690
778
339
735
-94
-178
-780
615
-770
-459
410
71
-733
352
-729
-775
-881
256
465
-556
-427
188
958
-233
-682
901
-853
379
494
305
617
698
-755
-141
613
-802
864
-884
290
417
-773
-101
324
-924
358
-944
-52
364
-831
958
27
-729
-539
894
-635
509
-263
720
356
97
-930
285
-730
789
23
152
-28
973
104
-429
95
-435
-118
-835
777
-276
536
153
-499
265
377
-646
605
636
874
-742
-538
-90
-729
234
834
-62
326
-365
297
717
-815
476
-475
-847
-642
-811
-383
-659
-180
-833
-340
-271
-436
238
-704
212
762
-601
10
280
-74
-637
-411
-842
-237
806
-616
515
-836
937
648
-236
30
115
-917
-242
358
230
-213
-602
-649
-762
162
839
711
212
360
-254
520
-311
-297
367
-898
-418
-633
-671
