6285
243
-16
417
135
-175
-328
-263
485
-864
495
861
646
807
153
938
846
-684
-300
248
-188
-194
955
808
-257
710
972
-759
-711
639
-751
-954
-106
-553
-534
192
-83
-207
-788
483
-203
913
803
-457
-501
-397
-669
-330
399
-184
716
-556
47
-354
876
48
-261
842
-706
790
-888
-43
-848
-65
624
-896
354
-986
966
-394
138
-681
343
-611
-795
838
-356
983
136
-520
700
411
469
-654
111
587
472
-483
925
-541
-895
419
-892
-787
-196
233
72
-461
-868
-24
501
658
118
153
513
-169
-871
653
156
-423
636
438
409
-158
112
822
-394
-949
292
-238
-249
611
-568
226
994
12
825
-248
131
-605
-918
650
543
378
-124
829
69
-637
-124
432
288
-677
-222
387
-886
-160
83
275
-725
769
-380
-349
623
-655
-489
-921
-203
855
-774
608
835
276
-814
303
615
434
-57
-24
-407
-202
793
181
844
914
-448
-509
3
-758
-815
-355
736
224
444
196
759
638
66
872
994
-256
276
-91
846
-853
-73
892
818
-834
468
381
111
915
-404
174
771
722
8
-5
552
179
-722
-566
-966
61
-977
-535
293
896
-242
-90
-228
-212
491
459
-570
652
-755
581
-589
-766
127
-465
173
-689
-191
16
-390
703
-561
909
-851
63
78
-4
-916
-211
435
982
-4
-805
494
-728
136
-146
691
583
721
265
-471
-147
-417
-863
923
356
982
749
589
510
468
621
713
495
-154
931
726
-249
-614
-734
250
-896
-705
-334
502
-768
-807
588
-816
907
65
664
862
-551
857
897
206
607
509
-974
-925
-307
853
656
57
-557
-713
-349
297
369
473
801
824
-823
516
-119
-677
-173
932
-759
901
-435
876
909
-336
-627
-202
-171
922
-219
-440
801
71
-911
722
923
-940
911
-348
-511
140
-548
493
-930
-557
-745
-834
-108
-625
-971
477
921
-873
-832
757
-309
-876
-404
410
-800
868
456
-614
126
-211
957
399
196
526
70
241
-525
913
-980
361
125
-115
957
337
456
-423
-599
295
-401
-582
568
-577
-506
-403
187
-632
-905
-432
-882
791
-354
-390
-826
-993
-931
731
-419
131
-515
286
327
402
466
-852
-353
913
969
826
-812
-282
480
-830
-918
16
3
223
-386
356
975
-543
265
83
-396
865
-544
759
-724
-113
806
-644
-414
-553
927
-389
-224
-527
578
129
938
472
249
175
593
-974
-728
-853
549
-434
-360
-61
810
-483
463
-783
357
-842
510
122
19
-883
247
-831
-186
-82
680
761
205
467
-824
55
-833
-874
765
-266
388
-416
-152
-364
256
287
-66
-279
-803
-442
611
-153
-492
414
-763
253
583
586
-158
-474
-850
-807
-697
367
-932
645
7
-282
717
104
212
654
46
990
-307
-258
777
-683
83
-87
876
-447
-183
-792
437
940
505
420
-740
730
-227
0
925
-37
720
258
-608
-934
-126
-254
39
-670
-543
-693
-989
-271
27
-913
947
-524
-435
24
635
-623
-634
-552
-547
-556
-435
225
-874
753
-277
-79
-569
-776
39
950
830
-185
301
415
481
-951
410
-302
-825
-884
-778
842
-557
1
62
713
-82
-164
-900
-741
-497
250
566
939
265
-125
-880
190
961
629
-913
621
875
-144
-788
-255
-736
-128
-16
759
590
-779
98
595
-276
-658
202
-288
-888
804
-543
709
639
819
887
100
-215
675
65
428
-194
-699
333
-690
681
-504
-589
-68
695
-180
666
189
-932
494
115
-34
-333
993
534
-381
63
-642
-344
-198
98
-126
870
-192
-439
-826
-880
-211
-125
716
661
-117
253
-939
-458
548
-773
639
330
-279
-172
828
-306
-49
907
990
86
451
629
-34
-571
-354
188
75
-171
-876
-97
80
-445
-41
-29
287
714
-248
123
-423
-262
-163
863
639
85
-610
-964
-269
950
-982
632
567
-114
567
400
663
444
870
496
-941
-888
852
-466
-172
-19
-916
99
-48
-735
-150
503
-215
338
-404
984
-609
-642
417
102
166
-369
115
383
-686
641
320
-606
-945
81
-524
34
909
36
-157
-631
200
146
962
-922
-59
-851
-843
-716
-7
-591
163
777
-812
-166
501
-488
-486
-307
-530
3
-174
676
101
752
-168
905
893
279
109
157
165
-795
318
-58
-21
128
130
-589
140
-952
-692
-658
983
-282
721
-67
-977
-588
307
260
559
952
396
-790
984
-770
-825
-682
-427
738
167
-57
368
439
283
637
957
-234
-487
183
-716
438
776
-582
812
196
-614
954
-285
-257
-27
984
682
307
-685
-584
701
-207
-977
-562
784
839
832
965
-507
513
-925
-453
635
-277
-848
13
-64
673
479
-662
-266
-762
-61
950
-172
173
-588
734
579
-8
155
-590
-231
730
582
148
659
-149
-485
492
730
-712
313
-123
-424
180
650
280
-587
-865
-747
-685
-950
32
369
21
182
-302
-829
328
-34
-119
-632
-388
559
400
286
-852
560
-383
-340
-993
35
432
67
-114
906
964
-132
413
-858
-990
368
-761
746
-153
455
634
-994
402
-488
124
-16
-563
-785
153
900
134
-292
762
-772
606
840
-924
275
957
867
-310
868
767
-775
431
-824
-321
515
172
-101
-145
505
-630
-48
289
181
957
-85
373
-750
-402
-916
-992
-76
-317
-52
421
-430
-868
703
-446
-706
-371
-839
-22
533
515
910
-726
305
213
-526
-869
-997
-903
-689
515
206
271
468
807
-152
766
458
305
-774
361
674
810
558
30
538
-219
599
-213
863
-120
-988
-323
-515
439
895
-490
-767
191
-270
698
351
507
457
439
159
-729
34
-242
-93
-33
481
-494
-812
658
-272
396
345
-903
548
-552
-695
-178
-645
752
728
42
705
-701
-242
-817
737
-542
-683
-145
-968
-329
129
71
-394
-158
-214
844
-402
-943
724
304
-915
-197
464
-191
-185
-775
-293
991
396
833
-684
-393
-438
81
-837
560
-148
997
565
769
-800
-283
60
-178
855
-403
-605
-115
-11
26
-536
-631
888
-546
178
-589
85
529
361
-673
654
980
68
994
463
-174
94
278
632
-714
-654
503
-667
147
70
-99
-615
644
980
535
26
-127
498
-320
965
-726
51
113
706
547
103
-125
-478
892
925
-17
-523
620
-695
307
-344
90
-271
227
331
599
-655
-262
-975
-981
-402
60
368
-422
120
-70
857
-781
184
704
209
565
-679
270
-530
-785
-701
977
781
386
818
-322
-896
132
533
-966
-955
676
978
-455
641
-91
-937
929
-291
122
124
618
630
-660
-491
676
-776
955
563
-107
821
-370
-839
-498
-498
-952
475
696
-268
-310
-669
640
-807
623
30
349
704
-665
-365
-662
851
787
-860
372
-174
74
781
433
-935
-601
-743
-421
251
816
-493
168
971
-574
-390
71
889
-498
-834
265
857
-934
23
778
575
245
-698
-677
-330
987
-734
429
-463
-127
372
475
-151
734
623
52
-604
71
-202
-860
487
-491
-942
383
114
756
-645
457
650
362
-285
-284
-812
18
706
727
-980
965
-36
856
853
117
927
-746
-197
133
345
-971
229
695
-762
662
103
515
502
-141
-461
913
989
612
703
68
197
-159
-478
-189
14
-540
-745
613
213
217
-492
425
482
358
-955
-801
-565
-127
321
-378
326
786
-689
-958
-292
279
-479
-919
521
-786
-739
-581
-800
-974
-483
124
716
788
893
-944
-799
-539
-878
785
-976
-226
-503
704
505
-259
-307
-378
491
-484
402
645
263
-593
-929
992
419
-470
-839
531
-966
-195
-391
320
192
445
-576
920
931
-48
401
547
-130
-220
-260
588
343
-484
-453
-581
456
856
-618
-256
-805
-208
225
121
478
142
613
960
902
-827
827
36
399
-639
484
563
433
-164
599
-127
607
442
130
711
137
-61
-463
-102
-366
458
605
375
524
-370
-309
-535
910
700
469
982
-217
-145
-970
-532
957
-490
15
-77
-370
-256
567
543
24
-730
-929
-59
-348
820
675
-361
-452
342
860
-34
-259
-724
770
-189
568
393
-801
-470
-173
622
-513
-101
829
430
179
206
-466
-131
-283
147
252
122
390
571
698
214
-397
310
-69
-896
582
-390
932
302
921
-36
704
-822
-363
-689
-995
-282
520
646
643
-194
-75
263
-251
-903
-10
-497
192
747
-724
716
80
-742
-313
906
722
955
625
-51
-124
793
-284
-536
-23
-879
748
-936
985
-68
-25
593
-988
-566
9
-270
-889
807
-387
-873
503
-547
725
875
-390
-425
-542
-136
518
-212
-417
621
-79
-240
440
555
775
163
808
-181
-86
-524
-896
-801
-972
646
899
52
584
716
-18
225
822
996
677
590
-643
206
8
836
922
-408
789
957
-289
631
-873
-536
-752
580
-179
875
-170
976
437
-603
-778
-747
-746
143
-708
-245
-723
830
656
-396
127
-391
-389
-763
-738
-847
515
721
-377
-351
626
-493
792
-589
645
-24
-274
-211
-896
758
-196
-986
-1
-179
-824
281
-249
-71
-209
133
746
-783
985
-498
-502
-929
247
676
261
-532
377
269
-34
951
492
690
-916
978
304
-157
92
346
-152
328
-174
49
491
293
-707
969
919
776
456
-193
549
386
540
33
375
144
531
877
846
694
423
-616
-647
823
857
-1000
631
3
62
495
749
-99
-748
724
755
-505
-606
911
825
268
685
-975
-488
682
871
-722
131
267
-319
-1000
11
-450
-335
-823
145
391
-545
461
-345
223
506
857
-16
441
-968
12
774
227
-214
-176
698
853
-595
-419
213
553
157
731
-67
-746
484
33
-444
-949
784
943
859
-955
-685
132
-749
-867
-636
-771
-124
-591
435
379
-778
-627
825
399
-323
838
-579
-523
658
867
-940
-373
187
-200
704
652
-467
16
745
765
552
374
217
482
993
368
704
-386
765
585
600
-266
808
-646
291
49
-794
148
-303
447
-31
188
814
-270
-495
-797
-952
-755
-7
-479
990
-857
254
-226
-61
-100
-125
-259
-222
-15
-849
981
-628
-207
592
172
-499
329
-775
274
-980
-403
535
696
641
-139
337
-932
-143
-137
-306
-670
516
418
256
-592
984
-140
334
-346
830
-551
-897
-472
-942
544
-398
217
-743
-948
27
-954
531
84
312
732
687
151
321
-218
350
-816
-162
824
-657
609
338
529
-582
735
-187
592
-424
522
-656
295
383
519
-799
-460
-164
-628
-401
961
825
520
391
970
-370
92
564
-953
835
314
62
-459
452
680
745
-59
397
433
862
-624
901
105
663
-59
-409
-710
515
593
-614
32
745
-118
-669
349
266
168
-319
-759
815
128
70
-390
513
927
821
-260
440
655
-554
974
-53
729
759
-87
-762
-409
-371
477
-918
724
-936
-839
286
227
612
551
3
-295
-213
194
277
-200
520
565
541
-552
231
385
819
-732
-999
-822
-719
559
-701
207
643
1
133
-556
-261
386
-696
541
624
-895
241
-278
231
-527
-462
-486
-214
961
784
-819
868
-954
-833
202
-353
-232
-343
953
-876
-42
-403
734
465
-154
-44
338
377
973
464
-112
-378
-921
301
-167
-727
324
777
453
98
464
960
-985
-901
829
591
363
686
190
90
-546
-793
-382
-38
-678
-43
-453
30
-771
874
139
834
69
-447
-133
-595
554
799
-729
-540
-489
242
-968
-116
983
710
-609
957
-88
-810
-309
-79
719
768
-792
-612
-536
-751
916
-874
-121
192
-433
-141
464
-809
782
692
-177
859
-164
-889
437
812
-434
857
961
-1000
-431
-453
-282
-197
947
418
238
401
-246
-8
939
539
-251
657
85
-528
925
-696
-986
731
711
-249
-178
-686
-839
-906
771
-793
246
986
40
199
-664
-833
249
-33
377
-432
-528
-897
-674
355
-552
-937
-815
-222
-516
-819
633
211
538
673
472
-294
-807
-168
-799
372
-172
276
-925
-620
-382
229
-633
-821
67
-968
994
-784
-454
-259
-617
-625
226
407
252
606
974
-99
215
-998
-144
253
-474
688
-283
-784
-152
-969
876
-263
874
-805
-495
-441
754
-827
-789
985
-335
453
-306
-303
425
690
765
545
-708
72
-976
226
60
640
-467
-172
148
829
182
832
-318
690
-896
-759
-993
-766
875
-864
-611
-433
-718
183
876
-924
-511
-179
-56
766
-930
-616
-381
725
-874
657
-646
952
661
-727
167
118
-480
-166
291
-375
-573
-152
-443
-835
-606
406
-100
-209
910
-236
-971
0
55
806
-551
-663
184
337
-747
-648
243
-450
839
600
-566
817
467
943
567
611
-16
192
-503
330
945
529
380
-69
147
456
-93
-122
64
-610
-476
448
734
-619
-688
686
-408
534
-643
-947
902
-509
306
-354
587
203
607
-914
715
-101
-617
4
695
306
603
580
-25
-307
-140
-335
-846
449
428
-961
-659
40
-903
-827
606
146
55
513
155
-324
113
-698
612
590
540
657
-54
-161
-384
-199
826
739
708
373
282
660
133
567
-881
814
738
822
-983
260
663
825
-885
-207
756
111
-421
921
874
-916
-718
606
-687
-82
-768
302
505
574
-785
665
171
593
-110
32
-182
-2
-373
777
972
-774
-506
-641
591
-161
757
-698
-550
-37
-856
-419
529
709
-88
-20
-796
266
337
-131
165
-11
-422
391
-556
-434
722
-331
-71
681
297
-411
-484
159
-616
332
468
-870
670
-314
763
617
-456
268
-245
868
-165
-162
599
-823
321
-912
-184
196
-98
194
-525
638
894
-970
131
-4
814
-938
264
969
35
-402
-677
734
714
277
-324
-851
-787
121
-469
-259
831
728
-720
-65
373
-949
391
543
80
-803
763
886
475
-535
-754
-644
-227
-991
706
635
156
-501
391
-401
575
918
738
298
-3
-246
-138
820
951
-482
849
-241
335
-861
-426
8
-124
333
-798
969
571
-271
285
636
539
938
207
-726
-843
-650
653
818
95
685
271
-811
-725
-622
-65
-483
168
-318
-225
606
149
250
-313
-251
685
629
-662
-291
-332
546
677
-176
-404
-668
-541
651
100
-765
704
-582
-610
720
568
-302
155
-267
-198
-99
-474
-709
766
-336
746
37
608
889
-848
282
889
276
-711
-304
-983
-163
500
-925
-605
-721
-180
-218
804
891
785
-528
353
-75
-702
-153
-148
568
-236
-101
514
-999
930
-744
453
536
353
-945
-495
995
-18
-561
781
-394
678
-819
-480
-867
657
-862
-146
282
-900
-877
653
-927
562
-772
24
64
743
-378
479
780
-767
-104
-935
807
3
409
-41
-354
-681
-237
-730
-833
-409
-541
193
471
663
-883
-287
-695
-813
877
-702
-789
305
-856
595
-213
-365
-415
-71
-721
-597
183
-368
-263
235
-340
880
601
-8
80
-728
428
-134
811
-407
-317
-349
-294
-831
-322
-663
497
-605
-745
-814
207
464
556
379
-513
-572
4
-891
315
-433
-110
-68
-485
-914
407
-779
746
549
402
964
-839
524
419
535
-899
419
-115
531
-460
451
-167
-247
-139
-285
-41
500
197
-477
784
737
118
-951
-905
43
-950
54
-259
835
213
-893
244
-183
992
157
459
-775
-230
955
152
-556
585
-1000
965
778
542
865
305
-575
983
-356
-506
-939
734
-110
58
-788
-402
108
-81
-267
-587
166
518
-820
-971
770
-367
-772
-459
443
-891
114
293
-140
30
-295
559
253
-404
-312
-328
433
-244
-524
-363
63
-479
867
539
147
-575
782
239
-31
268
-814
908
957
-665
-972
-318
-279
-297
766
571
-852
-151
571
-950
604
-193
-838
253
-1000
-620
626
865
-156
-896
-909
948
513
999
916
85
-584
-277
383
231
195
-878
773
-587
-759
803
735
624
-316
-358
738
-204
-511
-181
894
233
307
-269
-988
340
-268
-775
-399
-259
921
388
27
492
416
582
86
157
-359
422
84
930
814
172
-57
648
-320
-379
-780
-319
-928
-666
-394
272
775
781
-948
516
-829
610
448
492
590
717
-11
312
652
-782
-372
880
865
-681
115
526
-484
-154
347
-186
-652
349
-652
486
-226
131
-793
152
-88
-219
-48
-812
-603
734
293
626
149
406
728
-434
-111
-63
-603
-572
480
696
744
555
-648
-187
78
254
324
-377
438
741
846
534
517
898
730
-960
130
551
255
450
-172
357
-973
466
998
768
-15
-839
-764
-306
698
-786
-826
686
149
-610
486
869
-636
343
510
915
405
-173
-253
-155
-975
851
-472
915
-731
-95
401
937
266
55
677
707
-253
-467
-658
-270
834
589
-911
235
-856
675
-604
-289
-88
-559
241
-395
-570
575
-90
418
-911
927
-299
651
-503
879
271
50
-113
231
8
-660
-871
-94
999
803
-898
761
45
-697
628
-309
-369
-977
-525
505
-975
-131
869
189
513
288
-195
-997
-323
83
834
-528
-285
770
-90
-857
115
77
-665
-997
-318
-171
-63
-746
-2
884
397
775
105
-903
-309
-654
-428
352
951
-430
-407
240
-101
986
309
574
897
969
-128
128
387
-933
362
252
977
732
596
285
910
535
536
-569
856
557
-185
306
-510
785
-691
419
416
-880
-206
345
-563
751
383
-926
668
236
683
-530
-310
54
-318
-85
956
-583
-831
-929
-709
-431
784
501
-136
-944
-644
-50
253
26
320
312
-158
189
911
-787
-215
671
-527
210
-393
64
-616
320
399
606
749
928
924
-394
-612
-610
538
-392
249
736
-238
948
-787
-480
-639
-31
449
-667
659
-243
949
64
-895
718
-178
-622
-380
326
-134
379
261
949
945
269
-940
984
154
639
-368
-416
679
-3
969
206
-306
669
-864
154
468
332
839
-30
-8
-217
-630
63
-422
-42
-422
-556
358
674
50
-528
881
-8
376
-846
-993
-395
-958
-964
-770
-879
-127
304
-126
-424
895
120
878
-13
977
690
-116
-170
-488
87
-359
594
-502
669
432
618
-680
-366
881
99
-612
937
574
85
-606
49
50
878
479
-431
-402
-554
866
400
881
-963
5
992
724
-800
431
235
559
362
698
-43
219
-969
-3
737
-267
-988
725
-816
860
402
-139
611
231
-134
-490
-382
838
-598
-212
278
659
893
344
-896
-588
425
499
-147
577
354
-626
80
140
252
-253
943
-366
718
-9
107
732
-63
-50
38
418
887
219
-103
-707
681
627
477
39
921
797
823
882
438
-24
897
-271
910
-679
211
823
-130
-337
625
-246
-492
-491
478
-637
-219
883
-178
246
731
833
233
-424
54
90
-917
-127
-860
-744
360
560
-933
514
-563
853
-254
-145
-143
-337
944
421
-629
-941
476
547
-67
-539
-413
855
-754
678
569
45
-506
-181
-746
596
-782
294
546
670
263
-125
-309
-427
723
-64
786
-539
-81
521
198
521
848
-16
985
197
557
918
191
-466
-629
-824
916
-847
500
-839
93
-409
-521
-216
-554
-717
-231
-658
-5
-428
712
326
-941
-546
687
281
-698
655
-314
773
-321
849
-783
-919
-868
555
137
-240
274
-44
-24
775
-290
485
-802
77
342
-87
-480
694
-642
-283
336
-901
-633
-146
23
-270
-479
-85
671
678
465
-632
238
-797
-50
547
780
960
-954
-489
-299
-583
-371
115
-966
-489
-219
215
594
-353
569
-854
446
-940
-509
-614
827
249
-642
-575
96
407
741
-640
-346
-377
-214
859
-520
317
-637
784
-944
-542
-353
534
993
684
743
-274
371
892
-641
168
-248
67
571
-315
-723
578
-338
868
237
-99
-706
-756
-81
-854
-412
293
-32
-996
-753
867
171
503
-232
848
-939
-849
-816
852
5
-158
501
-701
608
-354
612
-476
-573
-496
-264
-22
-727
538
-960
465
-995
784
-561
774
905
160
-259
-573
-932
779
-917
694
923
-44
-892
989
-434
-700
-642
256
139
216
352
-534
320
-648
798
677
345
788
143
-478
674
285
-208
18
679
189
609
-556
-249
-588
-468
331
54
384
-441
-133
-991
-520
719
753
525
901
-108
-388
-760
557
-396
891
49
526
-273
-445
564
916
-294
205
973
-121
-641
-533
-66
-364
-927
-555
188
-59
-675
757
-477
-112
-804
-614
489
425
165
589
-48
-843
-785
-754
-987
556
-604
89
950
-502
-79
-357
1
130
-453
-549
439
-33
779
-969
399
233
-918
524
710
-976
663
-511
-987
-584
453
337
123
786
-574
499
-679
802
-78
808
-196
-958
603
208
-91
-605
-904
-823
213
890
545
-955
-268
-305
322
-90
-208
-50
343
-231
259
-89
-775
381
-19
-296
-942
-850
368
885
-371
786
-757
65
489
591
-146
-52
-324
599
-388
-263
356
210
927
571
57
311
-59
139
494
758
119
-327
310
-812
-789
-964
-317
-813
159
-761
297
333
614
491
370
-786
-512
707
90
-980
481
-320
43
628
-93
-175
-269
-879
39
-562
400
-197
103
-271
974
-518
967
34
-328
-442
-614
510
410
893
273
-237
-857
-353
334
-181
598
298
-89
-974
135
909
-202
517
-92
187
-420
537
803
334
-571
821
999
-60
951
-850
-907
587
-347
77
-315
245
-831
734
-625
-536
301
-328
676
-875
322
868
-561
-126
-838
60
-720
-26
-425
-207
-216
33
343
-920
-364
-922
-401
131
-128
709
724
728
-580
9
-168
-608
972
-277
-158
510
-887
-303
-426
-151
-59
-57
180
232
-197
40
-339
-262
997
-135
-129
-321
-296
-14
-191
390
-374
394
-566
-701
-700
-722
349
-212
114
-243
414
225
951
-93
-472
470
-147
-304
231
-625
-310
517
864
-777
-898
250
337
876
-679
446
611
-422
-647
-340
460
514
-335
71
433
-489
662
130
-568
-298
419
-289
155
-193
220
-479
-583
564
175
-241
-378
797
486
-152
899
869
-55
-946
-584
-508
81
97
46
90
120
-727
729
-475
-709
-994
-845
-17
-111
-521
-844
-712
837
318
-52
331
-577
-499
643
-177
-798
327
663
-964
414
-683
341
536
549
347
-188
-850
75
519
-374
681
630
229
-174
-542
-251
-766
789
180
-611
-933
-875
-168
-129
-432
185
-110
-763
-149
-814
-601
939
7
-307
-134
-22
-497
1
-559
575
-267
-824
8
-117
-485
-294
-302
83
-607
-44
-440
-232
139
312
672
-127
-594
-866
794
-812
552
664
-823
-908
297
708
333
-493
98
458
569
-999
968
-59
726
413
820
-305
371
-736
-70
-28
-377
329
548
776
-699
442
219
-923
571
-862
18
-723
39
460
-258
398
517
-923
-890
563
730
459
-221
711
278
800
3
-444
922
926
817
-630
-282
-91
-951
-933
-403
-417
-790
-654
-840
884
524
-492
323
937
-597
-240
-88
-428
224
-624
-890
170
-38
-383
-851
506
670
-674
153
-14
40
600
905
607
-819
-509
-213
-174
799
490
-586
-211
412
-605
547
-322
-893
204
136
-430
451
-556
498
-501
-526
-121
751
-164
-937
-974
342
-367
566
964
163
-965
405
5
483
553
-769
928
-24
-974
724
-788
-823
639
906
73
602
790
5
933
387
-928
-177
-338
-721
988
436
-447
-397
-67
-308
-206
-743
94
-363
-315
601
-490
861
-72
211
-73
697
979
43
544
-971
-520
-623
594
-167
949
508
31
68
-855
-654
686
-585
242
326
252
992
900
303
156
178
-634
625
991
-867
471
523
-689
-64
-130
364
725
503
415
-670
362
-894
601
161
843
517
-180
-900
597
-747
184
-270
-16
422
-704
696
-984
926
925
-720
-665
644
784
147
-258
-693
-977
64
-606
-91
593
881
243
22
548
-250
343
-970
-869
-752
886
-574
-618
28
-898
304
-231
41
71
-899
-737
-216
-207
838
599
336
649
527
860
763
-917
226
-270
977
-367
-153
284
-609
-343
92
155
-77
-588
946
-543
950
-981
-635
-284
-506
-147
661
-723
-833
131
-619
416
294
-812
0
-330
290
-76
-429
758
439
151
42
611
-32
-604
827
-913
856
900
249
285
102
666
518
-989
-653
380
345
-690
-488
-177
-953
800
-776
-254
-191
-812
280
-15
730
626
-233
713
-76
446
-258
-149
614
139
101
458
683
-51
-82
-274
-343
972
82
395
-467
-780
-89
107
400
554
-165
360
504
489
592
262
830
-71
372
381
343
-15
91
468
241
708
539
-472
-132
-537
340
-803
306
-718
26
940
788
-827
113
-838
-957
930
-877
825
-504
-424
464
263
-800
480
-669
836
-680
-384
237
194
-527
-292
465
-731
-289
557
-741
857
804
-454
349
531
452
467
-536
-96
-508
-452
387
-855
548
-106
-117
712
-26
57
984
-412
-773
-338
39
761
153
426
-759
931
650
-812
567
-504
-173
-841
-752
917
-81
370
146
561
-968
-723
-656
142
-174
983
-58
973
-652
-902
38
-383
499
688
701
-580
205
-769
920
-90
543
575
333
-435
788
-195
-745
886
378
760
161
-144
306
-104
174
-87
-972
542
227
-885
-547
919
706
-18
-970
-406
980
977
-606
353
465
803
-669
84
-961
236
698
-80
309
-631
-471
647
267
-77
711
241
496
833
-449
-543
968
692
-155
-942
-64
528
439
608
702
91
219
387
58
126
-133
453
-621
-520
729
-219
-641
370
-943
516
-397
-771
538
-627
395
-553
568
578
-969
-995
-175
-559
-269
-693
137
-987
-799
-418
461
-551
116
282
393
-73
572
311
998
671
681
-938
-860
659
557
882
495
223
19
-862
241
598
678
-53
852
-569
-912
337
754
-98
-352
894
139
663
166
476
-446
-546
-946
876
-828
562
726
-55
-986
504
798
950
331
27
-773
-540
-545
-95
872
800
738
408
-966
89
980
-464
-50
671
-215
290
546
-761
-598
-530
413
-357
-936
115
731
-66
925
-890
-168
749
961
421
-184
593
-266
118
-879
801
864
-647
455
53
-556
-276
610
-619
60
-995
77
-337
-363
-470
861
920
101
-940
812
-598
124
194
-79
-37
518
-862
494
590
729
-742
-842
-813
-702
-275
424
985
-122
-343
-867
756
-728
413
922
-342
-618
-825
546
407
-976
795
172
-560
-89
320
-260
-380
845
-747
672
671
-322
-111
-615
-648
-118
-72
-540
538
255
265
4
-608
-577
-812
702
-151
307
809
513
-692
-132
764
-864
-699
-575
-620
-67
-100
730
-909
-285
-89
648
303
-704
374
-194
719
797
-740
-784
274
972
349
-905
-856
157
867
-369
-300
-259
-693
413
585
-453
-164
-929
-462
-584
-793
658
-674
763
794
-246
328
46
-753
-30
-732
-472
690
-464
86
-520
-33
980
-708
-998
-199
13
-4
425
-248
328
-616
-782
522
-842
701
-431
-390
760
-548
-101
-659
298
527
-985
-231
777
397
361
-640
754
761
-821
330
-935
293
-902
978
498
-140
267
-777
-816
-84
-903
242
-296
922
941
-937
-191
32
-456
-492
-966
-86
-769
-106
951
-130
291
763
-102
-815
475
3
954
902
49
32
-125
-319
-633
732
-406
842
-684
-215
-182
-675
430
835
368
-626
-347
-78
-929
-485
-998
-948
145
985
-341
55
-965
-736
-500
-292
-52
-957
226
-649
-206
-9
591
123
-503
741
-522
-382
0
-854
874
178
-791
-5
-617
316
-563
102
188
861
-150
-764
948
135
427
-85
-64
-422
-222
400
-238
124
-988
217
665
808
-303
-319
420
322
958
-236
388
-968
593
-502
914
165
-376
17
-726
863
-9
130
675
352
-532
-698
-948
753
-991
114
725
-142
-963
-963
855
183
-393
530
801
893
296
145
-464
-502
-597
543
330
673
212
-34
119
21
-293
-328
540
805
516
-363
-955
-858
428
-596
207
750
-511
613
143
-100
-242
173
-718
518
770
-29
962
-70
796
879
178
854
117
402
823
867
-310
489
386
-245
-443
-709
-706
-357
-601
242
354
468
-316
790
-956
412
-518
708
-821
-943
-881
-514
-337
-659
-297
925
-81
357
-433
337
-322
956
-103
-567
-757
277
-924
-67
-885
-634
743
120
501
359
-886
820
-550
-279
-64
-34
943
163
-587
328
201
-296
-96
-339
404
757
998
495
-896
262
-837
-708
-72
-104
-139
511
592
-231
-369
755
-6
92
-442
-958
293
-296
756
-708
-412
-768
614
-237
-26
-19
252
307
710
-424
-323
271
337
340
661
-249
816
-761
-980
-91
-559
-199
419
-634
-762
534
-498
102
762
638
73
68
-181
571
-632
629
473
-878
815
-172
-519
-638
-934
-745
678
618
442
812
85
-217
-243
211
-637
555
440
933
-899
-119
-396
-238
635
701
275
-615
-117
-119
413
-976
-458
-407
171
-477
385
216
735
-391
545
-132
766
994
315
620
-644
-68
424
561
322
101
-782
-902
-243
-389
-306
-774
646
207
758
301
698
536
-719
600
-778
-780
-863
61
81
-855
-536
206
-554
810
280
-743
812
-843
822
481
-268
-887
-742
365
-914
69
-922
-854
231
-5
896
-356
-413
-605
590
417
260
188
285
-570
-107
-979
-274
-541
101
-614
-578
146
-157
994
192
-498
594
453
153
597
-583
-477
-521
255
522
-896
303
505
-884
-909
178
58
-152
-115
43
-233
-883
-121
-553
769
80
-939
482
300
-925
695
538
-757
-976
461
-430
567
867
-822
-827
-913
482
-942
-75
841
-359
285
-961
182
-90
973
-195
-941
782
-900
968
315
458
527
-377
-533
322
631
600
-274
-205
-346
58
-666
544
734
-299
-884
-141
-107
-665
719
126
533
-245
-440
35
-320
904
158
-532
-336
867
-75
183
-260
130
322
-670
-713
63
841
463
-333
-556
151
-156
963
329
-644
-94
-274
-56
-576
287
-817
-631
-970
-718
-744
751
-258
875
-233
382
996
412
-63
775
-59
-216
-133
-319
242
487
72
-458
-434
499
-419
-649
337
-910
-368
45
-561
320
206
29
995
-88
-741
919
180
-706
180
508
106
44
369
809
105
856
103
-636
-84
143
538
-654
238
288
-337
-206
-463
791
-433
682
-751
724
-857
-196
-878
-201
509
500
758
-709
-3
433
652
-772
-79
-595
290
-474
-97
-533
347
892
28
780
475
-383
302
334
-161
-586
191
754
793
-767
-610
312
185
54
-720
-487
-776
-587
948
193
-754
287
-925
647
211
806
-378
282
-990
945
402
457
666
-840
-434
847
382
482
-971
250
-388
73
-809
-57
-853
-553
-582
891
-627
-721
702
-640
-828
858
61
-902
449
156
-415
613
103
-286
-352
461
190
-197
-61
697
-140
-272
-412
117
-466
929
677
-581
-548
-66
30
-786
986
-706
14
658
34
800
67
-21
639
492
-956
-976
-915
36
-949
-36
876
-372
416
-687
-508
883
-831
-551
-654
-355
206
-934
-608
-321
864
261
-446
-857
-422
444
-243
-331
967
-675
-494
809
-429
992
-504
-838
-138
-599
-472
624
731
-983
802
224
462
-584
-116
977
148
663
491
943
805
965
-822
92
724
-368
-761
-146
-337
-298
-131
697
833
-793
-692
-119
-91
-760
-891
203
-954
871
17
-423
177
-778
-174
-559
-964
-650
-31
66
160
-894
-619
-750
-543
-508
421
734
462
952
677
334
-380
955
-803
-300
-867
959
-408
786
-330
398
-25
-27
-530
-712
-939
801
-951
940
-186
778
-43
-225
-440
-131
-588
-581
-868
153
296
-73
942
621
-754
-417
927
-433
688
-96
-892
790
718
-254
759
-491
-601
-622
187
597
209
-5
878
-738
-152
641
295
545
-205
282
750
-732
226
-56
363
-613
692
343
-570
-753
-187
-576
-419
-898
836
792
-379
704
-766
440
648
-111
-90
-807
-547
-417
-498
795
-411
690
704
-141
176
482
719
-897
-624
-870
-7
-265
406
-712
253
178
441
589
-710
-510
-251
279
-670
-963
-81
-184
-371
857
-297
419
122
643
86
-381
736
683
-665
-552
-77
-592
2
143
-397
516
-29
-4
-130
363
-727
391
-171
710
779
-32
27
-394
885
-976
746
-913
928
510
992
315
-545
-918
-617
439
-555
281
-525
-210
133
222
356
-848
417
545
-309
-529
-972
671
264
-746
523
702
994
359
253
123
352
-545
-260
-846
149
-521
-844
697
777
410
-112
-566
-223
62
604
107
353
-351
-812
-453
-344
-927
-885
-325
169
776
777
-666
-102
787
924
559
885
829
719
-906
-404
-804
968
246
-839
376
426
-994
-13
-877
539
346
909
634
-256
109
-55
567
-955
413
-406
-657
121
875
343
927
-123
-306
-133
542
-371
667
313
-466
847
995
-292
-571
969
-455
61
451
-169
-594
958
-113
810
-101
-541
162
660
-102
608
319
95
434
-995
-18
589
525
759
724
762
119
144
401
-530
-955
838
-43
-497
-656
-495
191
244
157
-426
596
804
394
473
377
924
-105
-849
-691
943
558
-655
949
-552
-384
-659
117
603
-114
662
-104
121
-879
-597
-819
514
870
549
-754
-699
-167
602
-243
547
-51
-497
174
242
550
-645
-69
861
979
38
248
457
-213
608
-716
802
451
798
-696
787
-551
-273
687
757
-304
12
-862
559
-456
462
303
-629
889
698
-747
-679
156
-297
735
221
470
449
410
532
546
21
-123
292
-182
-324
772
-399
610
341
817
91
-383
539
688
-155
-852
646
909
-367
769
973
-60
54
13
617
-948
596
-662
132
369
846
217
688
140
-346
-857
-251
-14
-922
527
-254
-138
858
509
997
-933
940
970
-603
-710
-313
-583
140
973
109
-580
915
-602
756
-204
-635
558
-645
-893
-283
462
858
816
540
707
999
-442
106
946
661
489
-226
712
983
-298
544
-708
-29
-666
428
436
481
959
537
1
882
967
-57
-24
-978
-922
152
-19
-267
-138
-123
-866
903
186
673
889
-656
-8
-758
859
859
324
-5
534
599
-261
-657
815
407
825
145
-15
-254
-345
-49
-175
395
-444
-628
671
860
-897
-508
357
523
-482
-854
639
-161
623
286
-248
363
-376
-854
-275
200
460
-885
607
642
-179
973
331
937
217
-849
398
-345
83
-218
-953
-95
926
574
45
-393
632
58
-311
741
-79
-228
658
700
-266
-47
883
139
526
-60
779
-954
577
274
81
873
-864
-243
786
774
117
-38
-759
970
216
-186
-471
365
-230
149
762
-1000
82
203
909
-943
562
675
-994
-734
-587
860
693
425
-585
308
-263
-488
-351
413
-638
555
-513
700
-407
-279
-912
-832
-242
-204
634
-993
-810
-37
823
-644
863
-785
592
357
865
-397
660
-7
-510
892
-252
327
950
-456
-465
849
610
-325
821
303
-469
20
298
-944
656
510
-662
