3448
455
784
254
-844
751
966
143
-767
-243
-253
-488
898
-441
699
403
-400
727
-164
-185
25
22
784
698
-100
-220
-753
-588
932
565
45
782
143
-907
87
217
-871
620
53
411
-726
-243
189
69
-424
632
116
960
298
431
-207
565
-165
-346
240
475
-569
84
-928
491
181
166
-134
576
241
-190
-866
-565
-475
248
-884
787
-861
469
987
968
2
897
-231
792
-670
-151
272
-661
-899
-713
849
729
-147
653
480
-948
-508
480
-836
-208
-549
-879
-599
182
-245
263
-516
632
-782
120
-606
983
786
-473
61
976
-948
-618
653
-547
916
109
-649
423
369
-413
756
-951
611
-951
-312
-176
337
998
444
-193
-801
349
-341
-481
888
635
-634
404
190
940
613
-374
-229
-403
107
-274
-46
-260
-636
-887
39
651
942
-473
-88
-492
-255
582
-521
678
347
298
709
430
892
237
-404
-591
844
980
-599
997
20
-291
452
320
384
-349
-67
-1000
-530
148
709
617
211
-598
-506
-491
395
342
384
-299
106
-917
353
-594
932
-138
320
831
-586
-533
-441
567
-593
-438
282
483
-818
-367
-264
69
473
731
-51
656
-489
-746
465
320
459
626
273
470
349
53
-552
81
-858
-84
-375
-40
-1000
60
700
148
-423
423
-973
987
666
137
-665
935
968
562
-396
-123
109
654
-579
984
164
768
-946
-530
216
-995
-835
939
-441
-107
811
-751
824
-36
572
-31
198
534
-815
651
-120
162
-562
66
-145
989
717
459
123
983
47
-765
74
-381
-646
-944
-370
-233
-909
112
-326
436
-823
254
793
-753
540
-845
827
-674
360
-216
-660
-98
-14
666
-493
625
-771
-969
-412
357
-215
-108
-158
-593
-678
721
-251
151
-816
900
-973
-691
-792
-686
815
553
766
-580
891
992
125
598
714
-205
-795
675
119
769
760
-116
-597
-68
-831
-97
831
-551
-687
-348
783
-335
-921
-277
-345
85
-596
-239
893
-562
504
546
-710
-798
868
536
918
818
925
-815
831
225
641
447
-602
912
-838
-888
-506
948
996
-306
-110
-728
221
-855
697
670
88
-960
89
337
941
375
957
279
-159
99
-476
706
205
952
-432
997
-738
-957
39
-604
-968
243
746
244
215
434
-624
-495
980
-542
270
-145
-783
-125
-331
-840
-847
705
904
547
-345
-70
-936
230
-887
-212
-594
-622
-160
685
-972
525
15
36
800
-387
-898
-843
-914
272
-222
-661
-151
41
810
-579
774
-619
393
-285
301
875
699
401
-651
-127
821
882
-581
-805
926
-960
-817
-833
564
-288
-949
-188
-164
811
288
425
378
694
-897
594
680
691
-544
540
407
624
867
-622
-720
813
-607
-952
-746
-244
77
821
-438
769
269
493
905
585
15
-532
-714
-810
906
911
-480
-456
-542
541
543
904
-841
-701
-127
78
683
956
-69
-318
46
-193
-2
-193
-904
450
-712
292
706
-787
-444
-988
81
-487
479
605
144
-200
-200
261
-807
-930
-333
-943
815
-52
-327
-304
-597
-755
-320
-893
129
-182
771
832
431
440
-834
-740
-782
-719
-632
-219
548
-368
844
178
-490
-874
-58
546
-523
329
-745
65
860
-868
997
169
167
-22
-350
117
687
-404
552
-927
-378
378
-594
701
129
622
473
-464
541
580
-255
857
175
-35
-274
353
-756
947
-224
-115
738
727
-1000
-881
-271
-538
-889
-613
26
-422
-896
375
34
397
604
348
-222
-24
-997
298
-497
169
-510
951
-559
-557
549
-328
-862
-721
209
-792
325
-239
-970
-267
368
-699
-336
106
999
-888
-958
-313
390
-781
-418
-435
-949
-894
818
309
-82
52
-478
-576
-114
794
-899
-327
-438
-270
463
-329
-920
-931
-268
-17
341
-4
-108
806
-454
810
159
-221
967
-733
-459
-653
319
546
66
-202
671
-521
-155
663
924
-872
108
-358
648
-978
430
-547
-175
768
-476
-80
374
-162
613
-127
-761
468
-36
-271
376
-322
-824
-430
-207
-822
-176
-158
517
-264
-479
-991
333
943
-539
221
81
-87
-862
-369
-462
927
76
-210
-137
-129
-472
-798
-95
233
-818
-909
189
-199
-23
-688
-298
-177
495
-693
-395
-101
504
161
-634
-765
-51
568
24
967
-626
273
896
459
223
92
-774
-685
608
-485
-82
862
744
-753
731
-455
-675
-530
115
-284
-765
902
402
562
207
940
-37
714
-26
157
-575
-710
-890
-602
16
651
401
-226
806
-113
978
-688
-511
55
-722
199
597
545
-344
115
938
527
672
136
80
83
-359
277
944
118
37
-782
17
-296
864
754
-604
65
-826
-584
252
-954
194
422
-19
-952
-252
785
-416
-42
-595
16
-672
674
-182
-397
900
657
747
-735
-279
-980
-961
-775
875
388
222
-966
-687
786
-78
-866
594
844
-749
593
711
-940
-834
336
511
-693
-431
-868
217
-222
869
-627
49
321
-807
-621
-422
304
-841
840
660
-94
645
-798
-533
-766
-486
196
-276
70
-134
212
-476
-480
-544
-249
694
900
40
-952
841
227
790
696
-868
693
470
816
471
70
801
34
-865
7
264
-147
725
-523
64
-66
445
87
-149
-44
-794
736
-721
-564
666
-235
725
843
-557
-647
-752
-422
-72
-557
-649
891
339
-655
465
-934
481
262
-452
-17
773
654
-598
832
-871
339
-551
916
-910
344
-643
882
-866
-958
685
903
93
-457
982
22
985
974
-656
73
164
-442
683
6
-467
-685
-219
-98
558
899
-213
223
565
254
841
-584
268
668
176
-532
-585
-288
291
48
-198
258
766
911
724
75
916
-34
956
649
532
-199
167
434
-298
603
291
-522
279
733
-460
333
607
-858
-488
223
-117
672
824
258
812
-213
573
-482
204
91
-643
-339
904
109
497
-818
318
839
612
968
-684
364
250
28
-286
639
266
3
174
415
810
-938
-366
-383
-347
429
428
-356
-596
-481
66
189
742
904
559
-230
933
-88
-673
-700
551
344
-13
21
421
360
-671
857
60
-764
875
-262
-859
-795
-870
-333
-77
691
-681
-746
41
-392
229
712
-235
32
207
570
-451
653
202
-781
-491
439
38
-535
361
-48
-714
415
637
229
-774
-472
-17
208
-523
-566
-858
-86
-688
605
-967
-17
442
946
942
106
410
-847
749
-113
-557
-118
913
135
418
13
-453
118
-89
-714
482
968
-594
-928
-597
-182
-919
-470
304
502
-820
454
-96
150
-716
286
420
-55
-12
450
265
-317
-34
-132
367
-450
-133
-251
525
-833
-585
864
126
-444
-404
963
716
-583
489
903
551
921
-210
293
674
-479
311
-384
-421
-447
-157
641
341
764
-1
189
676
335
-332
500
-28
-114
-854
754
-554
-870
583
-424
-393
-993
41
-603
415
57
795
-563
-29
-986
-89
716
248
-841
-264
-700
-379
528
43
-271
835
-721
274
862
900
9
-540
-447
684
-448
581
209
49
-880
-819
8
-629
121
583
-333
727
-281
-584
-586
-482
61
778
-420
125
993
645
124
-463
-944
441
-216
-288
658
-423
639
-377
264
775
-94
-20
-910
681
-636
575
93
709
-774
-238
-950
-17
-174
897
969
-677
63
576
-204
-240
-814
769
-424
828
-507
414
-818
62
-494
584
633
-316
-816
-451
583
417
733
-928
314
-886
-345
-344
-751
-402
-604
806
255
-592
769
116
-275
-126
-825
-201
-837
352
-534
609
913
230
-36
-298
980
238
-449
648
-715
410
183
369
547
-166
-355
620
-32
987
448
833
-527
365
-715
475
-833
-706
-976
792
587
-184
203
-420
607
-764
-333
-558
-305
970
-766
881
-178
-937
102
-810
12
-871
-751
-860
-675
-359
410
-428
-139
-683
-336
667
752
-327
591
215
814
-167
-901
533
923
-962
-679
-846
685
-309
221
-805
-682
-165
-834
708
-166
-358
-538
962
554
860
-42
-138
558
-787
950
710
-270
885
873
825
295
-569
-577
-386
826
-264
868
41
658
-841
-603
-420
-157
-515
-109
-977
-65
513
401
-917
316
216
-152
-632
-655
-24
-807
-943
186
952
466
145
107
598
-726
-676
-976
-508
294
284
-413
991
990
-985
887
-690
-646
457
-254
212
-443
-141
-217
-735
596
-480
-543
-453
-432
704
-885
-443
702
-125
-84
809
-592
835
385
375
-827
942
515
282
-885
-385
391
-733
661
824
660
277
-57
-593
-625
-500
846
-222
-30
-198
781
-537
-725
960
-494
-668
976
-747
454
-9
689
-762
964
820
-506
234
-607
554
-201
625
-55
320
74
-696
-869
-943
-201
-564
826
256
504
249
-396
458
716
-787
-672
39
779
333
880
796
355
-540
-682
-111
752
772
-157
-422
-341
298
-710
-316
-711
547
-396
173
164
996
732
-896
-40
363
-310
-867
147
656
285
481
-225
-297
945
6
-788
-860
689
249
-250
-341
-794
84
902
324
-355
936
-779
936
-714
137
-438
330
777
694
164
996
627
595
404
237
-514
117
482
-444
-370
-679
-816
-660
-472
129
875
292
765
-340
-387
-990
724
897
336
-165
102
-904
317
273
-301
453
-205
-982
930
-638
-493
889
21
855
55
235
139
329
723
-176
-450
124
211
467
317
-282
-652
-776
-379
-350
992
866
232
366
353
302
831
-895
374
-513
555
-564
403
-698
519
-212
-750
30
506
-599
-840
-686
889
-353
-349
-756
-951
-106
-577
826
738
368
-840
-897
47
62
-311
-333
-95
127
-157
-344
-636
199
-743
-406
-823
88
-792
-14
-990
287
-604
-856
12
333
894
658
-26
112
402
957
-735
-978
92
998
-16
-322
890
134
-514
34
-963
152
-898
-427
297
-40
-483
-243
-324
-950
-619
61
-325
-348
-469
122
-488
121
-24
136
368
691
564
-896
-623
-212
-498
-704
344
842
904
-1
-632
-604
31
-645
-89
853
-647
-751
834
-981
951
-280
881
204
-278
-885
533
-329
-110
-751
-418
258
-319
827
42
453
-19
-711
311
-174
-123
649
137
144
-917
765
-570
867
-64
344
-161
-743
13
133
218
435
-67
-125
570
-802
-984
-575
736
-307
-870
-206
-821
-779
-589
61
634
613
807
-267
-494
559
-43
-673
-852
-441
661
-219
502
-440
-725
38
985
-179
-536
567
-886
291
607
-326
-166
-312
677
-550
-808
-913
81
624
871
-188
-300
-811
-182
-122
-670
-955
683
438
910
-788
283
-741
-396
592
-189
-705
575
-998
-103
-647
-805
-334
911
7
100
534
454
-936
-770
-538
-400
-908
478
-432
-606
-807
533
131
-600
659
845
498
-766
-458
332
-169
-612
251
22
241
844
-779
-865
-901
-44
-849
-275
890
824
-908
588
691
985
-86
971
199
-384
11
291
29
-10
418
-408
-214
-800
-593
312
-193
776
-521
369
846
662
283
287
-358
797
-302
403
-885
-958
-506
991
-549
280
280
-771
-224
-441
865
-256
358
-821
-9
-222
232
-792
728
-452
811
746
773
68
-344
859
-130
784
163
-50
-970
-278
-500
633
-365
-932
-814
-833
740
122
95
363
639
-290
900
-295
6
-897
-255
638
245
155
-543
-248
-229
-109
-688
-657
915
710
-70
-325
894
-907
338
-321
878
406
-85
-300
-319
245
-25
576
72
596
921
837
643
162
425
-938
-980
-102
-396
580
60
850
-516
727
-66
980
-189
-489
942
826
-592
-997
988
-30
748
-760
-237
881
220
-997
-495
-300
603
995
-861
577
-622
-731
-833
940
199
-366
-675
-714
864
-714
-78
783
-558
503
-886
892
474
-978
481
-60
567
-814
-817
100
-653
47
446
-702
396
422
681
95
291
14
-542
-474
447
-744
-528
-207
-465
-320
-236
922
635
607
-10
-897
373
670
993
-497
482
693
-409
545
-353
561
82
-109
945
211
553
-944
493
-747
923
283
-943
664
-133
264
-451
-614
71
-38
-543
-749
103
-905
-299
526
-737
311
687
-764
737
603
-220
723
-606
923
590
-386
-329
648
70
47
-932
-896
815
296
-992
-881
-481
534
833
978
666
854
-305
424
-852
466
-992
-111
-557
180
224
-616
295
-517
-510
-499
967
-773
535
-997
594
591
-839
-168
78
-54
-459
-757
936
523
-972
167
696
-274
500
822
-912
-818
407
577
706
121
-232
251
-325
845
-219
-834
304
-946
-115
605
243
-503
-680
-840
50
-766
77
-370
-900
154
868
-291
-399
-195
777
-603
101
-137
-39
906
-16
-58
93
392
-331
491
-80
-159
-835
682
462
-686
-977
-431
-533
-301
735
358
-948
-131
-336
777
-346
135
119
728
146
105
862
336
298
161
-687
-591
323
131
200
315
390
779
834
101
300
-482
-454
-820
-250
-626
809
808
215
797
-808
-454
494
841
-529
-446
851
982
-897
-162
365
777
-583
892
-98
-784
-903
-960
-787
207
-910
33
-867
-987
-681
-227
718
157
163
-803
32
576
-906
-316
400
680
637
705
113
16
861
-109
280
871
-437
860
-285
611
219
398
838
801
147
-606
-972
27
602
40
359
435
355
585
141
364
528
-904
543
-824
229
-89
-850
651
-725
645
188
478
-227
-203
85
-624
-62
-6
216
-377
-249
30
-923
-508
-232
-126
-43
4
-965
320
897
-13
-854
-484
-816
172
-373
-567
-944
523
29
-457
400
291
625
-582
791
-229
131
-281
453
-477
-381
327
437
-76
-475
-898
-949
341
-303
325
192
267
-265
-109
-778
216
-589
474
-662
532
104
750
102
809
-947
-159
576
-328
-943
969
-462
905
-20
947
358
-673
643
352
-786
682
919
253
-146
646
715
177
199
-735
816
-208
608
-854
704
333
-62
-27
-861
876
49
507
-432
596
66
-114
36
-461
110
762
664
348
-254
198
706
-212
-337
-886
539
-629
196
-229
-216
573
294
338
311
-168
-470
-422
216
-608
-17
40
149
477
971
-123
-640
878
112
343
-712
167
-38
-482
87
-538
471
-454
986
-396
-380
905
-674
-378
-799
-306
163
531
144
-883
-48
448
-161
547
468
-297
14
979
-556
-729
143
795
-907
148
811
101
-440
-433
11
873
493
-704
985
704
-811
-129
275
35
-856
595
-984
386
735
738
243
-32
-960
-905
178
556
-524
145
-174
250
-234
359
-696
-688
-358
-662
270
-915
-217
-573
936
291
434
380
-254
37
-791
427
-824
-116
-935
264
545
-28
-467
687
-487
211
-669
513
170
-455
828
309
-58
-62
608
828
612
-711
476
-542
516
599
-230
-464
-240
953
122
-161
802
799
578
-377
-276
529
-113
837
-408
-404
903
11
348
-406
-115
-271
-935
-592
-496
-951
-943
-928
-351
-688
130
591
-609
817
579
-383
832
-205
-390
784
318
-237
-328
108
779
300
-574
620
-285
2
-355
-862
-515
975
-988
509
-467
213
953
280
537
-879
998
96
-122
-31
-561
627
750
-148
-42
851
-768
-545
889
729
-395
-311
-724
951
394
-276
-897
566
671
-221
-899
-194
362
-813
-896
-492
25
682
595
-563
3
404
262
209
617
-659
-680
283
270
-399
-156
285
992
-210
170
-304
82
-805
936
-712
-25
210
293
502
-371
-952
-837
888
-428
-34
703
379
-167
144
285
673
-860
-454
900
797
458
779
988
-982
-704
-383
591
843
-659
-348
107
-338
394
-481
-493
58
184
200
604
56
446
993
731
222
622
-457
345
-507
291
-840
-496
-932
474
690
-988
-267
-727
-682
305
990
304
-677
-564
-598
-309
718
313
494
-47
535
-679
312
-660
55
606
40
709
814
-35
-429
-101
490
-355
28
-752
249
-462
51
736
223
641
250
-625
499
-176
-158
446
-476
812
-91
-710
-727
261
-644
-287
-123
330
-992
321
569
109
941
191
-700
930
-637
65
518
393
982
-967
-590
-794
-426
-834
-639
937
-855
-920
-749
607
-365
728
-271
-780
808
-734
-450
51
-312
856
-324
141
249
580
458
-207
-285
641
-421
493
-220
-249
578
-590
995
177
-87
-403
546
381
913
7
253
95
820
-261
80
802
294
815
-940
-708
-326
97
-679
749
-303
847
-976
-140
-339
147
-417
-882
-92
-55
-520
-308
447
751
-685
191
-142
216
-761
611
-154
-852
664
37
-558
864
282
-429
153
-947
-493
-610
940
-336
591
-434
448
-691
45
-189
346
-319
759
83
583
35
735
-44
888
917
-876
-696
603
669
-396
-496
-795
634
171
-209
-853
326
762
-868
559
-489
-861
883
743
-975
512
-135
650
-564
516
-503
-572
-387
345
-112
761
-909
344
-431
-522
-879
680
-122
-685
-813
-323
-203
-316
-50
-334
-182
271
-951
-687
534
216
818
430
532
855
702
52
-284
-277
673
-569
822
345
406
-695
-172
988
924
-56
-724
432
-563
420
233
-534
699
-34
93
831
457
-404
637
-395
-604
-54
761
-218
-275
-598
406
752
-205
-756
-838
-918
-879
312
788
-574
-750
504
565
-911
124
675
207
-721
-864
-540
168
-93
-67
537
-101
-45
-469
791
-437
-310
-421
-5
885
535
-984
-116
513
770
-487
-804
-844
-999
-553
-692
294
-727
934
975
-853
-40
-959
-841
-401
-545
-90
748
291
550
251
75
431
375
-980
651
163
-860
19
266
878
4
178
-266
906
-24
-257
-360
-718
-452
-3
-501
-160
-615
339
683
7
-264
715
392
-278
-607
41
-119
88
177
517
173
37
-374
-104
988
-874
-668
191
717
392
1
111
-847
-467
-113
197
732
-204
-458
984
-412
452
609
-418
-143
-411
281
-536
949
-342
-35
-134
-475
-721
-594
-613
-907
-740
855
149
386
-493
970
-310
-983
-836
-924
563
-683
953
-733
-826
-266
936
878
52
-324
-378
770
795
-302
58
30
287
-472
517
292
576
921
-860
-528
728
-468
559
-92
611
-91
946
674
459
-469
661
-221
-768
-171
-263
436
496
-947
-734
32
24
630
-804
-168
-713
-198
571
-96
-117
620
995
-845
-485
77
480
-746
-544
-886
867
10
-191
-158
538
-5
394
548
-197
-827
-41
567
-595
311
-382
292
-590
432
-713
398
309
-235
641
34
156
644
-861
-519
-646
-589
853
218
-636
786
824
28
-467
47
216
-886
625
-488
429
79
618
-678
606
400
-221
472
-861
-855
-170
168
132
959
-524
-424
-332
69
977
222
132
410
-248
-564
-827
-624
291
-942
-530
920
239
750
-522
-8
383
494
14
638
768
262
-354
-658
116
-387
570
-633
-50
738
-527
980
-968
-340
-222
-817
-444
-209
892
-560
878
-54
832
-77
938
461
741
887
-145
855
-856
498
-353
-946
-627
-846
594
184
-282
-242
206
406
847
347
-587
145
-252
-69
-133
-628
-672
944
-989
121
723
-753
-779
39
-402
-897
-755
761
622
-32
-701
770
355
536
227
573
156
-280
89
-247
785
686
-661
-991
413
-332
-46
-695
-298
421
-251
516
-966
-272
-60
-925
103
