1727
127
-878
-841
-219
977
-466
428
523
260
109
532
77
800
411
-837
-464
529
368
-858
-49
123
-109
542
67
698
-424
-776
881
-877
233
610
509
-275
546
-853
-228
-666
870
-432
7
19
-464
-897
-469
808
-876
-582
45
-928
371
-215
-980
-390
-115
-420
-865
-208
369
684
157
613
-752
-547
-597
282
944
211
671
221
12
397
-44
-706
-119
674
87
-721
851
-586
-467
-696
709
793
647
37
712
-371
990
-4
-669
211
505
-866
-432
-672
-2
666
144
-287
-588
920
68
-584
-458
-967
-612
-703
628
520
925
-58
740
909
491
458
-394
894
-857
-330
132
658
-127
479
-856
-172
-66
-336
-136
-576
132
-135
-403
653
-333
132
322
-281
926
-353
391
-744
-89
379
484
450
-104
784
-917
-693
333
-533
134
-618
608
-683
704
58
-452
-575
-896
-607
-221
833
911
-433
11
246
59
13
35
898
500
657
-653
-869
-941
268
-831
-369
-453
-497
144
319
-489
587
163
-151
-77
-796
400
918
807
625
255
604
542
-974
737
785
-475
-434
-962
-771
958
712
918
330
404
-226
-407
-293
649
-674
-365
-42
428
805
-81
175
-666
310
620
-973
515
-669
-163
974
-275
-262
-311
-311
916
-625
-381
-157
-245
-46
-411
-661
-772
269
389
-937
459
77
634
-124
-889
-278
-937
-869
781
340
261
-436
-233
-36
832
-406
306
-340
552
627
301
196
-425
570
493
466
402
530
-19
-675
-407
793
-381
222
-408
-738
-450
60
-448
-63
139
-189
224
806
-649
-97
220
-810
527
-981
864
-78
627
720
-674
964
-103
12
419
-844
77
-831
984
-477
950
-617
-541
-392
-732
-896
574
-187
598
-603
-49
-315
-280
-606
-857
724
25
-406
727
475
-534
648
843
54
-158
628
794
900
239
-417
-778
410
-728
763
78
-75
-914
825
563
650
-640
-560
520
571
733
-265
-382
-855
-301
63
943
-687
615
-832
-141
180
670
-257
221
-234
408
-632
-728
451
-740
-962
125
393
478
-708
838
-810
-850
423
254
-689
698
850
708
-215
307
173
205
856
-163
203
-327
-526
207
-833
990
-945
411
-477
385
-288
-712
228
756
-792
-6
-723
905
251
-509
942
-620
306
147
40
142
-72
-533
-296
662
981
352
-802
594
548
186
-790
771
-734
668
978
374
406
-706
-991
199
808
437
607
-31
287
789
-295
-192
-550
-35
-947
-377
682
688
-571
988
-501
468
-627
737
414
19
-750
-769
852
719
-310
-613
-935
291
-918
-646
106
52
-745
-351
-940
422
908
996
-357
491
117
64
835
-138
-90
-971
-433
-818
572
939
-556
558
605
277
840
841
-642
435
317
842
-671
689
-348
826
281
-867
-17
571
-132
-938
-216
273
979
864
-505
-463
81
-60
-268
993
-66
-45
249
30
687
-757
547
-627
-157
611
469
-119
-740
144
-151
443
-952
-822
-700
424
-196
-247
725
964
332
-775
-230
436
-471
476
-146
337
-953
-802
675
792
266
516
792
-401
-547
110
935
850
-690
-372
-850
-293
-535
204
-425
-832
991
65
566
455
947
447
-897
-668
-846
451
850
-77
684
-128
-940
-336
979
948
-485
-125
687
-647
-187
-758
187
631
-202
-33
384
406
-932
297
-933
-751
-496
990
254
-889
908
645
128
444
-173
937
369
-244
82
842
-177
47
-639
-578
798
855
-331
997
-217
-378
-939
954
-32
317
967
-939
644
-465
855
445
-434
-795
-813
-197
743
-390
-362
-23
714
406
751
-774
-943
664
829
547
-194
-563
521
999
-873
-739
368
624
-962
676
380
649
-868
350
78
473
522
-724
-246
89
748
3
-530
-281
810
-717
992
435
44
933
-476
-538
738
-2
567
547
845
208
-294
470
-322
48
-706
-375
824
370
-823
-187
292
-176
-381
677
866
858
912
917
-426
-409
-215
-166
-554
697
969
604
-433
223
225
110
671
-764
-552
-465
707
452
19
-728
237
-209
-435
5
-367
-410
739
721
-676
-845
943
-919
-910
933
-818
3
403
-568
-368
600
-983
-797
-436
108
-784
987
141
735
178
149
813
-389
-290
409
525
-451
-156
-846
286
-415
48
-79
863
-825
-223
-206
-461
-542
773
-874
-834
206
179
639
348
737
324
394
558
346
-562
567
-702
374
-81
-652
-435
946
-494
-697
-136
667
-383
330
149
-175
392
721
-84
874
-94
183
-554
131
2
310
757
-48
511
-202
-882
501
-243
-100
292
893
-764
708
370
-169
351
-342
-635
753
596
833
-572
973
-501
-554
157
-736
572
-545
-467
-231
-583
125
-805
719
-539
-95
625
739
624
859
840
948
113
-435
-193
401
687
302
9
-551
811
-22
848
-978
349
-345
377
136
-919
-926
134
-762
510
-616
-991
-48
779
273
380
920
622
-682
18
-66
315
723
73
578
181
-808
967
-683
-180
969
510
488
547
-667
-570
534
-500
932
-11
78
563
730
653
-680
-908
920
786
248
-743
-287
-186
528
-588
-902
243
528
677
-597
-603
-615
-439
-222
49
-960
-656
-169
182
-402
-775
-743
-353
-29
-740
615
-895
-982
947
652
-201
712
310
977
664
-402
834
166
-334
-257
-683
-196
533
539
664
-279
-178
89
-519
-210
-578
595
-972
725
919
475
-50
-364
979
124
-66
-561
-720
-293
-439
-422
-164
-724
936
27
57
993
727
-210
493
-899
-228
50
888
-521
674
-559
-13
-118
-974
189
786
-519
765
-747
645
976
-872
695
257
-939
21
159
581
798
810
14
844
396
368
870
655
-284
873
-991
228
319
-129
-126
935
-905
-170
-285
-781
-494
-323
381
-196
603
118
-154
-980
427
-97
-843
-215
615
524
-31
-304
99
-365
775
-64
180
-828
554
-43
371
-141
453
879
510
-13
172
398
120
369
-559
205
65
650
-622
-568
368
-966
-913
-565
588
-846
-167
872
-918
5
-282
52
401
-913
241
815
-983
883
735
-49
-478
591
-804
-280
929
382
-444
154
245
-678
-402
-874
-424
-693
-78
830
-159
433
-86
648
-586
-230
471
-737
14
560
667
-105
997
146
627
811
-536
-291
520
676
-736
903
-197
408
45
-872
-963
620
-681
390
193
615
121
-997
617
805
-806
-795
349
-187
592
-870
-406
768
73
-395
966
-186
-700
-14
-558
-473
778
481
553
330
-405
-998
-123
-498
-110
-994
-223
362
586
-58
-536
3
-214
939
-740
314
987
-383
-941
-753
-741
-112
780
758
266
656
-673
420
-766
-448
867
726
-828
323
185
-242
60
-871
-651
460
-618
69
-659
165
794
-80
121
546
-269
-663
442
503
-226
982
-904
-626
430
-100
-716
911
956
-280
-964
351
-741
-584
461
-45
58
904
690
959
-398
988
490
751
31
935
760
128
-372
214
644
988
919
925
383
-319
787
203
51
621
-116
796
-823
-440
-874
-149
772
-50
-562
-318
843
-216
258
976
916
981
764
-267
412
-854
-231
317
227
771
-968
-154
404
516
-834
288
258
770
-825
225
269
-233
663
962
-748
-347
-578
-231
181
-214
345
-813
304
412
181
-66
-295
642
-865
-544
-868
-849
199
-216
-165
-436
19
527
-189
848
-240
-662
189
974
867
-305
-112
-276
-595
-654
-269
571
-899
-101
928
-296
207
-347
421
-226
338
453
-700
-731
856
677
-646
139
-570
-132
844
989
-789
-708
-643
-541
638
-968
972
309
544
-832
890
-722
640
-6
90
332
701
863
145
-464
710
815
157
120
493
833
-702
550
715
940
495
-51
157
-181
560
248
331
800
-804
-617
89
904
510
-554
-617
-922
705
12
-989
-241
4
93
238
434
669
620
508
162
-119
321
-635
-143
546
195
888
266
746
98
-592
235
-892
163
558
782
130
-823
-619
962
-456
-340
501
-373
799
921
-560
642
6
486
-504
826
-861
-656
809
-863
888
963
99
382
-192
-971
-833
813
104
383
18
165
-230
73
-736
467
-363
-47
488
356
953
776
-514
692
-978
457
-954
190
-108
951
459
-562
660
178
-305
-613
-650
709
893
715
892
399
730
274
-725
91
-918
315
186
-817
-609
353
19
-690
-788
186
807
-774
-264
-351
350
-310
110
-882
300
707
-718
212
191
582
-99
152
436
326
-391
-887
457
-492
888
991
77
-823
110
500
4
-433
32
-950
-761
876
-588
-824
-168
188
-552
21
-877
-182
590
-689
-481
-693
517
-153
20
-104
-365
669
-745
-858
-898
676
769
-413
858
-318
142
-226
-868
279
-96
-380
-466
-489
-348
835
491
965
-884
-196
-182
-483
540
-758
-89
-434
960
634
-324
675
698
-170
-928
509
-982
1
566
31
645
17
582
-11
296
-956
40
-175
662
-735
-148
-61
157
-899
-89
-923
935
934
-200
-208
-196
175
777
751
357
-440
257
-66
523
-407
-954
-402
-898
-149
-449
-936
162
307
-648
219
-861
-164
287
-828
953
-257
411
537
902
-750
652
978
701
-165
45
292
829
559
-282
-757
682
-580
78
164
-403
911
78
820
657
-814
-175
-552
-97
-42
647
75
244
-551
-407
45
-835
819
-361
310
-635
-381
60
263
597
-543
-717
-264
42
864
-285
244
-923
354
662
-322
-949
87
935
782
381
-44
-166
955
786
140
-779
167
207
30
508
978
937
-582
-469
-789
866
-479
444
378
271
936
