8825
120
254
-576
959
-32
520
252
-224
104
-989
72
220
718
-342
-455
587
-458
-175
524
926
-833
-238
191
753
846
825
713
-839
454
376
-454
944
890
-456
-771
666
-71
909
123
386
520
260
553
263
397
731
257
621
487
-498
398
-159
11
794
656
-676
634
687
512
-765
350
519
542
25
387
397
-90
-46
-286
-453
-800
309
-312
-715
-425
-324
-26
604
-591
-709
402
-256
205
427
314
309
-436
-206
-648
-880
277
-95
657
-850
524
-614
-360
-415
-323
-629
-912
584
66
763
-322
-518
453
512
557
-353
303
-133
-21
715
510
577
-528
856
325
982
750
-673
-147
184
964
-814
-71
-235
925
-103
552
-310
454
295
-300
-230
61
872
-713
247
693
441
-259
-896
245
-60
100
118
-672
-745
0
44
351
-640
-693
-580
-21
327
473
-304
679
136
-998
259
-279
443
169
661
-503
-766
-911
468
882
-210
352
-834
726
734
-861
-864
271
630
-608
-727
-865
568
355
-880
-824
721
128
-306
584
-862
-361
-22
381
-919
-538
-144
-458
316
-968
765
-199
370
843
441
-847
-322
400
289
-672
-759
-165
239
226
602
521
649
946
-812
370
-317
-155
812
276
-462
-572
-474
-305
-161
-904
459
-801
-141
-50
681
164
725
-246
855
-531
253
551
-45
275
532
908
-358
658
-326
843
52
690
628
227
377
740
288
965
420
-537
102
-685
50
923
-291
788
407
-755
582
-203
78
816
-7
-6
762
-3
-165
-351
717
-223
-103
471
-636
453
-621
-780
-258
459
360
-238
-376
628
-711
-613
-250
-786
29
352
655
651
-799
710
-954
-3
617
26
144
-19
-232
-379
407
-278
-344
-5
682
15
806
94
78
-66
365
31
-698
-56
253
660
-566
-514
840
-123
-857
402
-519
-63
-29
-42
-991
606
-725
-90
255
-51
-229
450
395
811
-7
595
544
67
478
143
116
401
-94
776
421
579
-925
-98
497
-728
961
-779
434
-646
842
-399
-604
471
477
-66
948
-917
-467
668
-809
-390
900
-345
-267
-39
-783
-860
800
-964
-305
248
372
26
-828
595
333
876
291
441
-816
197
318
-383
343
-596
-85
183
-596
388
82
268
-512
844
-448
541
969
322
-661
577
-762
835
-13
827
-383
830
177
-304
784
-154
-65
-558
855
-42
691
699
-323
-401
441
470
-263
204
317
118
250
-713
-878
122
704
676
-95
120
-646
555
-527
-537
-611
-973
-769
825
-115
586
-326
340
-645
-911
-706
674
251
212
76
558
145
-825
-926
111
-680
-900
-212
-958
750
418
-442
-65
560
-233
492
334
301
-771
-223
210
-855
619
568
915
641
378
-29
-102
-827
-272
997
725
-41
-998
-954
458
255
-863
-429
424
-472
-801
111
-967
763
796
970
-732
198
401
139
208
-568
-179
541
546
-773
-923
884
151
-17
326
-997
-35
-305
215
924
539
194
-438
-629
34
177
-111
-609
523
-656
-675
-755
-577
-678
-911
738
454
109
725
509
-185
239
519
-440
862
540
-165
49
-341
-435
-141
-311
407
-569
346
-904
50
-179
907
106
264
290
559
682
514
-545
178
970
712
-35
183
-564
-316
704
962
-912
-351
-31
147
795
-413
166
-525
176
-47
143
278
-947
-163
-528
432
85
756
-234
181
357
128
488
281
854
762
796
-474
-898
237
-782
283
-670
-153
-447
993
-820
-119
924
409
437
-899
-703
-175
784
326
-98
806
67
451
-160
-76
-126
238
-327
-296
-134
225
-163
662
-74
648
-918
118
-14
-719
337
650
170
848
837
-565
973
239
703
528
804
-141
155
-720
873
410
-525
-305
-459
624
-522
-939
-870
-464
37
-740
266
-841
-550
216
546
-555
197
-703
7
381
260
619
-485
732
782
7
492
-122
-676
722
586
139
-796
795
-718
665
244
450
555
-549
-248
700
60
783
-968
467
-471
518
688
602
104
-988
-771
-129
740
631
-639
313
430
676
-332
80
58
-35
951
859
-627
158
-443
-363
-895
-649
-295
-199
66
420
-218
-723
-472
536
-873
-517
-318
889
708
201
955
916
-51
-326
-308
-191
886
334
910
-15
943
244
490
164
-865
448
590
-521
-867
392
270
-198
-614
184
21
656
670
101
-441
-769
141
367
-59
712
-138
751
891
208
552
208
185
973
-574
266
188
-660
-43
-887
249
223
7
-52
5
-252
919
-343
-476
-736
584
974
-228
540
397
-829
469
213
879
172
-177
-553
638
-518
928
-364
401
-304
-23
-51
-37
-718
-797
147
109
538
-757
-808
-590
789
-856
895
-310
-742
-251
-30
310
795
-657
-959
477
340
-548
-728
202
-640
-938
-310
883
522
-941
890
-235
-767
-542
840
-543
245
-524
-24
45
974
-395
-482
-488
733
-762
885
270
-215
104
-496
-76
-533
-682
536
769
-618
767
3
874
93
-385
278
456
-951
554
385
-761
-974
4
313
-947
-614
255
-781
965
-327
402
635
216
-813
-509
-844
-920
-474
-479
634
-728
-608
-64
916
-198
-307
-431
230
486
797
46
-702
932
-252
879
830
935
76
-340
-31
518
421
543
854
-8
220
52
35
-532
-167
-575
-492
-558
-190
124
672
-311
797
781
-562
645
-829
466
-784
380
-112
73
-836
942
279
893
652
-353
595
-609
-468
211
392
496
-687
644
-857
809
-312
547
848
-952
-900
521
354
-329
641
104
-66
-710
270
67
-870
597
-616
518
-703
408
-568
-589
-217
808
-417
-757
682
315
-912
246
789
-593
-389
447
-210
-73
458
-98
95
435
-811
563
482
907
160
940
-619
-743
-524
-29
333
544
-630
-489
806
924
-797
966
232
-201
902
-556
-138
869
33
-118
160
446
-352
-35
41
933
-84
762
-957
665
506
540
-843
-761
-684
345
94
-966
437
-369
932
-367
494
150
325
91
438
-606
-97
-751
-50
24
603
-161
-878
906
-189
-591
395
-799
916
-505
-639
214
-193
340
238
61
410
377
-274
-498
724
-295
-734
609
-827
-680
484
-570
339
21
677
542
-591
545
562
137
-462
459
-315
-291
539
505
-520
-305
327
-859
484
-670
-524
913
759
313
250
-519
-284
170
476
-380
197
-814
-441
-730
-917
-113
647
-491
-138
301
-7
-394
752
-912
475
148
627
171
960
-596
267
523
-976
-105
-762
-460
-245
485
984
-891
-642
-958
268
-694
254
-344
388
670
-303
530
625
-37
205
-521
-450
800
216
59
471
254
574
782
119
206
161
-929
-593
898
-789
-911
-478
-121
671
-9
397
900
989
-289
596
-143
980
137
-89
919
753
467
-684
-224
630
418
-378
555
-361
-17
-676
-306
429
619
388
-648
-131
-784
-187
178
-141
454
668
-431
-313
751
-930
-548
738
32
157
-988
-966
44
230
-732
-23
-610
-377
-602
28
-589
461
928
247
-159
-261
-631
-250
-440
-969
380
414
916
766
792
-543
876
-776
833
593
-102
742
279
-276
695
-424
832
869
674
139
549
915
-787
735
534
-141
-507
487
347
-871
-628
266
-168
132
-748
-330
571
-481
938
52
53
51
60
678
-237
-198
-680
-19
-599
-738
899
-792
74
544
691
-458
-346
21
746
-372
-720
907
655
-174
-966
-855
10
-920
-561
-476
-164
-457
189
-818
393
946
-210
424
-749
506
913
632
-396
-944
-886
-394
872
-602
674
-447
276
351
28
-561
-489
-427
230
-911
843
-791
-616
36
-808
820
-628
724
-442
-756
-743
-997
-20
-893
430
663
346
618
-104
282
799
-414
432
-85
680
-61
-76
730
-586
373
-720
-288
42
412
-823
-652
400
273
214
-693
246
506
-85
-457
-857
652
-125
-784
520
791
9
-416
637
-720
-861
-57
425
-116
988
-97
945
375
-755
-214
-308
949
-73
-840
490
544
687
-619
397
-176
-218
-817
-136
-744
148
469
306
-659
865
122
839
674
-448
-503
-36
30
488
35
-788
-433
543
164
-316
-936
-27
835
696
-858
-549
-424
672
-736
-337
-168
-350
877
613
-949
-611
-865
-285
-929
-689
189
-615
325
-636
686
-613
-551
315
-143
236
320
-409
250
-583
282
-737
-313
-657
582
466
272
-247
933
-757
-835
-437
102
908
129
212
-287
-774
-92
-845
543
357
-641
-550
-810
-382
976
-121
803
343
238
-956
-592
-685
70
-99
629
-745
659
634
506
-59
-899
168
-325
-685
-472
632
-684
-340
-195
-269
924
-812
-538
-952
958
-811
962
-908
577
-821
120
-979
202
824
889
171
-440
-108
126
-477
-787
661
-688
930
604
167
-89
-766
-643
873
666
-692
206
580
-955
90
404
568
-487
55
-545
388
-803
-154
-21
-334
450
780
-94
-307
-684
459
319
-176
284
-21
830
-308
370
471
-528
-59
-80
930
570
522
-606
836
60
-945
-886
-523
-225
392
-401
372
-744
757
-778
-652
681
309
-951
-268
-585
24
-45
-247
134
661
670
907
-704
-604
-413
-103
612
857
-944
-519
219
-547
552
80
-361
-901
53
-726
-748
996
856
-937
400
96
-335
547
839
-814
-902
112
-330
-90
-883
-719
-207
441
646
773
705
-475
84
686
-203
152
441
-194
-23
400
-704
-546
-684
-187
894
-598
475
-270
913
-597
-845
258
-747
882
980
-189
293
62
712
122
-465
523
-845
611
304
-777
93
-638
-273
-302
-582
-933
-538
-575
-837
-134
-790
-337
-754
-496
-293
993
640
-484
919
-908
978
-367
474
-634
-7
-583
240
-163
-417
742
154
216
-408
288
-273
-144
-897
-255
-758
-710
798
-519
-79
-868
269
-130
-746
9
-79
-125
774
-21
-410
-92
222
12
-809
-469
-66
113
618
-461
598
148
361
-249
-724
-500
-6
-619
880
-437
-287
404
903
-316
59
-929
-189
-666
-885
573
-268
202
546
-610
-745
485
-89
-187
668
-790
-954
-419
-394
463
-619
793
220
970
-319
587
-100
-695
-457
0
-993
795
-18
-921
-360
-259
338
-724
-554
-795
348
566
-232
196
-452
-967
-208
-900
-359
-632
-384
639
-417
-197
961
191
727
-856
-509
-777
-476
-47
191
997
-407
-901
536
210
489
86
943
-400
870
-387
518
191
747
-628
-628
-885
197
633
951
438
60
561
-352
-99
271
80
552
-166
-115
107
-551
902
944
-514
247
-488
932
-387
293
-545
838
-247
-653
152
-185
226
-843
-436
-976
515
-16
104
-257
334
-115
522
15
837
-768
-458
-90
690
498
-141
7
996
-279
-876
392
-457
874
86
-593
-242
837
-685
853
127
-401
817
460
683
445
-725
845
776
556
377
506
-515
829
366
-526
986
-163
878
-494
-478
51
-358
633
678
211
218
148
543
-80
-779
-456
967
-866
64
959
20
-876
177
121
-782
640
494
627
956
-811
-761
549
615
-720
253
-762
139
-216
-771
170
415
580
-707
795
224
-90
-926
197
797
-955
12
-677
146
936
14
-456
543
494
-770
224
-379
-837
-827
405
-980
733
35
-555
68
637
626
-640
-650
416
-955
-505
-43
749
-706
-32
-361
345
777
-138
266
510
-936
909
869
954
-645
-780
252
-140
123
435
-65
-551
-796
500
-592
276
-275
574
-225
-371
-619
-820
-108
-232
28
572
695
718
667
-781
255
89
881
-963
-330
-520
379
-605
966
611
-274
-27
978
-696
404
-9
323
451
817
-359
-802
509
-527
-483
-450
-37
449
477
99
536
502
-107
-442
-771
109
-388
-153
956
624
-160
-394
428
-158
-33
827
-178
-872
242
-478
654
-589
484
342
453
702
-688
-727
-853
64
936
-51
-710
127
-446
82
590
290
-627
-467
473
544
-223
465
-877
-790
581
700
62
-462
-294
369
-153
-41
-620
-899
-904
-978
-328
-632
843
-834
257
-118
505
808
-259
-392
225
434
-812
58
996
734
809
-374
732
-677
425
-950
-339
-328
-47
-654
-284
912
-756
-667
428
-329
809
224
527
-465
507
638
250
183
954
843
-391
897
-169
387
545
350
316
-539
-916
-647
658
-711
-321
-835
-500
155
-488
-365
353
788
627
700
-409
-588
204
-553
346
862
-466
31
781
-417
986
964
631
988
500
-587
862
-249
-921
295
354
-819
952
-347
-193
-544
-393
52
-554
220
-78
257
-794
808
-619
-935
164
139
-628
708
169
633
585
79
842
648
-464
-843
979
-861
-833
522
-547
682
-693
-540
815
-348
-74
390
-848
-126
893
-230
170
481
-434
-102
634
-372
902
890
36
-228
552
-154
228
29
-854
-204
-145
382
-214
-746
40
-188
174
254
190
267
616
958
147
-485
200
971
-441
3
683
-547
770
-268
-302
-154
-95
76
285
-84
-584
734
-842
101
918
523
747
-322
726
-929
515
-712
-126
-342
785
943
-606
873
278
728
993
-656
-47
327
-848
87
-974
-742
404
-194
-564
758
-37
190
-344
-196
620
158
-234
-249
428
-802
-657
-748
221
-924
54
910
769
-351
-468
-58
-324
-322
-365
716
407
-824
-118
172
737
182
647
-857
-304
-781
-988
637
949
-612
176
-60
-642
-409
-923
-760
149
717
-535
191
-699
167
-450
600
892
-831
-59
303
-644
-451
-144
-49
-452
-90
452
389
716
591
-851
316
310
152
-101
-53
-817
876
-37
39
-900
714
992
918
-446
286
-720
-271
374
-276
-245
517
-781
-504
-410
-345
873
52
-698
-447
562
151
-376
222
-223
199
-274
-227
276
-429
-909
53
-24
-833
975
598
683
-916
-122
-265
604
-781
986
626
-274
558
193
-920
-756
836
114
-718
-329
-945
345
725
-981
-916
138
369
368
-994
-110
-441
107
415
-200
-556
932
-972
291
814
51
-37
-331
-23
708
-28
-571
103
-343
681
-165
-822
607
683
292
567
-56
731
741
377
-761
-958
-4
-177
-805
-482
705
-333
691
457
-260
696
-257
-297
593
-993
279
108
614
262
805
935
-363
542
-195
-977
-196
583
957
-663
706
-358
687
403
164
-381
-469
992
-131
456
-551
-160
-11
-357
-635
-308
432
632
-773
-549
-537
187
930
-109
132
-783
-443
-385
886
553
348
297
997
344
889
-427
-897
245
-354
682
-255
-841
972
814
-415
761
-953
-708
168
-521
-603
-603
605
-503
-811
736
509
393
172
-273
950
33
-54
944
674
-282
988
-52
-302
651
730
480
-80
36
16
-651
-938
648
330
-818
492
-639
-311
221
972
-284
-126
83
930
343
-458
-909
928
308
252
-511
382
169
297
140
-850
712
-14
180
510
386
553
410
454
987
-477
260
961
138
-534
761
-88
-448
-690
-977
26
-238
-650
222
-104
692
-636
128
748
724
-969
312
-774
848
650
-515
847
-810
601
33
22
710
-828
690
-566
-715
876
-852
901
593
203
-184
582
-548
224
-922
161
-761
-729
466
-863
-452
-345
-106
-647
616
-347
-164
936
-989
567
654
106
-643
403
412
555
23
-476
313
902
667
-978
51
-20
74
-583
-963
-528
736
522
875
255
485
816
376
174
338
297
407
-37
638
421
-603
309
405
546
-921
-776
-188
-314
-986
-80
-141
-228
787
-577
847
949
888
-791
-301
735
45
-644
-750
596
564
-274
-268
-839
-78
527
763
-89
-390
-67
496
935
407
-187
799
-571
101
-857
764
-153
-307
371
304
871
492
-656
-284
428
-818
460
840
-473
-868
189
-95
137
271
-443
509
-606
-416
-860
-60
916
-289
23
653
262
779
575
474
644
-876
-227
465
404
-629
-23
-569
-29
754
1
-357
350
229
-274
941
-707
-731
-925
-295
153
-403
559
404
-897
-845
-687
-894
-20
-243
-869
-31
488
828
975
-459
671
-294
807
-767
698
-484
-975
-769
-723
387
-282
44
-199
5
124
243
753
483
-975
580
602
183
-40
-303
172
-435
-240
181
-523
538
16
529
829
717
15
-828
-748
-16
927
743
951
-582
42
434
865
533
644
-114
-290
-536
816
696
187
-336
463
-289
553
0
-494
410
81
721
-879
921
-559
-553
-571
406
436
-765
207
599
688
734
76
-956
-455
505
-65
-833
195
-482
206
757
389
162
522
-689
792
617
-363
-475
-834
-202
-760
-992
-624
-466
-436
106
608
-664
774
-139
157
947
0
20
-955
-108
946
-566
-123
474
-368
813
-821
-320
-707
-314
460
-2
493
105
834
-116
840
363
-419
-571
-566
836
619
-781
-153
-493
-590
781
-996
328
-215
-150
-496
-126
-505
-592
234
-682
-13
-818
-308
280
234
-878
749
777
-240
168
-267
-258
-83
-337
-959
457
841
-407
822
534
946
784
-702
451
345
832
-34
-436
589
644
127
-621
-704
880
924
89
-538
105
346
683
155
924
-829
332
52
-190
646
-101
557
478
-24
449
-238
591
-9
-695
842
729
-322
268
541
10
933
-184
470
300
224
284
-205
454
-648
595
761
-113
855
-630
693
480
-99
64
-675
484
-705
-359
149
880
-529
-802
-530
-87
102
-683
168
-842
270
937
-24
-541
-227
310
-219
686
-325
-541
-883
530
-268
396
308
430
-135
826
108
482
-15
850
944
-555
477
-409
538
-523
-422
-532
-171
140
863
170
668
187
-939
362
353
54
7
656
-966
139
-49
-715
998
-703
-48
-961
30
-407
802
511
-826
451
855
310
-334
-208
620
-907
661
-417
-740
896
629
-505
-162
-771
907
688
543
-785
-298
958
-454
-838
-497
491
-716
178
551
-529
468
-795
-900
158
-305
977
-229
-209
866
-317
559
885
456
-51
-329
140
268
867
406
-143
840
499
-716
-882
395
494
-750
-623
42
-665
-741
184
-835
-137
-235
-69
938
715
-489
-843
-625
43
469
704
-696
-25
694
-403
-207
-608
135
637
838
208
504
-865
790
-633
3
902
277
803
734
502
-496
251
-762
908
940
-520
-661
887
103
48
-581
-282
-400
97
-250
110
-669
807
529
696
204
90
-682
406
93
-361
-152
-432
603
-184
788
752
226
-205
-749
-875
-968
140
492
872
975
-104
342
-679
772
31
267
564
981
-611
136
86
-208
-923
386
-138
150
226
418
498
462
-868
369
-425
677
-365
286
780
-300
-757
-308
-20
714
805
745
462
-456
-315
-615
835
731
565
642
907
468
374
815
-428
292
-323
-584
496
-189
-350
-215
209
-689
-863
830
404
210
58
-848
-616
444
-69
-647
-151
-801
-616
-12
-851
202
452
32
-966
765
-625
467
850
-309
-244
-117
205
-450
-146
704
562
-812
-146
-459
129
342
652
525
975
-358
-929
538
46
-530
-70
-336
-664
549
830
649
201
-449
-570
769
-921
256
-509
546
-689
898
260
474
-388
-490
673
295
918
742
724
-795
-139
150
-539
367
-351
969
-943
897
136
-224
70
430
-102
-947
-402
205
-491
38
5
-626
-568
581
904
-949
-490
43
-900
-326
-167
-636
-296
-2
175
550
609
92
294
116
304
540
640
-384
-975
-474
-253
-868
-213
315
0
257
-313
-842
413
-455
-513
471
-15
-442
-28
-209
-36
-26
-165
-389
609
-2
38
-281
-848
-909
635
-317
740
39
-653
675
518
-207
241
-800
284
117
-564
-292
-990
307
-149
-830
339
700
77
-772
644
366
770
623
93
-640
953
193
-907
-423
-570
939
985
-292
175
-919
-376
829
-540
-946
-546
71
729
-284
-325
-634
770
737
-240
-305
-870
-939
789
528
911
752
377
530
-483
-672
-745
699
-971
120
-190
-192
202
765
-867
887
713
-198
90
522
338
-269
220
248
711
-618
26
373
672
45
515
770
24
-400
633
919
55
-136
-580
397
-515
-97
180
-1000
-488
-782
25
-942
-558
-888
498
-205
811
-884
393
427
430
678
72
-270
-926
-263
722
950
719
341
720
948
-725
796
438
771
-783
-94
290
233
-500
-275
384
-799
453
-548
413
724
-857
-796
-554
-44
-85
774
-469
856
597
876
118
-431
-326
-878
130
364
-51
497
330
144
-956
630
-64
-41
-245
-718
182
793
-843
-118
684
867
267
-513
982
903
-269
-776
-215
13
-867
-645
803
-745
428
235
68
35
-736
746
221
-311
364
-896
-589
-908
777
-652
351
846
-922
55
-27
851
-102
-592
-977
-569
-104
-511
-10
4
-818
-903
349
572
-310
643
601
205
-792
-980
-543
194
477
978
-418
-442
953
87
94
371
237
-683
476
-935
-727
-564
-652
826
-720
-138
-683
625
-133
-773
87
227
262
-656
262
-1
347
-661
-245
783
-199
-495
-75
224
-160
-559
-919
253
28
-807
307
-105
-884
550
888
-974
526
-295
-422
-919
889
388
727
-974
86
-43
-930
-613
91
201
878
-93
613
738
445
886
882
739
-14
-447
393
728
337
-413
678
82
864
164
-26
-224
-278
991
811
521
159
-149
476
-666
-955
-72
-931
845
512
180
-922
-281
-934
-115
-974
-957
511
400
-874
-316
839
257
-228
901
-624
-316
636
797
-120
-633
-10
622
372
-366
830
695
288
87
-124
697
-556
-300
-145
662
-17
-936
-939
-459
802
257
-279
19
-677
691
930
835
221
389
164
822
344
-874
782
-634
555
541
-753
-292
-766
-898
981
-959
701
408
596
594
-640
-229
-673
-500
352
-761
-539
-89
753
719
331
735
-135
908
-477
-450
223
-673
150
69
118
-642
307
521
-224
-816
420
474
-591
-605
-871
-546
577
-742
-909
637
893
-139
399
661
-469
-104
380
542
-536
846
-517
-216
545
-570
-557
-192
-902
-709
302
738
-963
-671
532
-264
130
75
306
368
-937
-454
-938
-853
61
-848
121
-446
832
579
809
-124
-16
940
-654
682
576
447
-23
523
-117
661
805
459
-466
405
-214
334
341
418
819
139
-746
-978
-677
-901
-12
940
809
289
33
738
-554
-557
836
-323
539
-938
-590
463
139
985
556
-573
-197
616
933
-271
-486
-384
-609
701
-543
146
-143
-70
-760
673
-266
156
-159
-843
212
-261
-619
162
-856
195
-134
994
299
-119
-162
159
-557
-216
339
-387
201
216
567
916
-766
-976
142
763
-292
595
-866
687
999
854
119
660
445
-847
269
499
879
132
804
-319
958
-495
-362
608
-605
-9
147
558
-421
-161
182
-565
-45
-129
-640
409
988
107
-300
-132
-454
-4
270
272
-305
-279
32
-470
-433
210
-501
663
623
-949
-874
-352
335
405
78
-33
833
-568
-69
43
-474
-739
-342
240
-972
-583
828
522
629
-333
-470
-273
-722
-538
-477
-484
-902
609
949
632
-573
-676
-269
-635
-691
-442
-487
244
159
329
473
680
-818
-113
-816
-989
-744
750
-293
-595
-358
-594
144
-444
-737
-420
-886
-51
581
663
-956
-681
-419
583
305
848
559
797
-714
338
56
-362
-715
149
449
-567
471
-312
957
-208
212
-390
-162
-205
-974
-685
-907
-129
-104
-48
-700
-266
798
58
306
-960
563
824
-198
144
-645
-421
-832
-415
3
695
-462
399
433
-126
-74
434
-195
341
-10
980
726
143
-316
980
-14
25
300
851
918
-236
901
-324
702
622
-157
129
570
-60
252
976
38
850
228
884
-140
-11
904
984
551
641
36
-842
95
-178
-31
-66
-100
269
79
-606
-512
-167
42
830
-298
361
-452
-331
361
770
239
598
-541
-584
-819
989
451
-843
886
598
-7
-157
685
125
-895
-893
799
401
105
768
-383
423
-463
-835
518
-902
974
-533
-422
-80
411
-185
189
-905
-563
-160
-161
-769
-639
-346
-492
817
853
-850
773
-995
-288
322
-461
930
-594
453
920
-827
-997
-844
300
-684
587
-56
545
-187
132
856
43
-392
-630
780
-49
-485
-347
-932
791
-564
-592
870
96
937
-544
-529
240
387
319
-687
71
-271
244
-942
945
609
833
-491
-92
873
-583
-22
-851
-996
859
0
-911
376
816
907
-765
76
-355
-623
-351
-762
-411
494
283
-854
815
951
-430
271
-545
-933
-152
692
483
534
137
64
604
-737
-299
-713
727
465
-214
-72
39
-729
-358
323
673
-752
638
-664
-780
-269
359
171
947
620
-580
147
464
-333
-747
-334
278
-450
547
622
-157
669
905
-50
-528
467
-741
625
-913
-972
-830
391
144
-390
-758
-989
-832
-158
328
792
-882
419
666
-479
443
-834
-419
637
-898
-367
517
-489
609
614
-899
-797
-773
-759
-69
-859
-101
166
-897
939
-947
-352
392
-181
-164
-897
659
-905
-395
-735
-431
844
-956
-623
-733
-37
-850
644
-667
622
-678
-80
148
-900
-948
855
301
-296
878
-687
36
468
557
-727
-819
579
-850
-898
331
987
-52
-327
-477
-391
160
-754
-948
671
379
923
805
249
-878
349
-110
-227
422
-414
-219
560
958
-582
-395
117
628
247
-594
-528
-198
-781
549
473
-761
-688
-971
572
49
874
-165
-627
-760
-679
-886
-870
93
739
-772
488
766
862
246
-833
-481
483
-841
-910
-331
-370
205
774
674
-606
-252
-332
409
-631
-949
441
-371
889
-204
490
-486
691
728
-299
943
-988
565
-397
-921
398
-330
-406
803
817
493
191
-27
531
431
792
-180
-209
60
128
-361
41
73
-333
-185
-145
28
665
965
172
-349
160
-627
-202
-894
-319
-538
-41
695
-59
767
-424
12
577
24
-135
-888
332
-742
-306
834
-655
4
484
-749
832
-365
-719
854
-802
-611
-824
639
-739
474
-548
-362
919
511
-452
-817
-44
-744
-419
-345
27
514
485
460
228
-910
243
-39
-276
-699
-115
909
722
325
-415
647
-34
5
765
208
401
-646
-966
-75
440
741
226
-304
442
721
834
658
-735
389
907
639
-811
615
867
149
-221
-706
-648
-630
-419
-270
628
-782
-532
722
588
-150
80
625
579
308
-568
-834
60
719
-660
-434
797
786
-217
-328
-834
-123
227
285
-208
-293
-755
-990
-22
-640
-409
-612
-817
651
-804
151
-996
337
-2
-605
-323
-218
-437
-693
815
0
62
-317
416
170
82
653
-429
241
-719
-744
959
31
-677
999
-857
-783
-190
41
-204
-233
-110
905
271
-712
478
-988
395
992
-762
-333
846
-265
-444
-332
-272
846
-827
-247
-883
-71
-155
-339
-395
788
35
926
-670
979
708
892
-343
26
115
124
-839
-59
-474
-743
-431
181
-869
216
958
-824
754
-586
754
547
-444
576
-976
735
369
590
-588
622
-232
718
16
-856
-145
-839
-448
710
722
100
895
-694
616
340
275
-775
-431
-306
707
-921
-677
251
904
-387
756
213
769
-648
378
-143
113
385
-786
345
-748
-859
-441
100
-689
-799
-717
836
-940
236
-584
-293
-283
865
121
107
-336
631
-12
713
152
-449
-24
-547
-652
-279
68
-999
177
-238
810
-621
307
-466
962
-927
-328
-769
-293
-464
397
-896
-516
-767
762
720
809
497
185
-594
-607
83
949
-211
612
-580
-372
-92
146
-870
534
-395
783
-94
-816
-73
66
-971
-991
931
-772
-210
398
-952
-298
634
-216
-789
116
-75
435
606
166
-563
-334
-37
-244
693
878
286
-615
-936
-602
957
721
24
384
612
-468
162
829
-895
940
384
-950
-231
-709
-21
-910
-203
718
186
-142
-307
6
-693
677
-210
-779
397
253
939
189
-152
467
-690
-732
-822
-586
-791
756
382
351
-354
-769
171
-11
-873
911
182
-228
882
155
-27
-391
429
-842
130
64
138
-814
359
590
-689
-366
268
467
381
-659
-277
-457
458
878
-628
-947
-419
519
338
277
230
278
593
443
151
384
-518
-100
-173
890
244
-135
-558
903
761
565
-210
-68
618
-760
877
-289
-496
134
-405
797
992
170
-141
666
362
-789
89
-13
-17
737
-9
624
108
-864
867
-810
-601
-653
-918
-679
277
-139
-357
-450
885
-584
674
574
-403
40
-417
934
-609
745
466
396
903
493
710
-260
36
-701
167
-432
-464
-743
-703
-642
-786
-478
-121
875
991
2
-628
813
129
-74
-847
-978
245
-480
988
-947
635
176
-415
319
620
591
-848
771
708
-59
-70
-190
730
-902
-383
-907
317
-119
-116
-207
636
-863
-477
-83
-78
149
829
-92
205
867
180
662
282
-462
482
-23
-546
100
-790
-147
-845
-421
-379
-932
-499
88
199
256
-488
478
13
-433
-160
-699
870
-334
748
-85
-261
-445
504
965
-884
-652
238
931
-23
253
-991
257
-759
-371
-299
-599
-533
434
-610
-634
535
-173
435
-364
975
938
-721
-829
-249
-433
-124
123
-306
32
92
-151
-776
-531
-563
903
-182
271
808
-855
-158
633
-273
756
-592
358
-880
649
564
-350
-349
-865
965
453
76
591
779
170
-516
-183
-933
637
-341
-205
-84
291
-422
722
-134
836
600
705
967
-125
-813
-786
-711
-674
-391
292
-460
560
-342
195
-620
132
939
460
-586
533
858
-712
852
528
297
761
-916
-565
-151
248
429
15
645
492
-275
-768
-889
876
-631
717
475
380
729
707
-434
-124
-593
300
66
879
-563
-187
113
-610
912
557
-613
220
-820
360
367
-51
629
-156
-414
831
-856
-189
-978
979
-668
-569
714
-859
-920
957
674
-778
394
687
-461
-293
-303
-835
-587
302
896
726
373
434
912
-384
478
-891
57
823
660
-930
908
-926
989
501
543
-959
507
498
246
739
442
-307
522
708
-541
-972
233
467
315
28
299
-319
-805
-129
764
-683
-340
-412
202
-931
-50
524
-707
-673
950
487
445
366
-222
951
-491
-920
58
301
-525
-580
309
-912
-920
-183
-475
-4
-574
-543
832
406
-925
-500
348
14
238
-631
166
397
-562
271
78
-802
-365
-846
-813
-631
426
-382
-425
74
711
-755
478
-224
-382
228
329
626
75
618
-791
684
763
-295
-766
695
-231
-161
814
-890
341
582
-342
-212
596
834
929
-148
-631
-733
-765
-888
332
314
18
-165
-438
-569
-983
-590
553
-511
986
-396
22
-977
-910
-205
-675
-108
10
715
292
936
-355
711
869
144
-143
-477
22
-896
-220
155
838
-489
-572
770
-458
56
-549
-336
-191
697
-474
-493
602
84
-240
342
-751
395
223
831
1
552
-437
-303
361
-878
870
-254
-699
-148
-3
-441
648
-88
-246
380
152
457
-78
736
22
54
-894
-292
889
554
-79
36
902
-152
-943
-202
142
-469
-792
224
-556
796
278
142
-999
-787
-862
-271
406
-254
-427
283
-475
847
386
774
-867
172
-111
212
-376
470
711
705
866
-305
-28
-187
-464
357
152
630
955
992
-686
-549
-552
-539
343
-581
693
-728
-212
115
-142
910
816
-474
-759
-192
-152
127
-517
492
952
-142
985
-939
283
336
700
-454
-240
-647
-431
-604
-255
364
996
-759
-480
-726
280
126
465
553
-607
-342
158
-764
-946
-283
-549
-928
-234
-369
359
-231
-482
621
267
-982
-332
926
834
-708
-805
235
-379
502
243
909
882
290
-76
-231
-872
-992
647
-650
-638
516
929
240
941
123
477
964
696
-165
965
-213
375
-504
605
-220
-700
642
-724
-246
-285
-404
-41
549
-192
-264
-612
-324
-57
381
104
-568
879
75
-763
803
388
101
212
703
447
941
994
-508
21
-963
-726
497
-247
-671
408
-92
-834
227
693
-572
733
-930
20
-533
208
484
23
-414
361
-341
-433
-604
-271
562
510
660
-95
-687
-69
635
710
718
705
-567
341
380
-908
-227
747
526
785
703
591
-566
-383
315
-9
760
-390
-488
244
25
-510
774
-869
261
945
423
480
876
49
612
753
-434
-635
816
572
311
-77
953
750
-734
527
-310
-487
78
-346
-434
18
-322
404
-880
-124
9
274
-530
388
-622
559
107
-158
-205
842
-733
424
994
713
-375
-846
-138
-374
701
843
674
-557
201
32
-929
343
-166
-142
473
-728
844
-466
-192
-540
-354
401
270
-658
101
-486
-24
-615
797
944
30
-749
-247
60
-612
988
203
85
579
65
448
-938
-942
409
595
862
-675
924
273
868
-656
-565
-948
-411
333
864
809
-644
545
-381
741
-788
4
309
-44
157
-913
765
474
672
984
-579
-270
513
361
-608
11
-504
-688
834
307
-532
-673
-644
764
21
-366
730
91
-788
736
139
799
465
875
101
30
345
-846
-46
-5
-158
-266
539
-860
-508
-278
-977
568
373
-45
-65
918
329
-369
-6
192
245
-990
416
462
974
-69
-507
31
-365
-539
-27
555
-316
553
734
-860
797
-911
734
-934
-270
-89
-38
221
-551
-148
-280
797
-561
949
761
14
776
-16
-490
-360
-425
-636
806
122
869
-330
-358
606
82
536
966
232
501
444
-212
-936
258
-314
-171
-881
439
-401
-657
-690
-206
950
14
825
-301
-847
528
379
-903
-687
-670
899
332
-877
968
-244
791
67
-179
-917
-800
427
-505
401
-363
26
-811
-976
468
736
425
-373
247
-300
236
-634
-598
632
2
124
410
-747
-805
399
-468
-368
-573
-311
183
126
-89
-175
-368
-620
404
394
-432
486
126
-522
-956
49
-727
760
64
-43
-552
711
592
730
384
654
269
-381
392
240
857
-32
943
-23
615
-339
905
-785
-503
744
391
583
-760
768
-637
901
986
-567
-251
891
-253
364
-43
-446
-790
-966
-722
-921
-410
-175
-470
-452
470
840
767
-753
-246
-508
-362
-712
-735
-227
-395
236
335
283
-504
79
667
-86
832
-410
-221
924
167
282
284
205
-273
-471
601
-350
-457
534
-585
619
-503
-671
644
-953
-637
81
650
327
896
509
-629
587
658
362
-966
-408
-690
287
468
683
787
500
313
-537
184
905
-245
-406
-478
-77
306
-706
176
433
697
-261
-861
-948
888
-775
844
-179
111
-893
292
-935
652
232
-590
919
-630
971
205
-893
486
-37
350
731
814
124
192
150
-119
-844
-153
-92
253
-702
-230
575
-415
-728
-897
-463
-929
-151
66
513
-235
-723
833
-699
729
162
-553
-885
423
109
115
834
-424
-690
356
-413
672
-46
420
29
180
49
-115
830
167
311
572
-323
-896
-608
-511
-636
489
412
-848
908
-538
-253
-985
-32
-193
866
-100
659
-164
163
-93
190
301
667
921
882
99
12
336
763
734
11
-233
-939
-524
348
-524
-664
-565
601
17
319
787
978
705
247
-861
-530
-963
51
-546
-689
-416
-308
946
916
251
-651
-579
312
133
-244
-356
327
963
-644
-543
689
48
672
240
-329
-855
259
-58
19
-808
-605
375
-140
-454
259
370
-26
-1
511
-269
-176
254
-341
886
695
722
-764
242
-304
774
744
-326
659
-392
785
43
-677
-708
-180
482
953
-576
312
-610
-376
903
-518
253
844
581
286
-234
-316
470
-553
562
542
843
631
-713
-631
-446
-517
-78
726
480
110
-591
792
766
-658
539
234
254
971
93
-464
-392
267
-31
341
-443
42
-612
-685
855
207
-123
-14
-397
-598
621
199
-756
-86
176
414
-323
-165
-42
419
691
-932
-203
761
-363
-290
487
909
801
-199
-236
181
-28
-247
-996
-830
885
661
-365
277
-194
592
777
846
-904
-104
373
655
-557
28
141
447
-65
219
-523
698
-167
39
-207
-218
101
-631
777
784
-203
142
-808
597
627
-418
193
509
769
-147
-513
673
-870
331
-458
-755
-140
454
-85
-496
901
-161
93
497
-993
-662
335
204
778
-961
-732
-822
-388
-499
-539
-561
-393
-818
81
636
-17
-586
818
900
-986
229
-296
524
-762
732
964
76
43
-404
819
-510
587
137
-331
710
82
-130
777
743
-914
171
391
148
-236
-167
793
391
-195
-595
983
-276
-752
459
621
880
669
482
-772
469
-285
-475
-918
-719
671
474
422
485
-13
-645
-68
859
782
-662
657
-119
-275
-526
364
-573
510
712
-399
877
-100
-367
763
-947
-932
-132
870
-561
-669
320
-106
226
610
-128
-457
128
127
379
-990
395
-639
-511
392
402
231
702
302
-525
-682
475
-603
154
-946
-758
517
-792
407
-577
902
-465
-963
447
939
249
-251
176
-149
697
923
-705
141
-903
698
465
943
-862
887
433
-573
-614
618
888
647
-968
921
715
432
-957
-237
-674
66
856
694
-553
-371
-198
526
-115
-408
756
555
702
51
714
269
608
-548
-178
751
-993
-832
-642
-211
-411
-885
-694
-909
-984
542
547
-93
-498
732
-337
674
-277
865
217
-160
-421
751
-282
-13
619
-633
130
-417
-863
-416
745
388
-836
839
865
355
629
-908
-827
606
149
-924
508
972
-607
696
-952
181
33
986
331
80
-450
-25
-942
-729
249
-3
-122
227
-504
386
952
458
811
-98
-103
33
109
-649
924
591
-186
-345
243
161
-371
-468
-619
115
-885
203
-334
65
171
-110
-291
715
-675
-919
664
894
185
-12
286
-123
369
904
489
683
-560
295
788
779
-162
810
-678
-746
885
-582
-99
624
-34
-774
3
936
117
437
747
-430
507
64
-19
979
665
-565
432
-1000
34
-471
613
-124
-958
633
32
-492
579
353
-890
752
286
406
-174
-208
718
235
-478
-856
976
-797
719
402
-170
340
-438
-969
-549
-742
-191
137
306
501
16
480
-329
65
-379
463
-649
-288
-532
-558
-517
-410
-327
-282
-418
528
-444
-443
176
817
-323
157
564
-437
785
124
-940
743
-186
-565
452
241
64
323
996
306
-330
-64
-834
523
-850
737
256
-132
-11
440
-668
174
-437
-796
538
291
-965
569
-297
984
-472
681
774
307
-494
801
349
671
-472
2
-773
-911
216
587
-850
375
-30
-976
-79
620
394
424
-974
-742
12
184
385
124
-470
72
468
-785
-447
559
-201
805
-950
385
721
725
-564
529
227
594
-514
563
-967
566
522
307
498
-133
-418
428
-371
439
780
630
393
65
-976
-1
-337
692
-190
596
715
527
-399
-99
-876
166
816
-877
-339
-423
-979
174
-92
-866
860
863
-88
-259
-862
518
632
633
861
-575
759
518
-655
-766
219
-405
509
828
-348
70
892
170
-38
294
440
492
-289
-71
761
-321
-701
18
-918
311
246
-202
813
699
-951
-588
-395
509
526
-929
720
437
-99
953
168
634
-392
77
911
-20
134
969
632
960
-244
-138
-187
873
378
550
-70
-480
865
233
656
-481
226
60
790
-481
-542
911
210
-452
953
-560
21
-910
362
-439
797
-857
957
-669
-684
-619
-40
486
117
-559
-980
-802
-465
-371
-596
-5
722
-778
-264
645
102
603
-393
362
-630
-549
-797
646
106
537
-242
-914
555
303
-173
-327
368
-756
-89
635
-434
508
303
-481
988
-206
219
208
468
-524
271
916
-73
755
-926
422
973
566
-833
-546
122
594
-519
655
-500
-360
508
61
320
523
382
985
372
-692
373
715
-505
-540
-478
267
-163
109
666
747
15
-147
-666
949
255
-400
736
-756
553
-846
782
113
932
790
-245
469
424
821
736
-634
58
598
578
-888
323
406
-955
-879
975
309
991
-528
48
797
-521
859
867
527
907
84
-134
-884
577
472
-792
140
-138
708
-452
495
866
-892
-875
590
508
-471
-588
45
617
517
334
239
-240
54
784
998
-807
142
765
181
52
-837
-973
804
919
823
76
160
351
-946
-48
140
310
599
-88
680
-251
-78
189
-116
209
380
719
769
402
146
402
332
-63
-1
338
-264
-305
-29
-265
719
-702
291
-461
692
-166
439
137
992
610
117
-680
648
-845
983
804
-985
-862
154
-890
557
73
-250
473
-508
-78
581
-363
-486
-352
434
90
320
792
-80
-958
990
317
36
217
-304
954
-384
376
-703
471
-516
748
-285
494
979
326
-984
904
247
-261
-15
-815
-814
92
-224
778
139
-592
-741
701
305
-116
656
-582
55
-219
-609
944
-548
477
921
-408
-250
-583
-765
731
890
227
519
900
602
555
-649
800
-645
616
-434
898
-654
685
181
-45
699
438
-321
-713
-522
161
-478
666
-50
602
-445
-999
983
431
300
-467
-668
-654
-356
-863
-942
557
-677
-987
-860
559
-472
-772
-85
100
-30
-272
914
228
-161
486
-188
2
444
-725
826
372
354
-403
-315
578
-559
-794
564
-889
508
35
723
69
496
-716
848
-843
658
-260
123
-181
-972
231
809
-712
-316
-373
-571
-870
-430
423
-876
430
875
777
-93
646
-665
460
975
-443
-165
750
753
710
651
-881
-268
-291
-256
373
-940
53
546
-819
-939
41
530
-836
877
78
-633
83
639
93
899
129
-811
175
-208
770
-471
113
-483
-363
16
-122
-177
716
-908
-788
22
-628
-148
678
-563
-732
-374
793
605
683
-176
-333
-273
34
688
-395
-564
-968
-369
-383
-61
780
-363
-610
-139
429
4
-168
897
974
323
933
-409
661
-250
-846
-853
-334
-165
220
-599
365
-77
11
-993
-600
-341
-455
-885
692
646
896
449
-241
649
-63
-615
-166
-478
304
724
-103
-618
-131
-727
-476
-10
830
-800
-885
-163
663
-647
646
712
172
618
666
-221
-915
100
-393
492
432
-783
-322
518
-595
-580
-800
733
-638
172
-206
-48
551
-242
381
880
-100
718
-367
-797
-546
659
634
629
-184
-188
-374
-499
-378
795
70
-745
-27
244
-243
451
327
-751
307
633
-94
-130
268
-490
-504
-148
627
-648
-543
-836
-646
-301
356
9
-324
573
-587
498
174
396
-968
-29
677
-102
835
-496
465
18
546
-755
518
122
196
893
475
908
3
469
-357
-365
433
459
905
622
-259
-704
257
228
-395
-584
74
837
358
-558
-953
649
-401
376
-147
951
371
69
-290
260
940
-627
-701
854
669
-738
553
-445
448
801
-957
-261
-65
461
61
367
-642
-472
160
76
-60
155
801
-424
-437
-895
-523
-696
733
683
-145
363
894
-893
905
-905
937
-885
225
206
-909
-734
890
-52
827
194
-412
-112
227
185
-522
757
-840
721
264
-453
956
-626
-771
743
309
-508
493
692
-625
99
-496
-924
140
-256
374
-169
-196
577
-924
838
-873
-508
938
29
567
-804
767
291
563
186
717
567
310
772
-470
-488
-353
-524
-789
33
97
144
-739
720
282
97
78
-110
560
-862
-411
-19
7
-345
626
-104
-592
279
256
795
780
-536
-73
-449
942
502
542
881
366
-497
142
-936
57
830
-702
800
-522
337
-133
-413
-157
-774
-993
-188
718
191
-559
343
-799
-882
-84
-944
-892
672
-680
534
134
152
752
-508
550
697
-70
12
-741
817
197
840
452
630
-655
-17
-342
-964
-376
-208
977
-368
-133
-947
-835
-973
135
711
434
-762
-266
-382
483
-401
449
-795
28
-778
-877
-495
-37
462
-55
-565
-327
-29
-314
104
199
-996
179
964
371
973
-397
319
-470
525
629
-956
983
-562
579
-10
-294
910
-841
122
436
-119
333
-148
-50
-151
-973
223
-807
-293
348
52
608
815
133
-907
409
492
655
383
-117
157
-5
-246
-406
828
51
-313
141
314
-955
53
-239
376
299
431
246
-540
133
965
-745
-188
921
-138
-265
-152
368
-505
-41
-1
865
-526
772
-647
-965
830
-67
692
284
-217
130
-410
367
938
135
725
-350
0
408
-810
677
-876
-280
784
-466
-398
-62
-388
-438
93
496
-340
-386
-947
-103
645
28
-684
228
-262
-576
28
-917
822
-726
287
108
517
102
-191
-455
-240
151
-642
-337
772
-78
-532
771
446
-554
-420
-904
837
666
451
478
499
575
-929
196
-543
-44
-855
-274
207
-7
630
641
-659
651
-600
-389
-568
45
-489
32
564
824
-72
992
-509
89
744
532
-385
-823
-680
-9
826
-358
964
177
-561
172
-367
29
884
896
-941
-179
-977
20
-312
-732
402
-307
-875
-463
-908
387
-485
235
461
-746
-747
56
702
-34
-176
-808
379
-176
-425
174
-250
956
-54
-978
698
131
-869
577
832
582
950
6
-447
-870
778
180
-136
-264
-745
-646
-477
945
662
-9
6
430
-193
-491
364
501
924
159
700
-169
-248
644
276
-633
-446
-748
244
-651
228
-921
665
-7
-389
381
612
-229
514
896
246
974
-641
773
-165
717
-870
-686
769
-771
-938
409
243
-381
-19
-286
630
-305
-52
455
-273
677
-840
809
30
-84
-213
-847
-484
-272
-289
128
-499
-46
-42
-665
-879
-177
35
-621
893
-339
281
624
-992
-478
-145
654
837
223
-132
-399
-427
154
404
-350
470
-327
-625
-141
531
-214
450
-144
-167
-464
-787
-415
28
967
208
988
-572
56
-997
-569
-681
-807
448
779
-172
956
71
-620
-679
327
-802
565
-654
627
411
216
111
-322
-305
-813
80
92
633
806
-769
-54
580
753
859
675
-946
-253
780
-197
-58
-228
24
-695
688
-572
-287
-159
-727
-27
744
703
-750
339
-734
-656
-869
-851
-235
922
-275
-533
-528
988
403
-618
581
-352
-90
-793
-493
-259
596
-41
-92
-886
237
-986
-657
-996
377
-440
-949
-512
697
-615
82
-652
328
-319
-163
-209
878
-125
833
657
962
95
582
-747
104
935
-800
740
926
287
-628
-797
943
782
-263
652
739
993
-112
554
659
126
-79
877
860
-891
379
638
640
835
408
-627
-861
400
547
-154
648
569
-585
18
89
760
725
-631
205
463
177
612
-39
563
-502
97
-714
229
916
209
346
764
-172
-677
54
798
-777
-669
443
-594
575
901
-262
655
-693
-181
279
102
-14
607
361
237
-932
-646
-895
-316
77
-150
-556
-286
-625
-190
-682
-150
699
843
-267
-983
-797
280
831
603
159
776
-47
381
578
837
-770
-355
440
201
248
-531
-466
288
-819
711
142
-280
161
522
710
261
612
-781
-828
337
-592
839
-848
-784
-14
-868
-762
-894
-798
-376
718
82
128
913
826
-21
-115
-557
12
-741
-93
-784
-447
-1
-942
-447
-419
349
-535
107
244
753
925
173
-878
-641
344
-74
217
-201
-191
547
981
423
339
22
141
378
957
770
-681
574
-425
883
-312
-812
667
-182
264
-608
-697
-234
382
-288
526
110
-307
-487
277
-133
-406
-260
-655
355
-519
-616
-918
128
-685
729
-884
-609
-922
-257
-357
259
985
553
816
122
-821
-864
-812
184
-249
-864
-345
351
-715
113
782
-816
672
-636
199
651
431
-391
-678
803
-973
413
-146
765
-580
-656
228
246
920
-748
308
388
809
-574
-109
-891
178
919
-18
916
-98
-452
-139
-918
109
-925
-650
-288
267
941
-91
995
158
472
-746
-863
-179
790
183
-785
56
-871
668
-723
264
506
-968
-79
-493
-999
468
176
-149
-242
416
971
-683
-114
-636
-858
-207
-295
-895
-732
-789
-960
-632
-898
-308
149
422
-782
-979
74
-116
856
-422
843
-201
-176
639
-296
-384
711
322
-22
-62
57
-644
-937
866
-96
-539
65
-576
922
363
152
-694
841
-609
688
-729
51
236
-115
919
746
-524
75
-924
-74
-103
-86
564
-274
213
6
302
-426
-505
-572
615
147
-405
-119
328
857
-572
-555
-722
117
40
428
221
886
936
-843
-942
-330
-293
524
212
-825
-506
-30
-395
-375
122
548
-981
-616
-743
-471
213
-654
230
292
348
965
-599
298
265
71
956
637
765
-240
950
679
832
945
945
-989
-919
-632
-439
53
-441
459
-589
-551
-374
-542
-441
-648
-879
-223
844
152
129
99
367
971
-434
594
112
167
-119
-317
-599
438
-922
-737
571
771
905
-821
-202
933
-387
-647
309
409
-96
71
980
-729
446
-171
624
183
425
-619
297
-980
-622
555
326
382
598
612
-875
902
872
-589
605
-94
951
-731
114
216
-436
502
628
-777
-638
-995
997
873
-46
530
997
-10
777
336
-852
226
329
86
-93
37
-439
391
943
-437
58
993
331
-654
-713
299
-304
-111
39
743
212
57
515
631
589
-621
-370
971
928
-616
454
585
203
-368
-90
-874
-165
-654
-331
144
-822
570
79
734
616
520
-707
479
-219
885
-989
-897
-695
-895
279
120
640
536
-359
-699
-347
83
755
722
122
858
110
-209
-943
-713
-274
995
-613
-490
-21
-515
330
664
-354
-74
-668
135
292
163
759
-876
-606
838
883
860
725
-205
-407
201
-524
-176
478
-124
293
-410
-389
-728
-488
293
-555
691
244
-236
452
774
-532
-747
