8862
482
309
577
588
635
-360
325
-752
-917
-453
-724
-254
801
231
-514
68
151
-617
244
230
900
-217
487
736
-802
-360
615
-421
237
563
-568
-580
426
727
-794
670
-650
417
777
139
-905
-105
723
503
45
-655
662
-823
979
-444
-108
502
321
-820
-290
348
-289
-250
-899
424
611
743
159
708
747
-164
-167
-48
-329
880
-804
156
-387
-685
50
-480
736
-99
343
-311
-661
-497
-732
-992
-26
-47
-218
-441
-21
222
989
947
195
-679
-47
529
-838
90
-897
-217
-767
232
817
-40
-78
133
524
194
605
833
707
-472
-447
-228
-375
-505
455
-789
499
664
456
-235
539
529
-225
123
385
-24
329
435
-340
-91
313
512
158
738
552
-369
-122
-959
137
-289
-193
43
923
894
-522
-927
887
989
-647
16
554
-721
426
-730
28
595
-861
-85
-482
-597
611
-113
179
105
630
622
5
-267
-909
-302
936
269
-161
373
-628
458
-208
-880
-196
778
844
-571
979
-976
319
6
734
916
-582
145
524
-552
57
777
787
-840
877
209
492
956
-8
-345
414
382
312
426
872
-253
826
682
-536
24
-464
859
217
523
829
101
169
594
-500
411
280
923
-863
-250
348
-846
951
-530
754
120
-759
-92
639
-378
-676
991
-844
-594
-567
881
256
410
697
-363
895
420
760
-713
272
-223
-676
-48
661
603
-449
524
-685
-711
-776
458
-119
-131
777
-657
574
314
-719
103
371
319
257
282
-649
581
-485
407
425
945
438
-720
120
-538
-882
-143
391
-278
-455
350
-948
707
-748
-8
823
-290
652
-805
592
-660
-823
679
-199
458
549
-375
-669
-405
602
-42
-20
100
920
-205
-123
-413
118
420
-798
-963
-752
591
683
227
543
-676
-288
752
-377
380
25
402
-326
514
699
946
-631
-606
-698
-830
426
997
-949
690
-587
-954
811
-674
-680
-932
-21
-952
-341
-491
-60
-451
702
251
742
775
-818
901
44
671
-426
-931
-933
796
866
169
-139
188
735
-120
-246
606
-610
635
382
314
-264
350
-251
414
620
274
874
-955
-765
-152
543
886
-652
-4
-529
-937
259
875
-33
507
644
162
788
-833
-147
-12
-818
-51
682
-472
-255
667
570
-803
-412
-220
-729
-565
-542
-160
499
-696
-738
-430
-211
835
372
-498
-829
768
-933
693
338
832
470
398
-680
-355
-727
467
-917
-529
329
885
-398
-690
908
365
81
-220
-304
-943
-510
-274
200
-386
-482
671
832
632
796
-367
-287
-789
96
-71
-656
-643
405
741
961
-285
-59
-859
-230
-643
-860
820
-158
798
413
-815
216
-165
-172
-658
399
784
-437
-460
-841
745
448
-495
311
276
676
480
726
-575
-394
-445
778
-590
205
-258
440
341
-764
3
-823
-341
960
678
541
-428
-2
381
-919
-631
103
166
668
454
-683
709
160
-766
271
-552
-116
-132
-912
-792
-138
36
-970
-562
-890
147
119
-768
-907
-568
-162
615
-620
-721
962
-306
-150
-160
583
313
965
818
-850
240
193
154
23
230
-202
-28
-952
794
-933
-468
37
665
-87
-694
831
-450
-661
-296
-806
536
945
-479
-795
-698
980
-41
862
337
-76
865
-754
534
-659
-913
16
-370
455
892
-640
972
-4
-593
110
147
309
126
497
546
558
-113
760
781
-600
60
-964
792
-275
115
-287
594
638
87
-197
-164
744
-346
-866
677
485
952
813
451
30
-367
212
-320
718
-813
-911
-81
-590
-221
877
489
-531
85
-743
232
216
-585
-829
-304
-826
456
-792
949
-170
-269
467
-899
674
-740
676
18
-492
149
860
788
-617
-563
468
921
-453
230
333
-46
339
-335
-318
-5
329
825
585
-434
18
-120
-663
-58
-357
-374
342
-229
290
-68
791
270
-270
-144
-983
866
198
-288
-372
-971
-674
-819
27
-646
-625
147
25
-315
-315
-598
55
50
548
476
-846
178
396
654
-871
546
715
-179
716
298
172
-378
-465
127
-355
-735
574
-458
-978
-661
747
-746
421
367
-76
-968
-929
305
735
670
-447
-185
-985
-51
-436
147
976
-136
335
257
-27
202
871
666
-332
272
465
-45
-657
-287
-401
-427
-637
778
-551
41
165
954
59
-352
-280
-761
205
972
-837
-100
-144
623
-560
560
515
-402
-888
-973
-91
-575
937
-505
-618
-678
945
-791
406
655
532
-805
-865
-90
690
-945
526
-868
244
-974
939
-431
692
-62
187
916
-84
-931
-341
-569
-121
872
653
-914
-28
153
15
-550
282
994
294
-692
-459
475
442
-472
381
-838
123
-472
711
-751
913
-279
-955
644
-47
-409
-263
517
347
-656
440
-274
-848
-857
-359
890
-255
-585
-436
-399
259
369
-761
79
655
405
236
-801
710
281
-250
-583
-31
41
-478
-187
182
667
-933
-822
790
-51
-530
712
-588
-274
-628
830
-352
-715
541
873
801
898
113
-806
-990
431
-991
-557
35
915
-267
-882
-128
-157
-801
-855
-18
-139
293
481
786
466
-116
282
236
-281
495
-471
-688
-999
-433
991
565
642
-491
370
-874
956
-926
-887
-329
-39
679
-349
-766
-947
977
-523
702
793
796
495
-607
916
504
601
412
-217
-55
399
613
102
-744
-922
-414
566
-9
-214
449
-624
402
406
-508
288
273
-770
762
906
154
-196
201
874
-253
374
-537
518
645
632
649
-382
-676
484
-94
-369
-790
978
-68
322
-308
325
261
381
-427
748
289
-996
614
962
797
574
-513
-909
132
-355
-770
-69
602
-596
758
-228
-859
492
220
411
-356
-294
-677
-920
-808
-807
-585
697
343
600
686
258
-17
112
491
754
927
365
-44
925
977
902
-733
290
-436
538
-223
536
839
-808
302
-6
-185
-261
878
-212
409
576
925
-168
-965
-106
467
714
-252
929
-189
-460
484
603
589
718
454
216
-125
14
-205
-812
25
-319
688
411
-699
-589
-361
-156
326
-736
515
987
-238
855
-764
-70
-729
-616
899
771
483
346
-880
-212
-226
-5
-681
600
917
-859
400
-930
834
-215
342
-504
134
987
-801
794
521
-934
858
-451
633
218
-776
471
878
832
752
697
-306
-535
22
-27
-260
-184
182
-679
26
458
858
284
208
-969
972
-716
-795
199
-779
-606
-678
878
931
363
-778
54
-247
-701
188
647
80
-232
-711
-474
395
233
-183
-249
201
641
345
560
-620
-669
-233
-436
-234
243
549
-727
539
-321
605
415
193
-887
942
861
572
-398
53
-271
-826
708
839
-285
99
299
-70
-2
899
162
-28
45
-623
-842
-373
526
-872
-135
811
-570
182
261
646
-735
40
-614
789
-109
-668
-634
-931
-560
806
-160
573
149
34
-767
-540
-15
-376
624
159
67
758
-599
-496
17
743
-503
-294
418
457
-40
312
-343
-724
995
-562
574
743
-123
152
-789
852
-271
-2
912
444
-337
-967
707
957
976
175
967
727
192
810
-984
-730
-56
375
-239
-70
988
521
698
674
-233
222
-607
-713
449
-390
163
53
331
271
-393
-684
711
-306
728
117
646
199
685
839
-433
-675
-457
-614
393
517
230
699
-154
-36
248
-611
-884
-488
400
-871
-784
519
30
956
609
964
864
-353
-562
-56
853
-748
22
652
-406
140
907
-787
771
805
705
360
-25
-191
-8
341
-216
818
-109
689
478
-879
261
131
-144
717
-280
336
-466
209
729
-327
-355
559
739
498
288
792
342
-146
-513
413
308
-122
-537
719
-472
-840
670
-397
-221
700
352
866
-716
994
-965
13
195
-345
196
-579
-309
-953
-155
392
162
-964
979
-320
422
132
-545
613
-827
369
841
203
889
-199
124
438
-658
-978
-357
-462
-863
104
38
-305
-8
206
120
729
984
740
928
213
-202
910
-151
728
334
723
-40
-510
-839
109
355
599
-689
908
-695
366
889
746
-447
-477
-463
-343
-190
151
760
-135
300
599
-60
-170
-718
650
-331
14
405
371
-910
-993
526
-809
-204
495
583
552
-98
-939
-458
528
-713
-171
-281
698
535
298
-75
-71
874
-805
-59
748
387
-257
-80
729
-688
-691
154
-954
-26
-19
707
120
57
-230
330
-894
538
-647
-231
-593
-274
466
-607
586
870
-35
707
-454
-848
-71
791
860
378
933
637
-344
-66
33
-530
-650
78
511
190
-647
365
-509
800
-775
-280
-54
565
815
943
-778
675
-135
436
775
95
-979
-321
966
214
474
971
-757
-403
-598
-943
-610
931
340
31
282
-656
863
708
222
253
80
138
-275
-497
-508
817
693
-863
329
84
-36
-451
-810
395
183
342
-36
-244
884
-171
420
-850
455
-897
-73
-5
-734
463
909
-223
-514
-939
-995
726
-666
890
979
134
-190
143
559
-325
865
-127
-902
183
-257
91
-860
704
406
-151
-759
760
337
-860
-846
-136
828
510
-297
953
615
300
674
-865
-807
683
510
-349
257
-32
-177
411
424
-751
-484
904
-189
-983
-105
-517
-28
140
-691
-860
-865
-873
808
-871
-886
658
481
832
-866
-186
-509
-967
187
277
-164
875
-105
506
-804
457
-313
478
544
-767
838
-316
-936
-79
-718
946
404
-490
-842
60
174
594
322
526
144
9
631
-554
-442
-391
398
284
-946
131
-888
416
924
858
0
334
634
727
-115
-481
29
631
-140
847
-814
-783
106
-905
327
8
-586
375
359
57
-891
-366
-643
-463
-889
-459
378
111
-57
-859
-175
-671
888
580
399
-306
459
592
-648
-385
221
888
-852
-405
525
-372
761
-707
844
-576
-6
-188
-116
460
45
-969
-693
-125
-381
946
-455
926
816
-606
596
-315
194
-823
-667
57
990
559
-125
-271
869
245
-426
383
902
-889
-570
-947
846
93
-334
-279
330
126
-436
-21
-515
-526
-991
735
-931
-591
406
-732
23
-659
-177
48
-813
986
681
-947
738
-154
-121
995
963
-264
170
371
694
793
-344
-786
712
-839
95
-256
-579
960
-988
-292
171
339
-476
-763
738
542
-549
-585
-950
452
-141
464
790
912
596
254
388
-394
810
197
-122
-660
421
29
330
-498
-167
-170
-859
-157
-27
762
447
-822
-271
493
504
336
-160
323
-887
961
-587
-178
-27
-457
146
818
-723
-44
-772
584
274
345
10
907
-250
801
124
-782
-580
-243
585
538
-834
316
464
-752
-612
358
752
344
-782
-939
979
-932
627
673
-619
-331
705
887
34
399
607
-891
-610
-532
-242
-316
-178
-472
-733
-366
851
451
553
-997
-281
-848
499
-876
944
698
42
868
-799
-754
-540
640
-624
-375
-922
-479
-350
334
-544
771
-302
-908
118
861
-415
-918
256
152
-40
424
-185
-291
-87
-476
-625
128
-701
-243
644
-285
995
663
797
792
247
-125
670
-521
-113
-614
-455
-792
589
327
-380
-114
859
-610
-890
-815
-149
909
138
934
-887
-995
278
908
-531
-12
710
133
173
-453
-975
-161
-128
759
910
318
589
-186
191
984
513
536
666
-3
-993
-392
505
-735
81
-763
168
200
669
-191
-453
828
-973
-651
2
350
-45
-865
-443
-425
-244
-199
-855
761
-977
871
565
-841
-510
-403
702
-99
-992
587
-339
-194
862
614
-237
-488
168
-605
-13
662
137
-605
269
530
-694
-986
859
-60
-239
-131
-204
956
-501
192
175
-776
309
-984
754
802
-572
795
-265
858
-379
-94
463
747
702
488
785
-196
-94
-383
-933
581
-12
-508
-279
172
435
-585
404
635
564
-522
865
-640
-738
511
-358
513
942
-883
762
105
-374
542
-590
-604
978
-525
809
370
259
-444
-80
-404
966
-370
755
449
901
-453
-645
74
-514
539
272
578
832
948
956
-740
-271
-364
587
928
-574
-130
-146
598
218
-503
623
-258
-513
545
511
-791
-940
535
187
231
-452
940
749
478
-515
-586
559
-573
-657
-900
-550
585
483
244
748
-189
-591
-42
-280
583
9
861
104
-718
-437
-182
157
706
595
-268
-921
-557
620
-528
816
-486
-91
8
-798
-121
-32
-180
-487
-181
279
530
707
822
-822
42
-668
395
595
-93
551
802
539
-92
-338
-422
-587
-856
-118
697
775
41
646
-303
90
167
110
-814
455
-442
-595
470
-639
897
-621
620
753
-642
-682
-732
828
-560
-192
-684
113
-189
102
-523
-225
984
-872
-339
-556
-771
132
857
144
103
789
-841
-601
-818
154
-978
-507
614
305
-294
715
-858
33
-296
-616
311
695
362
420
-917
936
-857
-266
775
758
-830
-971
622
-370
389
-69
763
-259
587
53
-438
339
-841
519
36
-336
-508
860
438
571
889
-837
333
929
440
550
-48
-486
-444
-724
985
631
-515
-626
737
472
778
127
-841
-230
-447
916
669
-579
645
-454
464
-92
205
-185
241
934
-291
9
-475
-943
963
-517
-475
-98
65
710
-429
-433
-62
-156
74
-795
426
48
576
350
-290
-135
-69
716
221
-12
525
961
-326
929
-547
-554
-841
-426
691
235
959
-296
144
-759
144
761
888
979
964
-213
-163
-966
-5
-62
-151
271
-10
-937
-137
916
914
168
-161
444
-706
637
108
-671
-245
950
-148
372
944
737
-301
942
-809
-153
332
85
456
22
-690
-773
399
-935
-234
-559
-324
-829
7
440
775
842
267
-776
878
64
68
-551
237
222
131
-481
-343
905
692
115
425
950
-172
907
-431
121
-159
-164
908
-535
-756
-202
-379
-128
-323
206
514
-417
-732
825
-130
-562
39
-941
322
-976
-387
-592
-145
-988
-859
-38
234
-567
804
953
-92
-695
-167
384
-283
-42
271
212
-939
-893
782
760
-41
-871
366
35
722
-375
650
947
-659
657
-51
107
966
360
-5
-424
-850
-845
958
737
981
426
-356
701
270
165
33
-226
335
623
-545
891
-472
-691
-34
-501
413
-216
673
-835
-607
-75
231
-587
913
806
507
1
282
-230
-775
-519
216
-321
540
645
-516
-24
-295
-680
40
-823
-718
250
-277
351
328
-28
132
-227
128
-716
-668
-63
-864
-287
-11
-252
583
40
-752
320
166
-604
544
-595
511
109
-303
196
-536
-537
660
517
-420
-309
674
-957
-514
562
-326
796
-757
-770
-151
743
-5
-765
5
-378
-892
578
630
491
-21
263
-286
391
-569
-680
67
-771
884
142
518
86
-607
192
419
-771
39
522
964
698
-186
-67
-491
476
-931
-288
438
-273
-187
-300
991
622
-180
-219
-943
194
249
-228
-75
824
-208
-15
451
848
996
-722
-879
-15
276
-161
278
539
-268
-138
122
-971
505
-758
204
932
-160
431
991
-147
731
210
-366
609
-583
-661
747
439
-95
948
559
312
75
729
480
-348
-37
213
-172
178
-805
780
125
-364
756
-536
779
-7
-392
-582
666
443
-929
898
-999
937
-421
602
329
208
-710
-644
-323
914
-7
-108
-556
136
96
-943
-415
-973
77
324
-349
-514
368
267
598
752
192
328
-907
-482
953
633
-279
-675
-29
429
-429
405
-512
-484
-366
-175
369
-875
530
722
-219
357
929
-317
176
-189
191
456
884
473
97
-688
-322
-756
274
-551
719
-596
727
34
-219
-185
-531
-964
-778
441
818
-695
953
702
-628
855
401
567
650
502
-682
-677
-283
-892
529
-891
-910
75
-300
-965
-345
-208
69
-242
-873
-756
757
-787
-228
871
-176
309
528
-112
-813
340
-168
73
405
763
430
-481
-604
160
281
-584
-51
-413
75
-587
856
-999
375
679
45
980
-307
-162
183
-220
83
-100
-269
406
993
-9
-92
-406
569
926
583
-413
674
963
974
-376
480
-202
972
-809
945
915
428
-39
-74
114
622
-319
204
-900
46
-371
742
173
-142
-385
521
-811
-911
870
579
88
-37
245
57
405
648
325
-548
292
-703
166
567
-807
965
865
312
-795
201
-663
120
427
-960
127
745
-64
642
149
-629
491
412
-342
-854
701
-764
740
-104
-86
502
316
579
981
-960
3
114
-22
-697
-109
721
-476
244
0
-73
431
-417
-803
32
279
-394
314
300
528
842
91
-781
-145
-474
516
-717
-619
-388
97
-121
796
-450
-670
566
426
438
724
534
643
-541
-694
523
-405
144
-54
-257
488
-590
-668
175
-330
79
-499
32
580
565
938
-947
-981
-578
200
-2
-305
558
520
-634
-530
662
855
-455
390
297
-692
-840
307
823
-149
507
262
203
-921
-566
417
542
275
-137
750
919
-775
875
-80
-144
596
300
-95
-171
-568
903
506
-213
338
640
689
-518
-103
-572
572
937
660
919
-427
565
-363
382
550
-179
-445
-453
387
-627
229
97
-570
-219
-374
195
86
-26
822
-323
-351
872
343
158
232
250
-650
961
394
-728
-904
406
-136
-542
724
754
-408
479
-833
496
213
621
-685
-862
356
451
-434
824
321
-827
-761
923
-728
-493
875
-121
-193
-897
37
-925
-48
-120
989
-290
661
776
919
-24
-772
-729
-132
-294
-326
-246
-330
643
-436
812
-44
784
968
711
749
-762
-894
-706
994
703
682
970
-372
608
803
-401
661
-973
-257
75
-174
5
-506
186
414
-499
-27
457
242
-8
-174
37
-896
-851
686
-881
286
178
-428
79
192
-629
238
-287
-785
-567
-298
752
117
711
-678
-930
282
44
809
541
-8
270
-134
605
939
-540
955
274
981
-507
791
81
-418
-382
785
-568
-664
-435
893
-137
-608
-507
622
751
-528
-929
970
325
-46
643
-103
-158
-625
48
-820
-678
-842
92
875
263
72
603
-489
-702
-929
219
-322
638
-753
-869
156
-783
101
902
-962
543
716
352
-173
180
-178
-549
843
62
-457
518
145
-315
630
275
805
-120
909
84
82
518
279
-943
206
-875
-695
376
-496
338
-527
865
299
-762
251
45
-663
-255
163
-229
275
-267
676
790
220
290
-49
623
510
137
839
178
860
303
-311
-585
614
-495
154
-344
267
-49
-504
-438
25
-778
994
634
671
125
468
405
-204
987
-86
-525
369
-941
-91
609
713
222
-148
11
-711
-396
282
-606
-455
-938
-843
-769
-718
778
335
-348
-709
884
-507
427
-612
798
997
62
899
884
-516
786
964
622
-339
-240
986
-469
-610
-303
461
-410
205
-378
748
-968
-880
641
730
458
-999
404
-619
-188
-456
820
657
-857
842
9
659
-316
-992
805
185
631
-886
-946
103
-93
338
-422
236
539
-74
134
387
554
-243
-717
-971
-880
202
-323
28
426
590
297
-397
525
456
-837
-679
-354
-297
-686
756
-703
289
176
449
60
-820
729
-678
-665
409
119
-703
-398
-272
-664
281
883
-921
997
739
-966
-788
159
-714
499
-958
600
-872
776
184
27
-583
-240
644
522
-977
-872
383
834
251
940
-582
365
682
579
-225
835
-776
468
-126
-338
688
136
454
-311
254
846
876
-205
-235
852
-90
966
844
-807
-615
623
130
61
-335
-71
499
161
958
219
35
304
653
970
984
-727
-207
-644
-908
-904
-816
699
207
432
-678
881
211
-888
-588
70
-47
975
435
-892
-495
861
68
83
150
-521
-920
-170
-80
670
-307
-352
-485
-971
680
-444
277
-642
-3
-375
-643
384
481
-314
-681
-714
-169
-353
892
-153
-313
780
462
701
-963
-574
-648
356
477
913
740
866
52
-598
823
797
105
970
167
973
563
-873
-100
544
644
-619
-476
-429
387
-634
417
356
568
-244
-867
961
-512
-580
430
268
848
-623
-332
142
-123
-86
894
964
-534
-574
-659
-453
-364
-295
-943
484
-728
-861
-497
547
-244
189
-172
58
234
200
211
429
-368
-716
-566
242
405
362
-685
39
-778
422
-666
-129
-866
-449
-4
-678
37
820
350
-80
-817
-236
-36
266
565
-310
121
830
-271
708
-125
-459
-494
-690
481
-790
-16
672
-842
801
169
496
898
-207
378
-43
-537
-17
-55
-678
-840
-679
-193
-853
-546
-244
-573
-880
-60
819
530
627
-286
205
490
526
-488
-791
869
-634
704
-640
115
-242
22
-450
-719
-358
-125
-177
-10
449
-668
51
107
-243
-711
525
458
211
618
-322
-113
985
-412
536
-468
-999
609
-734
57
1
-586
695
616
915
69
-581
-569
112
-205
-660
-66
364
-764
688
-24
-162
-558
1
798
-489
-99
-142
-273
-420
-516
-468
476
609
449
-439
879
84
11
172
812
-380
-187
-517
608
732
348
731
582
-385
-514
-634
616
-655
973
-789
-269
-976
-174
707
931
-738
-385
-629
-259
-724
-931
-317
-468
-892
660
306
-654
819
633
419
-704
-431
-799
160
-14
607
676
633
193
299
-3
401
-68
-429
222
278
-575
740
-736
-597
180
29
-57
-29
-446
277
68
-900
-784
-74
949
534
492
740
103
47
389
-130
667
684
-217
-832
-505
533
78
-734
355
174
-484
-719
-237
830
677
-8
-443
382
567
699
160
464
184
-449
429
-168
871
89
-911
11
549
946
728
419
-244
-685
-50
-563
285
-93
-378
928
216
410
-130
-679
756
673
873
-745
-449
-503
732
-752
-1
-492
21
446
-170
-637
20
-870
660
877
494
979
118
889
774
-757
-147
473
268
191
-470
-509
-862
656
116
-644
-167
659
140
627
619
721
-120
984
113
-725
476
839
-156
-913
551
965
272
287
-840
662
-27
244
193
-296
-745
-321
-284
-977
422
663
347
-562
-376
-940
116
911
-207
-745
584
-609
-780
52
-83
681
948
749
833
669
276
892
647
-227
-356
-84
-290
628
413
821
-179
995
235
306
971
-6
-375
801
-742
527
787
-906
-684
317
-140
316
541
44
-168
-119
24
585
380
-355
630
963
562
7
216
866
-512
-140
-362
131
-456
117
-199
-429
610
-53
-718
-88
-363
210
749
407
373
-889
720
677
-426
280
-434
-130
-18
438
537
-181
-247
-967
-941
-764
422
609
133
-990
654
964
-616
47
-571
969
961
989
-310
607
554
736
505
-998
-197
616
-449
-788
584
270
621
-756
260
-837
341
838
-141
-448
769
-993
-355
-267
-412
-318
-482
-591
-984
364
-438
227
918
289
-162
187
245
-711
641
616
25
-886
426
479
-948
-717
811
981
859
-974
235
601
215
498
306
992
-36
-827
-723
-338
350
874
-879
-98
-593
859
220
734
-995
-234
-649
-966
-24
182
-713
-316
-559
605
-333
-387
-834
992
736
259
475
-769
-456
-202
602
-769
394
840
555
-42
-854
-815
214
-157
297
124
757
-425
-337
146
-321
-556
-907
-671
-113
272
-305
-696
-381
886
886
370
176
-407
388
268
-61
678
41
21
-93
-107
-902
865
770
43
377
954
-239
-816
-657
-733
-285
968
934
-166
298
-928
772
666
718
-186
417
-822
-52
37
617
-586
-325
-20
493
-729
-327
-438
-108
466
468
809
607
778
-827
980
475
-446
-937
-155
879
-717
-570
592
852
-265
354
-315
452
992
482
-746
364
-713
661
-474
75
-700
-189
-374
-467
647
675
-257
-975
274
966
-761
-411
659
-352
609
-956
-95
215
-108
-139
-766
371
-408
821
-954
-362
-783
799
-572
-811
-72
168
511
-860
88
-361
-811
112
322
993
660
-218
590
-685
-823
-47
-817
-840
-426
480
768
907
783
246
769
-218
-510
395
217
88
-223
-832
790
-43
-467
896
776
120
-928
-990
70
564
822
-726
-628
88
729
143
322
688
-184
439
618
792
-92
911
-731
-820
87
791
-398
-982
481
234
452
-503
672
-517
687
963
731
43
-641
-418
875
-441
-971
808
647
861
719
960
826
-433
-349
-142
-605
-895
-312
602
281
-819
-319
842
521
-970
-506
-905
733
121
-464
-531
411
31
641
-590
951
-849
862
-568
294
224
763
700
640
-932
305
988
401
-367
-226
-682
-20
-527
617
907
-180
-615
-432
290
-183
990
-176
488
99
915
64
-411
671
727
-357
283
-821
-916
200
-88
-81
-382
647
-870
-447
978
570
738
-763
167
846
-911
640
582
-251
479
887
622
-302
218
745
762
240
-68
773
-988
350
-827
329
724
219
919
633
-10
-966
-479
728
585
962
-269
630
899
-331
720
454
-414
-245
50
43
29
202
999
-481
-759
-732
248
-97
248
-467
187
-522
-468
-920
-578
-220
714
765
52
970
89
-711
-131
325
-519
529
909
245
-624
676
-594
953
-513
157
961
-935
-636
562
-352
496
-663
508
-545
-29
457
-653
-127
-878
275
-363
-825
-118
87
66
339
-635
813
823
-533
847
165
694
-552
-347
169
-930
-722
-20
-786
-244
-74
-532
-151
-482
-825
-41
-449
-513
52
73
-363
84
543
-243
-74
-110
-726
-966
-653
874
526
-455
-572
-749
-891
-620
-851
498
481
-372
892
408
-416
951
638
215
-201
-332
-335
482
315
364
-348
-607
350
599
-853
-834
503
120
943
-689
-646
-809
-110
208
471
8
432
620
-545
-995
-319
-856
528
-59
395
396
113
-817
-780
-721
153
-17
100
974
-342
-948
-647
-648
11
355
645
89
-732
-436
546
401
354
-121
-538
-272
314
-174
193
305
346
346
-845
-832
907
75
955
-391
-685
-281
-278
-769
-937
-17
917
-539
893
-832
-279
-212
-257
-20
-7
586
652
-716
483
467
-392
-336
-910
-681
-972
-869
-20
-328
-776
-451
-245
470
-467
-442
-232
680
-249
-492
579
-519
239
34
975
-963
271
-115
219
-561
199
819
-964
-312
701
-342
-395
878
-48
971
649
583
-963
-743
567
200
-22
162
899
654
912
-735
470
-840
279
828
156
-385
-231
817
-725
-60
-840
-264
-941
-476
587
-427
-415
-38
163
-754
-707
-943
973
499
228
-476
160
-626
-48
-571
5
696
738
-506
-889
-444
-254
-553
-32
-451
301
-484
707
472
-163
554
24
-459
503
479
81
120
510
571
-484
-242
549
894
-991
-898
-191
63
667
-691
540
-905
979
-978
262
-952
824
-364
838
-947
155
-955
-913
655
903
-962
-466
992
-914
621
127
-744
94
-209
847
-150
-350
758
923
131
309
822
-312
798
-911
-308
-884
-618
-442
-197
730
-7
-362
581
587
-171
940
-157
583
899
-867
273
84
-979
-953
457
-507
-724
-345
-342
-893
450
999
324
-631
321
771
803
633
822
-52
-442
668
326
342
-949
775
131
-388
457
-199
970
468
-695
-496
-595
892
881
-852
24
-445
574
-325
-990
-795
302
-236
-14
-802
-696
-145
-133
-976
-360
-911
774
-64
-213
-347
970
938
275
-650
475
-155
-41
713
-852
352
283
-521
-622
-196
599
-951
-698
948
-938
28
-794
-778
-962
-364
42
-458
-761
300
-370
-792
-487
75
353
682
166
-366
-872
-204
721
-222
31
-200
266
-549
-595
-380
-24
-241
-509
166
609
694
146
-721
713
-838
-762
784
-332
-446
34
241
313
155
201
-303
-154
754
214
279
938
127
-391
295
-109
-900
-721
-64
-683
-973
-468
-574
707
-619
-680
-931
-131
342
179
-124
-218
166
-458
48
-512
187
776
866
-90
-70
-519
-400
134
-716
-145
-799
-854
-67
186
947
-638
-776
646
553
959
-354
-211
355
334
701
-650
-827
-881
525
142
-743
977
446
-335
769
-517
509
-571
-28
-998
-747
116
-950
-798
818
-972
-845
-989
721
388
-383
26
884
581
-330
-192
481
82
631
323
442
670
-912
-497
-505
921
-926
393
239
94
-841
968
854
-612
166
832
496
-817
-270
-100
-76
907
-643
-200
-148
820
-342
-840
488
-708
31
-696
-254
-438
89
992
-964
67
-886
516
-635
-904
989
-666
299
-628
-294
-152
-181
176
-923
-46
-780
-387
897
-340
-519
-674
-30
89
-331
967
992
-880
216
357
567
759
304
68
-868
447
803
-633
666
855
648
-793
-951
349
726
-293
-112
72
340
689
450
-789
480
454
340
742
-85
120
-802
-961
-831
-107
-624
809
550
351
-340
-290
140
606
945
430
-718
626
312
644
598
228
519
-447
-822
-56
-590
-664
820
-14
722
869
-112
-271
-402
603
865
540
-555
-168
-108
88
-322
-649
-507
67
407
-462
603
-976
-903
-95
286
943
-675
307
9
-72
744
-376
602
-396
801
922
-297
153
-669
630
138
-48
-435
90
829
404
551
-420
-831
601
944
-716
-776
-218
242
807
227
592
263
386
821
629
517
-369
-26
386
-28
823
-637
-127
817
-300
691
627
667
401
133
-330
42
-527
261
851
47
985
973
-218
-425
-629
-712
475
-903
-992
514
530
-385
401
-981
270
689
801
42
-225
-372
-181
-754
-310
818
371
-944
-622
347
-996
564
-698
666
-170
622
311
-870
897
882
499
631
-270
-316
-493
-455
-527
-115
429
522
-243
991
-649
-423
-340
832
121
-313
723
962
-83
-625
415
611
470
-605
-883
960
-742
-559
636
628
-994
788
-883
446
429
-409
260
-191
211
-300
-994
-106
-980
123
894
876
452
750
870
335
811
41
-290
789
-937
943
-988
117
598
-593
-383
-125
542
421
836
-618
3
-643
205
-789
-315
419
-568
-798
258
-890
-157
-634
-913
155
-114
283
863
-3
-178
575
61
450
-498
-462
-372
408
148
770
-695
910
203
223
217
-752
849
-962
404
-949
15
-567
78
-530
816
531
-98
-79
720
698
-883
79
-685
-555
284
559
0
-276
434
1
232
-698
769
-397
630
829
436
-717
788
239
-105
351
711
222
851
904
-871
-953
245
-331
865
-496
777
-700
769
-695
-120
-5
556
-555
651
445
-446
963
747
344
857
-780
679
75
-55
-575
-111
-492
-940
-363
-938
823
849
-571
-25
-597
-796
-495
-760
559
-725
610
485
-646
71
-557
-276
112
485
12
987
80
-248
-471
727
266
629
-983
-666
-274
91
-62
825
32
-819
290
906
695
-915
-383
270
-972
982
578
118
-416
6
-760
600
-753
-42
197
-507
320
-936
-994
-761
-106
492
-774
-247
577
-177
553
-845
-795
864
-575
928
-19
-896
868
270
72
918
862
641
-447
12
906
916
732
-103
371
-963
-388
444
24
-356
-846
498
281
544
17
-860
558
694
924
624
-921
-402
384
817
670
716
-50
-898
-439
-888
-864
-323
-885
-973
-675
-558
490
-905
-664
664
59
-679
851
-22
377
-195
817
318
949
-970
392
-610
487
-999
357
-75
-605
-740
-166
-893
439
-511
691
877
865
-119
-458
-492
765
-377
-648
-544
-741
626
140
696
-481
-187
-170
-207
194
647
766
593
374
-877
16
-434
855
179
-336
-616
-211
-18
-437
-928
-866
923
-343
548
832
608
959
-456
-116
-324
-991
706
254
381
852
-639
-775
286
-831
-501
968
-543
-171
610
-433
437
133
99
735
276
-177
-789
664
60
364
997
425
760
-414
-588
-797
-790
-538
-550
75
151
430
-29
-66
111
-443
977
896
-537
999
-172
-83
373
748
-219
-240
71
786
-16
-782
497
-814
220
889
-31
-379
393
-558
272
-784
-412
938
-456
458
169
182
-68
-562
-266
-622
665
908
936
118
-569
-439
789
341
-997
-889
581
-801
-371
-928
253
215
-624
-788
249
494
-621
-622
790
-722
-476
874
105
771
76
625
495
707
-150
838
114
-881
-896
-559
229
785
-348
883
957
-555
-380
-295
-180
68
986
490
-454
492
-665
-176
594
-501
718
99
166
-6
-240
-400
656
487
608
-71
871
-54
-749
119
-662
9
-650
74
380
-377
-533
977
-980
935
-655
244
-305
430
-946
446
-180
-874
364
-887
468
383
-818
162
-531
529
-738
-101
-871
12
708
911
791
112
596
640
-634
-968
373
828
-767
-847
186
254
28
201
-833
673
826
499
-991
-513
56
-25
-999
136
57
85
903
94
622
-502
568
621
946
-181
-76
-56
127
718
390
670
641
873
905
-644
181
786
-213
156
-402
-699
-720
-101
932
596
-826
968
-984
88
-639
616
-327
-10
-734
118
476
493
904
167
60
-244
723
-948
366
145
929
2
927
-741
-984
803
924
-367
-289
351
-306
-37
361
917
384
-498
-626
362
-418
-682
-713
445
-404
-629
-170
689
800
486
-944
665
829
-307
408
83
-35
90
906
203
-7
-790
-560
-528
-472
-959
-844
403
707
-742
707
-629
-303
-772
618
310
260
-167
-96
922
-738
992
544
-390
-223
-286
-159
884
-558
65
963
-553
841
-891
-840
-831
-312
264
13
-201
374
-511
-348
-498
550
910
-880
-58
-935
-870
-261
246
956
-658
-633
226
-417
756
735
425
100
-490
-502
-117
160
581
-596
-120
-79
-970
-72
-637
-68
-954
-715
-122
-430
-290
-244
-753
-626
-606
-453
856
334
724
-294
-763
347
-74
-904
934
-394
-980
-224
267
305
-769
-338
-345
-440
509
-537
574
-54
670
170
920
152
402
-318
-585
488
-618
933
-635
246
582
-260
887
136
-116
-546
526
332
-698
-325
-804
33
742
739
195
847
451
-287
409
-28
-260
-761
-56
715
349
-393
-14
-549
-486
138
961
-391
-888
-911
-36
-613
-837
919
438
747
426
-433
641
420
-513
-786
-576
-948
826
663
682
-931
789
992
890
-767
994
-514
-990
-214
817
-159
-976
60
350
-146
-647
456
-137
-587
450
357
875
-674
-882
749
573
-731
66
817
-536
319
-844
-102
428
-184
-383
461
-169
955
925
-310
224
157
-811
-718
620
742
769
-222
-621
-899
934
-672
364
63
904
417
-987
971
-996
-236
175
285
-421
-113
-554
277
-206
-540
687
563
918
-129
602
322
-906
159
278
686
-807
-802
-380
131
-554
-113
-237
19
-526
83
666
-428
291
-376
165
692
339
-369
375
281
481
984
270
105
-286
-468
-397
-541
933
359
-240
9
371
-336
-211
-325
-187
54
-877
-800
512
616
209
435
-837
-543
-67
-520
497
239
-478
-710
-766
-113
-745
-718
740
486
-511
966
279
-850
-369
-677
261
795
-398
-599
840
-375
-832
170
86
-604
510
-899
-632
-76
218
-754
328
739
363
90
-24
-853
-832
513
-880
-703
-123
-723
-993
-872
341
329
115
708
649
256
83
-932
190
-428
-775
-293
-380
391
669
691
274
-23
61
-274
-377
-962
505
322
-436
555
106
-816
-282
-99
611
-358
471
343
-721
-65
-748
-330
-278
916
752
770
476
-512
-233
51
-224
-380
-360
-995
306
837
-806
-726
167
567
-49
-557
-185
328
533
-758
-43
183
-855
135
-945
-385
887
893
208
-413
508
729
627
584
780
-666
627
9
656
-97
685
459
-201
402
-233
-865
957
-931
-22
-547
-407
985
506
-45
-720
687
-682
-583
-25
763
123
895
709
-916
-461
-522
-361
468
-598
-488
-98
594
-334
918
851
90
940
924
-950
-690
775
-542
-348
-436
325
818
302
67
-504
560
-761
-526
989
683
-1
-81
190
-545
-373
817
-645
-187
-459
-885
723
840
401
-346
-596
435
746
969
-206
-484
618
311
-916
-72
-56
166
-390
218
-740
87
-886
907
382
-153
-693
-921
-739
529
360
-734
-405
365
422
757
229
-71
-103
-391
-335
867
128
735
496
224
-975
-823
-973
-196
-337
184
57
-81
-776
-316
-362
567
379
-495
-240
-536
423
-44
-941
845
574
834
677
409
-632
417
131
-33
132
878
842
-598
-487
330
-95
-86
859
-591
883
476
-423
-760
155
196
-380
3
-55
-871
826
176
657
510
319
531
-574
-855
-627
399
-28
129
82
302
315
633
-216
125
40
163
-589
903
30
3
-173
-868
-494
-927
-280
-530
-917
-918
-523
856
89
-92
766
636
163
-676
-693
599
-840
254
-561
-350
871
-224
-254
-920
266
-228
873
-545
29
-377
712
661
-99
-365
894
761
459
-259
142
370
911
-396
126
48
-7
375
-88
-259
3
217
-290
-640
163
997
394
974
-35
583
371
429
-187
-386
-804
310
-15
-179
551
182
892
-440
919
-847
-441
417
-109
116
-661
-833
198
102
826
679
-77
681
339
-742
981
723
-477
459
405
660
729
107
-667
275
-254
787
377
137
979
477
725
-358
-235
-992
-31
-165
-5
662
-294
-508
495
-373
290
164
-470
500
983
-581
-78
-134
193
-855
-835
274
-27
-928
-716
858
503
968
-364
-847
204
-545
653
-429
-547
-102
605
449
535
365
551
-519
-704
595
797
-809
-12
699
445
776
253
527
214
-58
913
642
-356
245
149
-667
-47
712
-656
-475
932
-767
346
197
550
-108
595
436
-874
-810
864
459
575
151
32
-203
215
-167
-196
-789
-536
748
-467
-693
-724
-568
-520
964
529
-554
932
417
876
-452
684
-304
-887
-493
-208
189
-943
54
950
-496
708
808
-962
-177
-730
-878
227
-559
774
777
701
-543
-39
-504
35
795
230
383
605
70
-54
760
392
-818
-693
385
-669
844
250
59
215
-587
690
782
-477
956
989
-569
885
708
69
-545
804
727
376
89
266
-548
196
-73
-209
-40
194
-295
-783
260
512
420
896
-906
-570
203
-123
815
-646
-323
-301
-912
-177
-998
534
-742
632
-77
-121
-559
-69
893
241
539
-608
-862
302
923
-935
228
363
757
-597
-129
-245
-531
10
-342
-105
465
-141
777
-158
575
-910
-270
-806
324
900
-103
-246
963
-441
-325
973
-66
-242
67
414
-717
577
-995
75
134
-991
-731
-601
71
-888
571
-738
176
-481
-811
3
-978
-759
480
-491
345
-723
837
-783
-751
65
756
97
215
657
400
482
277
607
599
675
251
981
-165
585
279
838
-862
-784
736
690
-809
-309
-545
-40
-262
-964
619
981
539
976
-817
-821
78
-766
650
238
-629
735
147
904
-202
-775
487
235
470
133
-879
86
884
-720
-892
-191
-223
654
-392
-205
-492
-222
-593
-429
511
458
834
75
221
-894
-163
-152
-6
-439
595
734
-706
321
815
809
-504
719
-375
-546
100
322
513
-993
-696
816
236
558
-63
-52
-520
953
-172
-60
957
-957
-349
-233
833
532
-961
788
-232
86
-988
637
391
-864
-90
666
-413
448
-154
-134
715
-239
-607
-923
-529
-147
501
-435
-245
-741
832
-670
180
-183
407
916
493
-939
495
-781
326
-795
-52
675
-718
-617
-844
844
-492
482
-481
-51
374
-997
622
-848
-955
484
964
-663
732
-322
837
168
507
464
-582
750
-605
48
78
-708
-79
-547
-935
-346
69
415
-890
615
-593
422
162
990
901
-144
788
150
-622
-713
899
-972
-98
86
505
-423
838
683
-446
903
-264
56
-80
801
-658
-316
479
442
-604
15
352
-32
807
-670
756
-495
492
4
247
-981
283
138
-74
-894
-458
934
462
-694
-119
-544
83
149
656
-910
-151
-250
367
988
275
-604
114
136
886
682
82
-951
8
891
-799
-723
874
-621
-158
-559
864
344
600
643
-119
-913
841
18
959
-740
222
913
605
-783
346
-917
-856
-713
-44
705
-149
155
835
-721
307
-417
998
-196
-941
-959
669
144
-395
-935
-681
-752
-818
-932
-151
-684
-51
382
-441
-678
704
980
-222
596
-46
439
798
108
-667
-91
-1
23
-824
993
-529
807
773
-197
447
475
10
922
-632
609
-591
693
764
796
286
-655
-370
-864
421
933
27
-774
-746
-103
-125
573
-490
-771
40
535
-533
-954
-542
-398
-493
-77
-964
-442
-702
669
-1
-292
550
-403
536
-707
-136
-936
873
-264
946
-859
-71
867
-57
-848
168
-695
612
-281
868
-734
-927
-496
657
528
-653
637
680
-843
929
-344
63
370
-415
-119
-591
459
31
-233
-983
486
777
-901
288
834
346
256
33
740
449
-666
325
-500
-867
-282
1
806
-633
543
904
-996
444
-337
-995
-374
-634
-179
-199
-662
-682
-157
581
-115
-241
922
-139
-886
226
-451
241
-31
-894
-657
33
-359
-717
153
-811
-985
-108
123
734
32
-490
916
764
485
-72
717
389
-291
897
447
-273
-687
713
-155
986
545
-924
364
973
932
731
-538
283
-708
-472
702
978
-200
-641
503
-848
355
-604
-3
-638
170
285
236
746
714
-203
31
-36
-680
585
-847
597
-630
290
992
217
370
144
159
-424
-117
-496
74
987
732
-374
229
513
330
-535
-323
-719
-517
759
80
-357
580
901
-776
-545
-781
-332
-894
-71
-807
563
-259
-472
655
-875
894
-902
-807
126
192
-330
-376
730
393
661
-790
522
-760
589
908
636
603
508
-593
-235
-147
-243
-888
-482
-181
-630
834
568
440
143
974
-482
-474
902
-390
-74
261
389
944
659
25
-96
373
-710
387
-789
450
-946
-590
545
-593
-486
802
-310
507
811
-670
-212
297
-888
435
337
804
-450
-451
-511
50
364
316
12
215
-600
-777
-378
881
-259
81
-65
-32
738
-856
-290
-40
-153
-341
762
-993
974
201
-76
753
676
804
308
324
-917
949
622
-987
-59
-615
560
-367
367
216
-388
656
-440
870
221
-53
-308
419
-57
718
241
-931
-48
-39
-371
-219
-668
400
-622
-465
-998
771
664
546
145
488
581
-992
-171
611
-741
-192
596
-601
158
151
392
-57
896
773
369
822
683
299
-528
-884
-197
-294
914
457
-379
-618
839
-156
-136
-854
606
-307
-241
310
-337
-351
79
-957
-988
667
67
310
629
-57
-622
419
-657
626
-358
-967
-592
941
-565
-821
-303
560
562
351
720
588
-816
735
953
137
-393
205
-559
318
-703
724
591
-210
-820
409
807
335
-346
352
469
-809
881
859
-78
-993
-526
430
981
889
572
-211
457
-562
-283
630
503
992
-479
796
384
-18
675
-664
-951
-442
-707
-908
564
-268
527
98
-185
-647
-620
-794
-357
279
-331
-635
-94
393
-840
869
-618
-609
-103
131
-262
486
579
-220
16
-666
26
-125
-537
-506
920
441
-275
-358
499
155
-551
-52
696
509
78
-535
-570
-75
29
-718
-759
-134
954
-126
609
-342
808
784
510
-53
36
554
-902
489
619
81
-284
606
969
52
-636
-624
-881
-603
-224
69
688
439
-902
-127
-680
441
-77
-656
618
204
-383
-433
-220
64
-696
-796
705
397
-969
-434
-645
109
82
422
26
-137
-1000
117
254
-266
-432
-288
213
456
37
-65
-583
-190
-821
379
825
-847
-484
-667
-334
91
-860
-781
-550
-92
485
741
-951
-563
-888
214
-363
934
-479
-290
-728
-828
-675
276
-624
-2
-517
-575
163
-895
788
-368
12
-476
552
657
-922
277
-345
12
468
242
616
947
923
52
-55
481
-115
870
36
-162
291
-413
219
4
-874
13
112
-772
474
90
579
513
-777
713
-232
-377
-347
403
116
804
-45
-772
148
380
196
-264
634
171
743
-470
-283
123
-398
56
428
-699
139
-965
-696
-380
-334
-926
363
261
445
-427
-496
-22
-63
71
-1
350
683
501
589
916
-231
124
782
840
-409
631
409
-522
953
-795
-937
-727
-606
-567
-298
-84
159
363
448
397
707
92
579
-896
512
711
477
815
-497
450
470
-610
-196
324
746
-420
-703
-448
481
982
492
208
-915
166
-112
973
656
602
-282
-518
-25
-65
-579
-287
-954
-901
-187
181
-175
905
900
903
-379
-673
-686
580
609
412
328
-838
244
-306
864
459
836
-880
8
-21
-808
-240
697
-892
-61
302
431
137
110
-608
-588
759
224
546
765
-138
-116
-117
832
-993
-633
331
960
-727
709
-495
-89
-212
448
153
-656
-794
691
-13
366
171
-311
430
-820
-73
557
-14
17
783
-3
574
223
-602
560
182
-583
-661
-575
62
575
576
376
-460
-537
-763
723
551
154
147
-202
310
-824
-187
700
-780
-936
-400
-824
711
800
-557
-275
-977
-914
633
-170
980
529
-629
-717
-72
215
675
560
-533
-317
-100
340
-179
-966
-187
803
-705
459
-332
-768
274
-39
407
275
-79
742
405
851
-725
893
723
80
-392
236
771
-801
-627
957
855
387
938
-273
-381
-732
-480
-219
-639
-801
448
891
654
266
719
-303
-527
242
853
246
-357
627
-155
49
-7
147
-697
-658
71
-133
-991
708
-608
435
420
-273
-16
985
-813
-497
602
-818
-946
268
325
-627
172
532
753
-551
-329
-61
-840
34
-559
-514
815
291
165
556
427
171
440
817
-271
-299
159
744
598
679
906
-308
5
676
-467
883
143
-2
399
-600
108
-453
571
-589
-145
-909
612
-985
-760
84
742
168
-381
-975
-457
-296
-562
-546
285
28
-712
704
-135
79
-587
-875
-944
899
366
-160
747
-961
-155
222
932
169
886
-38
-639
-623
-919
-967
61
-520
-237
-172
-239
652
-83
160
706
-559
-756
-901
708
-899
-817
692
989
752
-664
999
980
-403
-271
-75
-585
-982
384
524
188
-192
-315
-8
-881
-321
-384
629
987
738
-897
256
-556
586
789
-183
-224
-39
-777
823
342
-802
959
-184
958
-408
163
-45
-376
8
801
-403
-919
-585
-543
-684
-719
-719
-116
570
-505
-899
-118
338
-667
-309
-265
-800
672
-455
-609
-32
464
257
-343
119
-178
402
672
749
-453
-599
908
287
-995
-629
944
-80
-220
-494
892
-665
539
355
-382
601
-246
856
726
-540
409
-130
-674
-859
575
-419
-615
-426
-89
-1
780
-8
564
367
407
424
43
208
-905
-687
975
-377
-508
863
-357
-794
-390
187
-201
565
-251
632
-755
511
102
648
-410
-521
467
-549
-754
-139
74
694
102
-704
149
-100
-552
-311
249
540
-620
-14
-968
550
777
-710
-313
-5
224
-9
106
16
-190
846
380
-770
202
769
282
-982
389
-59
-385
748
582
-273
138
302
-954
-677
891
-493
-936
-119
-131
-815
-629
-315
124
588
601
672
728
-975
-324
928
851
379
-865
833
228
166
-478
118
990
-258
-120
113
202
-318
-261
266
-272
395
703
-129
341
-573
900
-728
-946
-780
789
342
-285
814
-83
-520
943
-460
713
842
644
323
953
762
-101
-640
-32
632
-967
317
58
-247
-243
-312
749
-808
-763
192
-280
554
-911
-891
-983
476
-369
-677
-741
619
997
714
364
-352
-450
-522
428
-810
555
-826
833
57
843
434
40
573
-923
174
982
-696
-574
301
76
-211
728
-972
873
230
144
621
-631
893
345
-508
-437
743
-762
306
241
766
850
243
816
-199
148
806
471
-118
-787
977
749
948
270
254
755
-362
-441
-859
312
456
538
-681
91
914
750
773
827
820
-992
299
-53
245
931
-3
929
827
-776
140
973
595
73
20
-873
-754
-193
-491
513
-343
371
556
284
919
273
926
70
-915
-135
-271
256
-135
-224
-650
-402
-704
-989
918
296
-605
171
392
-434
829
652
-291
-472
668
631
841
795
361
-944
781
903
-283
121
101
-691
-670
-659
-997
254
156
586
743
111
-94
-715
164
169
-795
-239
-417
140
860
714
334
-476
32
-436
-997
35
315
-463
-164
302
-680
-873
-95
-524
87
-689
905
-791
80
-542
192
497
209
510
745
823
597
-402
-524
-3
595
936
-483
-290
-272
-400
-927
-257
-974
-214
733
85
-141
365
-939
608
14
-478
429
404
505
-436
648
472
-994
913
-470
567
280
6
172
116
-841
970
-388
-453
-672
121
-306
-77
275
-896
36
-897
682
528
229
-669
492
-917
-132
-108
91
-980
-272
984
-688
115
220
797
-480
526
-198
550
-773
195
-496
-113
-702
-151
-953
33
546
599
420
-271
113
84
-74
-45
836
-322
-117
-163
-966
-570
798
-938
-231
808
-511
701
-429
-104
-862
901
644
-664
366
478
-309
774
-161
-929
-461
-126
147
-737
-179
-515
-549
-924
-165
-722
524
-125
-949
-194
-139
693
-578
371
590
10
500
649
-231
-73
438
-996
744
-549
-704
243
555
-352
489
678
-877
-867
448
896
-408
344
-235
31
-220
297
17
648
682
-791
738
-216
454
-487
663
-330
-925
-720
-107
-892
-861
492
228
947
318
249
-135
886
-950
-881
96
-33
-606
-891
133
-890
183
900
-673
584
-752
-889
682
-820
975
-498
176
-63
-878
146
-700
947
978
-717
-550
28
-820
429
278
967
-550
536
-528
-625
573
-81
-912
695
-824
-696
-197
691
-708
802
-678
-365
-916
685
-28
479
12
259
8
174
603
-603
217
-751
-918
784
-987
-516
728
-962
948
-187
-933
-568
-742
-635
957
-711
296
795
321
302
742
-288
48
442
-331
453
-507
-554
36
328
-703
-651
-510
-186
955
-378
474
-198
56
259
-288
-797
707
662
-42
52
313
-693
-325
