8633
640
-576
-895
-436
-955
-338
-25
627
-722
799
-878
921
-919
819
-81
-333
972
-45
247
-49
694
-917
-188
-511
-239
-350
-547
183
-988
663
221
-150
-603
218
-142
964
283
-717
930
488
178
355
-169
450
88
902
379
396
756
738
-193
-710
678
606
-763
-444
825
978
429
413
741
103
-292
-780
-366
-550
297
-921
519
-110
658
-2
351
-981
-725
363
253
-497
-298
-596
-361
-687
254
874
525
-779
-419
930
-307
847
-274
190
-97
182
653
-353
-309
-59
-118
136
-613
-994
-980
-966
650
-261
338
-504
-804
-381
-299
-378
-825
-523
889
851
223
-557
354
912
288
638
227
-68
-396
634
-830
-627
-332
14
792
-899
475
891
-684
-977
-634
791
943
-820
-584
868
10
639
-630
17
499
761
-448
-387
-681
385
662
403
-367
156
793
759
-751
-923
-686
-293
-488
-375
317
286
975
-431
616
930
247
-643
-505
248
-102
-886
132
202
-703
-945
707
293
-800
-406
788
225
-164
386
98
479
12
184
-680
814
669
-289
-269
-71
799
-651
883
240
-643
957
507
642
218
-181
-377
964
231
-757
893
-159
-479
750
-947
-35
-265
66
-302
-409
745
620
-54
-565
-933
-267
-398
146
-455
190
107
999
645
-543
-727
918
716
774
41
898
711
351
18
115
910
145
-587
43
614
-449
-721
692
906
964
-355
-120
-281
29
-994
-373
482
961
-124
233
405
590
-236
376
326
-399
-178
-166
424
945
-458
-639
-998
392
-752
830
-578
-529
939
777
-219
741
308
711
901
-308
235
-790
204
977
754
-405
446
38
274
-756
-245
541
-376
-899
956
179
-163
-642
-5
-778
803
972
962
389
667
153
-996
-174
-909
284
984
102
-644
-910
381
994
-230
-16
-601
-354
-299
-233
-370
128
-659
322
-9
410
-950
-978
852
-48
49
550
-473
-924
66
155
485
928
526
60
389
832
23
-136
231
313
927
-163
833
-502
178
987
373
813
640
763
254
-582
-222
53
-487
-679
-514
707
-799
497
518
512
738
-350
-214
939
-673
59
-722
-658
-544
-663
-842
998
-205
862
-131
590
-158
-423
533
988
-859
-393
537
440
350
-411
-1
341
-45
993
-871
941
729
-243
474
205
-629
-642
742
-86
250
839
610
830
270
-883
-822
563
491
167
-927
843
-193
933
-845
122
-617
9
311
912
658
118
-288
-313
829
835
-78
773
-611
524
-686
734
603
-378
599
-902
-103
733
-292
142
-653
-276
-873
74
-591
-489
851
990
393
904
202
330
577
-795
-577
-784
706
-485
-281
-360
-88
-295
199
928
-507
-405
601
-914
70
-16
520
116
-274
-149
635
942
-722
787
-353
106
-970
775
252
-11
260
-238
553
638
-37
-794
924
-183
-144
-56
986
99
670
-760
-20
893
937
-276
-862
55
-913
904
-814
-534
955
604
-951
-639
-61
361
-286
-859
689
945
-604
916
-754
-614
37
526
266
543
973
-629
921
-444
37
860
-665
-461
318
-36
-100
136
830
659
731
21
182
248
-828
83
79
-65
-87
-74
370
-954
-962
123
598
392
537
832
-76
-723
-615
272
-969
-17
420
203
-64
-792
888
-946
-427
45
-990
979
-215
-927
-739
-264
423
-441
675
628
408
-503
-17
956
484
-258
-942
-47
997
171
900
-398
-937
345
595
-970
971
-498
-473
-66
283
-485
406
-69
-808
-14
643
156
335
-591
-848
-991
954
-801
901
321
130
482
-7
-732
274
-741
-803
622
151
543
968
713
-204
-926
-963
253
-206
178
649
-497
213
797
-728
-988
-215
288
-361
112
571
158
-268
-81
676
-103
-463
558
128
32
-440
-825
61
884
920
472
447
408
-674
271
976
-219
479
-924
613
264
-591
99
123
-647
698
852
-720
-743
416
-855
815
38
543
963
-349
781
-679
65
-436
-882
-857
-969
-224
-251
670
535
-664
186
109
-498
955
758
-110
-643
-231
496
301
450
-371
-317
237
-701
-794
-386
-74
167
-849
-935
-765
65
617
398
-856
41
122
779
-63
-871
703
467
-746
737
557
859
-192
855
917
-120
-603
-225
-986
259
-561
562
-179
-523
426
-706
71
293
108
618
919
971
-832
20
754
-880
123
953
-72
660
95
209
477
-420
493
-508
-939
454
101
333
623
730
730
745
984
-337
-959
-212
-432
982
-649
657
-374
311
690
-197
348
-889
-384
396
-169
83
860
97
-400
-789
95
-439
-131
-867
-270
-63
923
861
-942
-131
748
271
636
484
382
-927
-376
760
-794
55
-781
513
-116
836
308
-74
-592
-543
576
-537
-470
-546
568
137
303
-557
512
959
-705
-399
-261
-783
-628
-583
-126
204
-507
-391
691
-218
208
207
374
220
-234
-693
715
-166
631
453
-145
821
-369
520
558
-727
-207
234
802
-741
-609
-72
-311
-710
972
-845
-507
-186
424
81
428
221
-53
-462
-320
990
173
-816
-871
12
513
-159
846
-671
-302
-483
931
-36
710
-730
76
-1000
-65
-344
-768
-485
624
-833
-855
296
-851
-753
807
897
-485
-363
-236
876
934
-456
18
-48
465
954
-191
-291
552
-543
781
-506
658
428
-93
-100
-285
-316
-860
-200
269
-750
707
-668
-474
199
-264
134
228
-757
903
-774
-427
645
331
-757
572
356
267
382
373
-808
-146
-836
426
464
251
10
606
561
602
-266
678
-897
-106
-801
696
907
819
1
-181
841
396
348
-418
-659
230
401
693
-206
81
857
957
-266
396
433
337
805
295
-235
-859
129
-412
792
687
-149
487
-115
246
-863
-323
246
771
-589
-360
-90
980
-109
-856
-971
-241
-263
-202
-848
420
-256
106
-774
731
-143
-196
499
108
329
631
-382
13
42
265
-142
-442
955
536
695
272
-563
607
-900
-532
-693
-459
-629
625
-164
-129
488
413
697
-533
-294
-676
-731
-275
-602
-9
126
-889
-759
755
-33
17
658
-950
-273
-375
-53
87
-390
-316
-590
-501
-487
-686
-808
972
256
-145
820
733
741
661
-27
217
-808
591
227
-855
531
-103
897
-811
351
35
-399
663
464
-460
-669
395
-338
-261
940
-62
386
353
-193
614
-647
827
-470
-744
360
-341
-288
-683
-276
-59
-690
167
588
847
-564
712
-418
498
83
-943
194
-418
5
720
-385
361
-787
-680
552
215
-428
610
571
726
253
-30
486
-79
926
468
-298
-220
-245
645
621
671
753
366
-561
-301
219
-293
-311
-567
-219
602
-161
-958
683
719
-575
201
-660
533
-439
-379
625
-594
-877
906
868
-949
-663
111
462
-249
-966
347
-975
-995
-873
-311
-913
411
266
-966
-683
-418
-797
57
-776
-244
-304
-999
74
977
536
251
-183
-15
308
428
-539
765
186
-901
555
864
376
793
-606
313
505
936
369
867
295
742
-532
111
-802
291
-567
-237
953
765
-29
684
-933
733
282
927
43
-294
805
110
-563
124
358
-554
9
555
-840
292
-485
534
-409
856
-970
-433
-725
721
853
643
-381
-56
-720
599
-502
425
471
-642
937
796
462
728
-359
-766
-347
-59
386
235
-61
-953
293
-732
911
580
531
477
250
986
-280
697
460
734
-872
-353
-839
269
180
813
-880
147
-40
-276
368
-742
-220
-114
951
-150
-651
292
57
47
128
108
-215
472
-310
760
-537
140
-361
426
-986
7
781
811
-279
738
116
-309
-791
-320
-612
-974
-699
-444
-741
-971
631
-976
289
180
783
-439
-70
257
750
-154
176
683
-15
823
-134
424
488
-333
-10
49
-382
-391
782
375
935
312
153
979
-366
282
49
-437
-760
-677
-388
881
-279
-521
-327
693
610
946
-247
-21
-131
-127
-328
871
38
-635
-74
-155
986
712
-729
-27
590
-496
-621
-493
297
-832
490
-939
-609
-914
136
-451
-68
-641
209
590
-7
830
905
-708
-291
876
706
636
-957
-334
-861
330
372
-718
162
-406
65
-581
-466
566
-976
986
395
-746
-48
61
-22
301
346
948
692
-752
822
177
948
466
119
798
-402
-246
916
-627
-544
-58
852
234
483
-775
869
-787
-978
847
-262
764
407
-702
-434
-338
-314
-747
153
-471
-215
-403
-658
509
142
-160
446
58
-48
-603
-739
987
-16
-517
782
-314
-641
-554
-98
427
278
772
-358
58
387
509
-674
-462
624
-471
492
-684
-863
-885
-555
-794
-838
-917
-266
-365
-789
2
337
-497
-135
-354
199
729
-70
165
448
473
828
-793
-425
-119
-542
972
-284
303
-276
876
599
360
-158
301
-210
-831
446
-377
-477
-369
-589
-284
-715
-786
653
-173
561
583
774
-165
-722
522
-622
476
-654
811
-920
578
931
-727
-162
-157
670
809
592
-376
286
497
892
-88
889
849
-499
991
-51
-612
-783
-771
-206
-941
-39
-901
156
787
-178
-663
-704
-955
-86
755
64
-813
346
82
-827
683
-402
734
952
-820
681
-655
29
540
252
-137
-836
652
506
-158
-627
163
-569
-135
31
-985
738
-944
246
-5
44
36
847
418
179
397
881
-302
240
149
-799
739
506
-873
-383
-346
740
433
-57
963
234
996
-234
-758
115
-246
107
-437
-253
-761
598
-655
416
791
483
-198
751
-841
52
18
-933
-320
205
-404
-143
-81
-117
818
-934
608
418
628
-554
40
49
684
449
433
-748
978
-635
736
310
716
-356
-670
-831
845
-928
101
-828
478
562
-684
-785
91
195
-166
46
-636
-63
712
-208
-605
-414
593
803
701
-138
-430
-547
-911
-644
319
-567
910
244
697
-483
82
-884
-452
116
-740
-71
-780
141
-541
-940
287
-882
384
606
877
-650
-827
-799
-27
-338
417
597
674
-149
620
-356
314
-956
-467
-453
-114
666
-613
-155
77
-648
-913
-299
-652
552
-359
-584
-528
-224
-6
852
948
359
350
105
198
-440
508
35
659
-238
-522
-743
227
-199
-405
741
-585
781
-372
672
95
-188
652
121
888
-825
-832
882
-301
-522
-187
728
464
-855
449
-483
-775
-28
-190
531
-565
-315
-669
998
-305
669
141
-937
712
-839
506
33
-988
-275
789
410
-907
284
-3
-632
714
886
951
461
-138
109
35
16
-462
-314
759
105
734
-343
872
153
-814
-619
-952
-236
-605
-780
-39
588
338
-699
-881
283
158
588
-285
829
-887
-590
-573
247
-600
58
-105
664
-108
914
799
410
846
-878
57
693
-208
-828
-50
641
-562
-577
716
-939
138
978
382
-943
791
538
807
260
-490
544
-179
907
956
690
50
-89
661
-356
47
-567
-927
-685
809
333
-644
798
-539
-368
620
-431
855
-480
-941
-265
294
-529
69
251
476
-846
-461
-397
233
-996
245
-422
-57
-302
215
985
553
539
-390
-239
108
614
875
-585
-657
-664
753
908
719
-336
-288
40
-197
393
682
-29
823
-388
405
-513
412
495
264
373
555
-547
431
971
-46
131
-258
223
248
789
289
-685
-430
939
258
549
-408
-517
452
745
-431
-220
828
437
-85
-732
-976
-199
-216
7
344
201
530
92
768
-152
718
-715
-545
-766
654
956
-750
7
-383
365
-142
-769
357
-956
164
-802
-435
275
895
-202
61
991
-888
-605
-526
-648
-999
-537
703
291
176
-77
1
-330
-621
-386
-892
-640
818
-555
175
-862
-427
-497
651
-178
-444
-804
-63
-822
325
-518
-335
-367
816
163
350
615
527
710
982
-666
273
-864
-176
250
254
919
62
821
-108
835
-414
-433
-465
89
-131
462
-536
-922
178
478
580
500
522
-98
589
716
576
-937
-514
504
460
825
952
-797
-979
979
-222
992
591
-209
333
356
-35
184
-603
305
-864
904
483
735
-315
419
847
-583
-4
-6
-285
258
-804
-900
-453
-814
469
624
313
-655
110
471
-411
686
268
-623
241
-132
-412
319
-678
202
-633
225
90
-419
12
75
-373
-435
636
-712
-90
345
999
395
-374
919
-668
-706
-632
-100
981
-422
314
36
-280
-895
148
303
970
827
-542
-71
-297
619
849
723
893
-771
475
403
670
158
986
837
-13
472
13
-596
-995
-759
-680
106
455
-689
405
551
888
-302
-391
865
-443
-419
754
-943
627
507
-836
-602
-294
778
-381
-224
757
895
754
-965
725
758
-294
-955
-587
131
-274
-834
-279
-502
-949
-933
-160
-569
5
-25
-600
891
141
-169
-192
-812
-993
-280
360
456
679
184
693
-306
-637
-883
-766
393
-764
-683
-624
529
-882
556
-723
832
159
660
115
-378
204
-460
-89
985
471
31
-318
-900
-51
-177
-964
-101
-276
-866
-812
704
-607
305
-836
565
-705
242
-527
-185
972
792
-935
-108
885
-283
-203
-559
914
-661
-266
698
580
-948
-596
-154
59
-818
633
-507
372
807
-61
890
-560
26
473
591
752
-371
-387
90
379
-922
447
-438
-878
-766
-645
237
715
-446
153
-702
-471
659
-862
-283
-787
328
-734
109
-522
-90
89
14
179
-436
75
411
921
-547
535
700
-287
-229
-619
775
-824
161
152
-834
778
461
-28
453
-103
360
-935
-417
-729
-525
749
-572
-797
145
23
625
959
603
295
12
-64
-492
852
-526
48
-391
-802
702
-530
260
898
-488
804
862
-773
744
-616
-770
245
-330
-500
915
540
928
849
-199
-316
807
-760
252
354
550
-151
790
-809
-257
284
230
109
516
-523
432
890
-737
-243
634
610
559
-421
234
217
-817
145
-950
-555
-891
-333
85
-495
804
674
-927
591
526
-649
633
581
313
-85
-555
-376
-996
-477
552
-570
247
521
118
893
-707
-971
-768
-263
943
666
-738
539
661
-803
455
-251
299
-559
-864
-863
359
-178
-673
-639
-781
-401
282
-446
-949
-70
65
-550
244
-517
-731
-640
-474
-278
835
378
-792
-821
-783
673
711
228
-956
-702
-542
408
476
862
-923
-62
-676
-32
544
926
-279
-530
916
785
-849
-471
233
968
251
719
-497
-258
712
80
-657
328
-855
269
-292
-486
-848
828
-916
-340
-423
520
-355
71
390
-330
-490
442
23
290
-453
-823
885
968
-788
-219
-804
-50
-949
-650
163
-434
552
-348
313
738
-966
-635
814
-776
-756
-207
-789
885
-782
-510
-417
342
-105
871
806
289
-475
472
-616
-646
735
243
348
-831
-418
165
-633
-215
806
-428
821
-508
-971
-551
-605
714
-744
283
-650
-328
521
-58
939
436
696
-565
316
671
-907
-127
940
-220
-616
-535
783
-275
-243
127
201
660
847
796
898
-121
544
-295
-398
-987
-574
862
143
149
-683
616
223
-11
750
-776
-452
-80
528
-568
-620
-391
-231
-71
-246
420
411
-71
669
180
22
528
562
-481
223
537
880
781
-673
-163
792
-513
-405
-390
447
877
-469
867
-790
-536
888
178
-59
542
647
537
-336
-437
-147
501
198
796
606
-365
-965
639
487
-947
-127
-265
307
-803
23
-148
733
434
799
111
-540
-640
138
-933
-540
34
547
118
-186
-198
373
439
-170
681
665
-207
205
955
-785
685
523
-711
-87
887
-62
418
-961
-769
-334
-413
578
976
844
-573
-399
-115
-538
748
193
150
90
-845
-275
362
347
649
986
743
37
218
372
-372
-241
242
-309
-784
-480
-241
68
-996
-261
130
669
499
-727
-545
-703
-750
-622
724
-684
-95
-841
-441
-948
457
431
711
156
464
603
-12
974
272
-248
-693
-213
-361
-463
858
698
903
95
-974
4
748
702
-742
-528
-290
-20
399
-848
444
-799
-935
-986
-279
822
-23
-860
115
-172
-129
-49
-51
201
-599
143
703
745
-139
854
4
927
-697
634
-335
-769
998
-799
261
-679
336
-792
299
492
46
656
636
725
147
853
146
450
205
348
-664
439
-514
441
-531
-436
-139
618
519
-623
-715
964
-653
-721
167
-616
-869
589
-485
769
-47
-373
-774
204
-696
831
359
-524
-255
-326
372
-246
-45
-11
-32
-82
692
525
-834
476
916
952
-543
533
585
211
-845
489
-60
-533
-827
-66
-222
180
113
272
-641
56
347
-971
725
527
-106
-885
-733
952
-46
305
617
-990
-189
31
191
-775
-530
851
-92
896
-84
888
340
7
-703
340
659
329
934
671
-297
197
-542
924
258
-169
23
-363
-612
755
-615
-265
831
-243
-215
567
-884
-585
176
-945
763
-936
-297
-518
-193
-234
787
-361
-632
-832
606
-835
370
-54
-368
668
875
-587
-819
171
98
-214
920
-220
139
835
325
-152
287
-569
-885
-352
608
16
488
-863
969
-661
47
-677
740
331
221
-514
918
937
-918
10
-683
-308
650
818
-983
98
-605
859
976
680
-840
518
204
-868
436
-136
503
-228
979
-45
-745
922
298
291
252
-401
-137
-601
-347
937
-205
825
-61
514
-701
-52
886
526
558
673
-285
-111
-823
-74
743
-934
-802
-772
501
-192
203
291
795
-968
-217
596
-957
-304
335
266
805
-21
687
798
-326
345
-500
-434
603
-414
798
762
104
-160
331
-805
420
-810
13
879
-19
352
278
-875
-534
-440
938
-15
286
130
475
-627
-423
245
466
253
-451
727
777
445
-867
-749
853
441
130
906
145
-760
-361
467
406
134
-540
-384
982
-275
297
31
456
864
704
697
541
-605
-732
666
257
906
-351
-322
-643
-180
353
-907
986
-653
597
-990
-768
-429
-267
-954
-548
229
510
-637
336
656
-566
-976
548
514
-802
25
-102
272
-532
543
287
-8
-199
-237
-771
-177
761
-214
-338
-308
-746
958
-596
624
688
-334
-29
944
318
47
167
80
946
-497
-318
-610
155
725
309
-8
-412
247
928
-741
-54
-182
29
458
-582
265
-537
791
745
225
552
-191
-627
347
815
-294
-567
-185
849
-829
-410
-687
-650
550
-132
-301
100
368
-880
247
857
521
935
-425
-271
-799
-647
-829
856
-231
705
-834
137
-533
337
550
709
519
146
974
912
348
888
-535
197
575
452
-123
-407
-982
900
-94
-899
-60
309
654
637
89
120
446
613
998
738
-421
-796
643
-194
-330
-520
541
45
-151
-871
31
-594
-180
162
684
408
-63
345
-948
-812
-451
432
-527
-553
803
-284
836
-515
734
787
81
-702
-214
762
-420
729
416
-916
-338
-128
-964
-417
928
-598
-963
353
-782
-372
745
248
713
180
778
534
227
-782
857
-837
-904
730
213
-251
559
-894
80
946
-182
791
55
-106
95
892
940
504
723
-446
-319
102
-267
915
18
-982
261
-313
640
-652
-97
186
838
598
744
-683
-150
495
339
-119
689
-177
417
986
-401
665
723
920
875
678
-643
408
539
-954
-840
433
-176
-926
-828
307
-544
877
393
-686
524
-727
600
-239
174
533
-909
-872
-367
388
245
120
-435
713
47
-251
637
94
112
978
95
628
-287
-277
647
-123
-22
-949
-672
-459
-60
286
-719
-569
940
-607
375
348
881
374
-76
278
-182
-253
964
122
839
-182
104
-652
834
755
978
-203
481
757
-517
823
-980
-125
-876
753
389
323
-921
-555
681
571
329
-921
-335
-907
-994
137
-923
561
-535
-671
910
984
591
-612
-346
878
-201
363
911
338
960
-996
892
-144
31
-556
176
-443
-413
455
-943
-702
934
-278
376
-39
-925
224
-696
-540
303
161
-631
662
-570
729
16
601
914
-500
-35
358
490
7
752
-924
293
2
-536
-393
-23
-383
570
-759
-955
-214
-86
-297
695
-431
633
-286
842
-578
-196
-410
528
192
228
903
152
-693
-17
-841
333
637
-629
404
154
383
82
-578
-243
135
295
-666
-713
170
-725
-286
-3
414
395
510
-705
-419
602
492
387
-539
183
-468
477
925
-581
-890
860
82
641
388
468
0
674
-739
547
-324
-708
300
946
206
398
639
123
-788
-702
539
-798
833
440
-451
-607
-964
715
-933
195
549
963
585
-787
298
-410
280
676
8
-661
-407
639
629
269
767
-966
-726
392
610
-349
798
-973
383
-859
-802
-630
-771
-721
-215
502
-294
-303
-953
315
740
914
-215
847
-764
-704
-981
322
-811
-779
390
-674
-285
658
819
-820
846
-837
-662
-672
-723
430
472
-333
-305
-143
943
763
364
616
-761
825
-374
992
338
94
701
347
-546
-277
134
-744
-45
84
-788
750
-356
175
919
-395
-478
751
216
993
-380
632
279
-789
-525
-738
501
-594
-630
639
416
539
-214
-151
-795
762
371
-759
975
382
79
-815
909
-781
665
373
-974
326
-885
515
854
161
373
-612
-934
929
713
-109
-439
166
-462
-383
-230
775
53
-717
-351
-256
592
609
901
937
336
-997
-244
-668
591
-878
-429
210
937
272
842
-942
-897
-491
-644
-969
229
719
-756
693
-618
-299
-741
776
-793
-560
518
865
-999
-778
187
-113
312
901
-884
709
0
777
-947
701
-864
-182
40
505
-522
-827
128
641
-182
-732
-14
-434
711
-147
471
130
596
260
406
354
784
574
-106
-590
-164
-189
-767
251
-350
862
-507
763
-525
821
452
-439
-961
96
795
3
-931
504
-81
-970
-597
-243
691
665
799
-781
134
-713
-549
-342
74
87
-545
-983
623
-919
697
-937
878
-976
-665
-331
210
294
221
-597
-752
-464
-494
-194
743
-256
-459
922
146
865
-979
850
43
-958
542
-111
170
-542
-521
492
107
-332
-969
54
557
911
192
927
230
725
-955
-326
900
462
205
298
430
144
-135
-296
-759
541
-126
-829
647
890
875
501
-662
119
-858
254
-937
15
-222
-464
469
-914
-654
614
436
698
-919
417
-742
127
578
-240
-216
507
-932
-501
540
-637
-31
44
592
720
-488
-53
607
-454
-831
821
-376
-81
366
-248
507
47
-943
798
-864
-201
31
-413
551
-279
-444
356
-167
-972
-255
-778
606
-235
720
336
-392
618
232
487
13
-193
107
436
258
-777
-947
83
-286
-664
-704
843
78
579
986
-635
-2
206
312
539
-810
16
-340
-466
-812
-759
241
-173
69
-69
-737
-532
407
649
-422
-721
473
-197
-315
-987
-33
75
20
433
658
271
-49
-262
-92
-45
546
-937
-575
-14
497
-762
-911
-751
-887
-550
953
-232
178
-545
-590
-226
-928
570
-143
128
-695
-479
309
-243
929
-988
-304
881
-895
-9
-356
-468
-986
238
-881
-721
981
-812
-391
-846
652
983
-998
404
-908
-845
-671
-704
-462
-999
815
841
-467
444
-103
-558
-406
-871
828
-932
-844
944
-101
765
103
-365
388
-535
-869
-694
674
896
685
-448
-661
-588
329
861
168
-827
-652
-399
357
-598
566
-982
-753
590
-363
-750
-886
629
12
-439
245
618
522
-374
-731
-553
647
-52
-995
-129
82
631
-17
-597
37
433
-339
-369
810
629
-184
88
935
-610
-278
677
580
-699
799
543
-35
197
749
55
-429
439
-124
-422
318
127
752
-637
781
98
-388
-563
-323
-78
-671
915
711
-632
797
-585
484
-387
286
-149
-244
149
157
-625
716
-135
759
-409
582
-609
294
-216
258
-617
-785
16
-493
84
485
-897
-892
630
-309
629
353
-864
102
-374
-79
-101
368
-460
817
630
329
-40
-851
-104
344
-640
887
580
720
-891
-471
-425
670
25
647
-958
862
-92
-562
-866
317
-663
74
-816
312
533
-637
411
-252
115
-986
301
295
-626
946
-25
772
-252
-231
-884
-908
196
231
85
239
964
223
798
827
-63
880
-927
795
-365
806
-659
-184
-212
-675
82
925
-210
-95
-644
892
486
369
-6
-114
553
721
-902
632
265
383
-366
-487
563
301
-179
-641
-423
-819
113
666
-745
-821
265
360
564
3
388
32
-489
-588
-887
506
-381
701
-332
411
353
-205
946
-546
313
-940
357
-626
-644
758
292
112
272
841
915
733
-247
-357
-630
-754
833
538
-684
688
-428
372
246
278
970
-214
-358
-274
753
723
-680
908
-249
-403
240
706
49
62
566
193
715
-744
938
-295
637
507
834
796
533
677
647
-175
87
437
761
-667
78
-339
816
588
957
-91
384
820
-857
-725
520
-982
871
456
-201
-218
637
815
347
-382
-794
-769
343
-584
-601
424
369
457
837
458
661
-359
403
-616
-135
952
393
-404
-817
636
-546
-780
752
-246
3
-758
-37
979
747
753
650
347
-646
-261
28
-427
424
-265
405
-663
-78
472
-705
-616
606
-383
874
631
-327
-35
839
-649
799
-533
-819
117
567
-970
838
-628
40
130
-806
680
-741
-654
614
-874
238
199
424
-296
18
275
-247
-540
-829
396
-969
-356
65
108
-130
632
-417
-348
-29
767
-585
-959
-771
-923
-984
343
-64
-114
-82
890
-473
-767
-291
411
477
-152
-679
-753
-296
515
308
-292
803
108
133
412
839
261
-143
884
-635
-451
825
-385
450
130
144
275
-880
-639
695
-475
917
777
616
983
-855
989
331
-640
-239
872
-665
101
755
282
409
995
902
529
-118
398
-216
387
-368
-829
-789
-281
596
-774
45
-860
411
-457
-718
897
-493
-992
32
764
507
249
503
-906
32
315
-565
-661
416
835
511
-225
909
582
256
-844
224
738
651
-232
934
-464
-772
-340
268
-954
900
287
-494
393
-938
-232
751
303
-130
403
-526
130
494
-766
80
-95
951
-875
-946
-271
896
-923
-564
576
-170
346
-644
986
-351
492
446
868
-674
230
826
710
-690
182
826
518
-678
65
-799
-465
753
580
-405
-239
272
822
210
81
205
489
-454
961
672
143
-694
779
-849
697
-649
998
692
-70
415
-437
-787
170
15
834
848
-874
-974
-315
568
-363
870
662
48
6
636
92
171
-667
812
-119
654
76
531
119
635
-922
-182
320
-677
895
-636
765
790
231
-573
-874
-334
741
-216
-151
-394
824
-811
326
778
-727
945
-842
-403
-580
231
-629
-590
-171
-149
963
-120
-760
219
-394
197
-760
509
735
-994
977
-581
-376
-682
-670
-345
-931
-16
-351
444
-557
-366
-285
4
-399
72
-365
320
284
274
111
-153
-287
-964
-398
45
-164
-856
347
-81
-939
441
-195
889
442
-18
688
596
407
-950
806
831
370
732
-537
-247
915
-320
-931
-727
288
-863
-260
794
39
-727
681
-778
-939
358
971
909
-716
-901
991
-174
192
-832
325
-110
138
935
-24
-366
214
-355
955
-875
-513
-168
943
807
187
243
-735
-200
-903
-893
640
-456
710
-587
-180
-37
783
823
-966
74
-752
-705
644
-202
-709
588
573
249
869
775
-206
523
-246
661
-468
669
640
364
707
726
57
-593
796
-872
-29
760
-526
-706
-758
-686
131
757
541
-832
113
-269
845
-852
-519
56
-559
-784
-816
-720
-457
123
-823
-575
501
385
68
-808
-547
-271
-15
-54
-385
-204
-63
825
569
639
541
-74
-982
693
928
-514
212
-307
-977
50
447
763
-406
391
-326
-339
-70
-330
-804
436
-263
832
-823
621
658
242
720
475
125
-575
97
51
973
-781
-772
-620
-43
-310
-732
209
292
-419
-61
764
930
-604
807
-656
482
-128
-438
-501
7
52
-113
198
-877
740
8
659
875
-103
885
-814
-618
862
262
191
180
843
946
460
-5
587
96
775
-163
300
-46
-665
773
-414
-942
-376
720
-200
-459
-15
-951
-732
444
542
-355
-186
841
-561
-675
269
830
12
-127
166
-255
323
537
370
460
-192
671
-350
-112
120
825
-942
-438
-447
-198
-289
510
-383
-888
-122
560
706
152
-357
113
-977
133
-670
38
46
-640
910
-379
-934
-367
916
-487
-724
780
939
-252
597
783
-382
132
138
504
813
-770
220
259
-210
-137
530
288
828
-702
214
-61
723
899
-342
85
903
-446
-363
-24
870
76
877
-72
-838
67
-830
-803
-601
-123
565
-115
-345
442
-541
-882
479
150
2
-791
-482
751
-217
410
82
-343
-206
-156
22
-435
951
-750
-516
584
-759
-440
-173
528
820
23
-507
385
39
-577
-656
-43
-3
-273
-225
434
951
936
836
588
-361
-385
836
-516
315
-367
-49
985
709
-382
-918
883
-493
-34
-117
-801
-129
-960
-96
843
-795
-912
-691
-333
76
-713
-384
476
-925
191
-142
270
-406
374
909
831
-262
305
53
-582
-366
620
-492
255
-449
-705
-91
852
-665
653
60
841
-862
-442
-31
-568
-379
-340
471
-997
-708
275
-867
40
-733
738
-863
24
-894
-698
-708
901
-349
709
-674
913
-383
-241
-234
291
-49
-495
525
93
-31
-348
-224
857
-101
642
249
-543
581
-823
89
190
-105
-281
36
-199
55
741
264
-787
-516
321
-53
189
238
-77
-15
993
156
481
-137
316
-215
-210
-369
297
563
-195
88
788
-94
-397
617
-875
-614
202
745
342
-531
514
574
-778
-752
995
33
662
-904
-531
714
881
-959
816
590
-791
-149
439
-207
-244
-95
831
-871
-922
-825
-394
-31
767
-369
175
86
-699
920
370
82
-748
-588
-913
354
-542
-651
419
422
-824
355
243
-203
938
476
-827
987
311
-327
527
-80
-741
-728
183
533
898
251
73
622
664
109
327
-378
316
748
474
-12
-173
888
-713
-551
-568
-618
653
514
593
385
-581
944
829
862
559
-143
969
-54
-72
-22
594
-942
797
-108
276
382
-58
-175
-927
-292
-856
265
734
485
-897
-699
-217
861
387
-729
115
-116
877
196
-190
-524
-477
447
-814
-49
-369
276
1
359
-850
-995
-163
-95
148
340
711
-377
-164
998
-697
-192
-211
464
-56
-98
745
-535
-412
499
-241
844
170
-143
448
368
667
-835
-98
-907
405
-945
401
46
-89
-39
403
-347
499
609
-373
-17
97
317
39
-178
-336
762
770
-19
-585
985
325
-613
314
567
-327
-9
104
-217
-661
-988
33
-498
985
-103
117
-854
-39
-360
312
-576
392
-744
209
513
-209
130
-526
-552
-686
-747
-126
-670
371
-874
277
666
707
-185
-867
-47
73
754
858
55
-613
-877
-723
104
-264
-928
-278
22
-264
741
-596
766
-725
512
162
-182
-386
246
-233
563
717
272
863
432
-782
37
477
607
-613
357
-270
975
-726
320
-671
856
166
-367
-771
775
-18
538
-749
378
-658
765
-732
-604
202
-892
-229
-642
295
-259
429
219
57
470
126
-202
487
353
863
-471
-709
-476
-571
204
149
-304
886
505
-257
715
973
344
955
108
765
-596
-615
610
865
-839
645
-862
562
-336
-451
-36
-302
-8
496
-279
405
-357
865
-318
-641
-150
683
32
-472
-946
142
-613
620
-948
104
-383
-240
4
896
806
-657
-714
-341
-414
-606
82
-671
540
-450
-309
217
-975
-106
-554
81
-944
641
229
634
693
-9
-134
-736
-752
-922
394
-616
-655
737
145
274
-941
-153
-645
29
994
-783
614
-551
186
69
482
-888
909
760
-623
158
-895
849
-351
-440
52
232
147
425
-212
237
455
-641
-528
820
486
67
-484
-306
651
591
-427
-364
751
-133
-806
652
177
-672
130
-322
-770
237
8
-384
-30
-856
320
-50
683
92
-843
453
21
128
-448
-946
920
249
-265
-424
-949
22
-320
-530
-925
712
224
-72
-964
837
948
-307
2
994
955
-27
-996
605
-898
893
422
445
-67
420
858
-975
-664
690
-341
-571
502
-103
-307
356
373
-269
964
-105
-801
603
-633
683
-298
-857
-256
-368
-36
195
-556
-435
481
73
-694
-63
-279
-628
505
37
729
-731
-862
-338
926
-268
-185
414
187
72
870
-631
-195
-87
-377
981
-548
-366
206
-69
112
-563
-68
-773
-435
71
904
732
-691
-638
358
432
-311
57
-622
501
500
590
971
-616
19
-545
-785
853
477
456
462
793
155
290
781
616
235
-792
-982
-277
-153
-102
967
145
109
-486
-299
982
-389
100
159
417
-518
-725
-113
-41
244
-34
-752
-387
-782
-550
370
-70
-266
345
308
-389
625
-104
417
-223
147
134
-935
485
-3
-488
-869
219
-412
-599
60
-60
133
-689
118
701
-177
489
-512
533
209
-444
886
44
-735
493
-891
839
614
-511
-715
880
-813
143
-445
-37
-399
-321
-422
51
519
941
-850
-430
-551
-531
212
-993
-134
450
705
610
-113
602
686
707
945
209
293
-847
94
-874
970
-674
-707
858
-119
119
-771
-316
-568
-126
441
306
-648
-224
-423
859
686
-686
-440
863
-344
535
222
-913
334
-285
-294
-983
-105
156
-371
12
661
-434
69
826
-50
-625
-460
427
552
-292
-643
-434
576
-143
-981
763
918
712
766
-108
553
-695
547
729
235
976
-402
-390
864
397
855
-841
-488
-220
14
-300
-553
-316
268
-728
-674
-187
-713
-427
775
-374
98
690
610
167
-305
899
-617
748
-382
538
791
-913
-157
87
-476
919
63
-565
137
-44
956
-422
919
141
679
207
-562
513
172
521
-124
-177
-895
931
-587
-271
-976
-750
-489
-349
703
55
584
434
-595
-892
-458
479
187
-261
-245
530
772
978
-844
987
-261
67
860
-796
-656
464
-839
51
478
-780
995
764
-444
772
-708
-894
-611
836
-655
286
399
-426
-805
-584
-851
-403
-942
-590
681
287
-369
-731
602
393
668
515
741
541
299
-69
-5
247
-960
-646
671
-675
507
287
162
-332
6
167
157
287
-809
-457
378
-125
850
-312
480
918
191
189
-375
405
-733
704
865
-59
526
586
-451
-959
400
593
-970
-670
456
-693
417
-67
-917
-543
476
-459
973
335
150
50
992
440
-116
-998
22
-473
-52
667
-988
-320
-696
-774
-763
-300
456
-906
-889
644
-756
-842
391
300
541
-847
596
689
687
-948
754
-155
406
-179
-290
-729
273
655
233
-8
887
110
19
567
-836
322
741
-609
-720
697
746
-778
-139
-163
-613
150
-692
117
-970
-695
395
518
154
621
-564
-726
34
183
196
393
539
275
-690
340
-924
874
-732
641
881
-836
-23
847
684
-627
-218
395
313
-676
160
60
-45
-178
738
-999
-504
234
-179
219
479
-691
920
157
17
-419
-123
-833
-501
507
-703
-487
766
994
887
77
-575
-100
-125
853
-60
611
574
-580
-431
916
139
808
-159
-128
-708
789
857
-35
450
-627
687
618
-961
611
92
-129
121
640
-96
-286
-66
-220
-291
-554
-33
222
-847
-178
314
-521
131
96
344
-744
969
-460
-97
-916
212
-901
-523
-240
329
-531
-222
838
236
-373
256
25
-741
-941
-846
11
436
177
798
970
-108
-174
-1000
-894
-387
-460
-227
236
-621
-326
9
-157
484
-228
-443
791
482
411
-848
-742
894
-415
313
872
418
87
6
117
-310
-432
644
846
-512
771
220
-79
-284
-842
814
-344
20
421
77
880
989
546
-73
-200
974
-281
607
-539
-602
807
-872
434
922
770
608
197
-380
-665
-394
-243
-38
-125
586
-393
682
-712
-640
-608
624
-534
-319
645
868
-14
430
630
579
-523
-575
825
-664
831
338
-182
-58
-615
-366
352
309
-470
-728
-341
-810
9
294
-935
725
160
-649
409
-6
684
-57
39
476
529
495
-267
-397
267
-933
794
-152
815
170
-716
-709
-577
-334
-86
-384
125
525
-36
-728
295
-557
-516
-585
624
-794
741
439
48
-940
281
-567
-783
-723
122
611
-150
-879
-162
-662
265
-556
261
-163
-759
-910
-458
955
708
841
-155
-893
801
919
-175
-426
830
209
59
-789
601
-836
97
687
888
-20
647
966
-792
727
231
-477
163
85
-448
-33
523
-905
826
682
-573
897
57
-165
-852
-732
831
-875
60
-404
508
-967
-724
483
-575
-414
88
865
67
-623
809
209
714
133
975
545
-791
38
-632
-779
744
479
878
-264
-932
6
-340
960
-679
-87
384
428
-578
-714
-996
269
94
134
-905
783
447
-904
465
403
27
-42
339
-374
-108
-538
-396
-832
-123
-641
-887
306
243
-154
-156
-643
-878
-332
-643
-779
548
-203
798
-402
76
736
-985
587
881
414
946
321
910
185
354
742
246
-574
-572
-356
-172
-753
-520
724
-447
-33
137
352
655
-708
182
826
674
604
885
-582
590
179
174
120
892
744
-221
862
742
786
-49
-599
-127
-337
860
764
507
530
-769
33
-230
-361
846
605
436
339
-959
143
-995
-291
166
821
-854
-782
639
138
388
714
-618
-672
296
-91
-304
-522
-132
-319
879
662
-548
12
-334
-194
946
-144
711
792
-524
-529
-591
-696
407
-708
260
82
-814
-764
-451
870
13
199
207
-375
-168
-505
728
-463
-360
-436
82
-707
-516
257
-603
-114
-514
558
-38
-651
773
-189
250
635
822
398
100
-409
-677
-102
-930
-129
988
4
707
-1
-214
-230
715
-529
-341
-525
664
-12
991
-795
-260
-27
-367
-409
168
-904
-423
-845
608
617
-402
519
-758
230
361
953
85
-86
-428
437
406
548
673
-252
-867
131
136
-214
870
-736
888
-340
43
-56
367
397
823
245
165
-796
-42
920
818
971
-871
837
-225
565
389
-758
682
-947
-85
989
-765
-824
-94
-606
-733
151
175
-218
333
-725
-377
-821
-691
980
-693
-177
924
936
-926
-853
134
-483
-571
-58
-478
-701
516
-732
352
705
-522
-146
-318
970
541
975
129
-101
-712
152
-528
-763
-606
-192
-211
-975
-184
-532
-892
-43
-57
-297
366
-399
-29
-482
-346
70
-59
987
-996
532
572
-789
243
-898
-60
46
885
797
772
-453
-10
-547
-831
973
-827
-312
-560
702
143
-259
-263
-97
-338
829
807
305
671
-734
-148
-221
145
-276
145
-568
809
137
-614
180
19
63
952
-381
467
905
889
166
-7
-931
-790
939
-446
854
-644
-25
-53
-413
-940
-29
865
187
429
97
580
-21
40
-183
234
-595
99
740
863
-954
-24
52
474
-323
-484
-642
-261
131
280
-571
609
659
964
772
-408
920
15
616
-81
-923
-261
552
760
277
-826
98
-920
-112
-141
-509
686
166
-729
-574
417
-437
927
-23
-175
-641
30
-415
-240
-55
-955
314
362
-641
395
164
-610
517
-500
172
-415
591
-402
-906
-680
-27
-402
-940
19
322
105
640
826
712
519
-516
143
213
-335
-269
-782
-86
-493
-309
-941
-403
717
746
738
717
-253
706
995
-115
-91
715
-274
144
825
619
-638
703
243
372
-135
841
-122
-838
679
728
69
-257
-436
332
-46
-83
153
-586
888
-80
943
-301
-924
222
771
723
-754
-893
-627
-27
198
-931
-688
817
297
736
756
369
-782
-617
719
509
573
825
-46
513
7
372
511
-259
641
168
-807
666
-557
978
-636
-316
-66
-365
139
744
346
-211
-528
331
-770
970
718
596
237
-504
-886
-953
-835
-699
8
-193
84
787
298
151
-901
56
819
966
-764
132
-598
741
-232
528
250
-339
-759
544
438
-30
-682
980
-182
-554
-787
-447
604
-229
314
359
-223
345
-354
-2
797
664
235
-446
-878
-101
204
-232
649
569
-815
-4
479
-759
535
953
-730
329
-666
-973
989
491
165
293
-438
493
344
514
-621
339
-103
-470
-308
628
53
-277
-742
-707
893
-943
-490
-251
540
860
798
-81
200
412
277
453
114
444
-630
360
-104
-200
727
641
74
156
720
354
-167
-518
219
142
-229
-489
847
-495
172
99
-956
141
-82
-428
618
-749
497
398
454
570
589
145
-953
255
524
-882
-169
650
85
-265
-883
-936
515
-989
127
570
740
-982
-412
74
797
-349
-697
-667
-469
-424
200
937
244
50
13
940
796
-537
758
326
356
-52
286
973
-68
520
-403
811
-615
-776
-437
-178
530
472
766
-197
244
-748
292
432
518
363
348
533
294
493
383
-786
162
-991
-404
144
-813
-458
337
765
-476
-652
982
-642
352
93
659
-692
873
261
-943
90
629
283
-754
339
-717
-669
810
-885
492
-398
703
613
-44
213
621
513
-273
622
867
-625
-368
-547
-422
-331
-323
951
-789
-328
-866
197
-591
490
501
843
-55
81
-121
-77
22
-128
184
581
865
500
773
-874
-19
-979
251
731
376
567
-507
24
430
244
322
-647
888
904
565
667
-606
-224
-58
-792
585
-145
630
574
-333
279
-480
507
-727
944
-166
-281
-161
-7
-21
-930
-555
-344
-330
297
182
655
5
359
-3
-195
449
-515
-665
-418
605
279
979
-575
339
-646
822
-428
54
-616
444
-787
23
-658
-247
999
-78
77
-467
103
-936
131
-43
347
-888
54
318
-34
87
-195
981
-102
-577
491
-278
170
611
-119
-845
859
-560
590
269
-449
-434
13
-387
717
86
716
324
296
943
-980
209
746
-383
666
256
-435
202
209
-176
-265
-770
73
338
-801
-359
-480
-770
-544
720
771
-880
409
-666
-358
-257
-658
154
-83
-818
30
654
167
-996
530
210
-666
-890
959
-401
-149
-276
-600
256
-940
448
-188
714
739
106
-825
-884
-293
617
735
65
-441
-955
-946
642
919
320
718
361
-425
-85
-154
-159
-226
-204
472
649
-96
252
308
871
64
855
-436
-663
278
-67
-347
-698
809
-595
-57
403
201
-191
-367
-702
331
669
220
-667
338
-527
858
-48
998
910
-517
-83
756
805
-84
-440
802
-453
-852
-85
413
-535
92
-60
769
959
115
-911
-60
585
-117
206
703
-423
476
-378
-422
580
-622
-59
-237
73
-275
318
219
-805
917
744
-387
-864
-776
227
-196
947
770
697
-168
-76
136
-273
764
-162
449
-918
-665
-663
-719
-481
469
-298
-126
371
-407
-568
-590
769
-855
-862
724
986
-202
-789
899
-666
551
-322
-118
-888
161
-818
393
-176
-187
-809
901
-614
-122
112
-545
-652
-619
44
-913
-819
475
687
733
313
978
-610
-677
-815
-352
607
626
935
-111
-592
40
-633
-576
995
-581
-535
-237
503
-595
978
912
178
748
-486
815
970
-612
473
317
163
-957
-853
-807
-222
144
-733
240
-944
-551
-85
-128
187
352
185
938
278
162
-803
713
-47
-644
423
346
-733
-758
981
871
803
-435
42
-588
-265
-857
-230
-732
-637
-602
610
-24
163
-741
581
262
276
727
-655
675
-404
65
-207
-483
-502
358
-645
679
40
909
-440
737
-819
-538
-380
-381
-881
670
-21
54
-987
-975
-300
783
-469
-3
202
953
287
-817
629
126
-296
-147
392
481
-682
415
387
-485
-268
90
504
-223
-630
171
923
-626
479
-212
-958
-78
812
6
796
-138
92
675
-226
-997
543
-498
-392
623
286
-118
54
-709
-472
-484
-925
683
155
933
-744
-662
-449
-512
162
234
-84
309
-990
317
603
-153
-882
-300
-118
992
-508
-911
-263
583
798
330
-590
955
-895
-291
998
-625
-113
-86
114
-830
-547
-654
304
-23
-929
-630
-119
-404
623
76
56
-22
-227
218
906
313
-544
-17
-830
-674
139
692
-823
597
827
-740
-686
926
716
653
-533
628
138
-277
224
651
-891
659
-134
-922
591
-847
-363
-798
239
350
559
50
-216
553
-437
-553
723
977
-970
-804
360
-772
321
-980
-500
775
428
656
-236
363
-364
-615
-184
72
740
6
515
-175
55
227
-233
-701
-563
-354
781
163
59
-57
-870
-93
-851
787
-403
-959
-601
61
-252
621
-663
522
-721
52
672
823
588
365
169
-287
849
-352
241
257
-471
-434
-296
674
757
929
-571
192
196
-719
82
287
109
975
-393
-219
-647
-654
-332
-91
-578
59
24
-983
-219
-985
-305
-533
-915
370
873
-752
969
370
-859
529
-572
503
-180
-120
-667
-388
-358
-860
-643
890
-666
-280
-771
-6
691
614
981
677
544
499
-425
394
426
-121
-806
-822
81
820
667
-460
215
593
605
8
613
386
-959
122
-312
-475
113
-827
-952
443
-378
-518
-54
-720
-391
-636
-837
-374
-874
-584
-100
-438
733
-210
574
2
115
982
19
-124
-699
730
324
-62
972
-193
-416
39
460
998
17
144
454
949
-741
-71
-738
317
-818
576
-650
-201
763
40
-343
-832
836
-371
-827
-913
-421
654
831
783
-436
108
-870
493
839
765
-638
912
261
-931
291
431
-708
-830
295
-829
-995
-133
-356
-341
603
389
-957
550
-378
-647
917
-943
-555
-524
-976
188
-414
-396
-321
283
-880
-420
-24
278
-9
-443
-769
-563
-160
386
-984
428
-292
110
938
663
766
-940
334
-718
409
-822
519
64
996
42
203
278
347
-242
-577
-918
47
200
-750
797
637
476
-768
-285
-965
-933
-330
-469
-1
157
-123
527
-822
265
-321
26
433
308
575
-960
-83
-556
517
671
152
-689
-177
-752
-936
165
435
778
-279
935
952
-301
418
882
-379
-796
-343
-788
737
-584
482
-102
794
-880
-542
299
-831
-954
-605
-59
-974
364
-224
890
-895
-287
-208
-250
-352
-881
-929
-200
733
324
312
-38
-312
-262
479
-801
-14
-779
-54
121
-158
-983
-288
-604
977
-186
-646
-30
-91
-207
-202
787
-678
-416
-246
-16
-292
-767
-395
-923
690
-905
609
-311
36
-350
885
43
253
-325
231
-22
395
473
606
-943
-189
626
134
-722
-270
66
877
-514
-146
-655
234
774
364
-28
845
-320
-950
482
673
-672
732
-63
142
-446
100
-883
380
-157
154
452
-414
-920
443
673
76
590
638
-590
794
79
-142
584
917
-98
-781
-932
428
15
-149
88
189
-346
-123
937
-208
-822
28
447
973
-234
-478
-450
-850
-148
686
324
-914
566
-787
-745
-287
730
-840
746
893
-119
-250
-404
822
-939
-776
-386
-520
-291
738
-145
205
342
-998
198
-258
-569
-55
426
246
-447
398
-591
227
-935
-750
4
-619
-860
-250
-901
-487
62
248
122
607
-906
-603
663
-170
426
-360
-761
586
426
16
-267
-892
956
672
-594
912
139
-416
-52
572
-180
545
668
-148
704
62
206
-758
-481
-130
921
154
-857
-363
-312
-372
-832
-662
117
347
283
900
-544
-174
-473
-99
-915
670
31
585
471
-721
467
-737
-972
616
-734
102
-201
726
-815
779
124
813
-742
-386
-220
-307
-764
893
-851
-909
-981
-664
-740
908
172
324
-598
-43
416
651
329
207
-126
-48
-703
430
622
-64
-565
800
-41
692
537
10
117
-525
-49
653
-998
-604
-141
-840
-720
-302
685
-345
736
232
-166
-103
721
619
515
-128
588
199
-523
610
-88
98
-211
-484
-538
924
-462
341
-341
920
206
688
-107
-508
-838
892
-692
-236
-442
-506
391
94
642
-674
56
910
-325
-281
469
585
-235
-505
468
-530
-783
254
-286
-920
956
-252
-112
-303
453
-789
-582
-319
568
452
-11
-764
-597
157
933
-263
-60
-648
648
326
-907
-746
-445
217
-651
-798
-393
26
-708
251
974
892
267
-791
-232
-542
262
-399
685
190
559
-445
78
20
-80
849
-131
-866
-283
922
-523
-407
611
676
-248
-676
-455
-217
355
568
322
-618
640
459
467
-823
-425
319
359
-458
369
687
117
-721
-884
794
938
-604
-780
608
-567
761
36
873
28
-702
360
21
389
-918
942
750
-747
-269
-999
-710
328
-600
-894
316
-932
175
-341
970
-340
-342
769
377
605
508
-482
756
676
-871
-201
-212
113
-282
-167
489
-83
-353
923
-849
27
695
528
332
622
554
-421
973
487
-337
