9571
19
-913
-655
-970
-541
844
-316
-386
796
-53
519
-577
-6
-947
-497
254
-774
-862
648
145
-94
-157
462
-490
-767
108
-984
-880
641
596
-178
-96
-647
-774
-885
-276
-849
174
845
-82
907
-759
681
-436
-954
121
428
-289
737
173
-211
-110
-414
570
78
313
937
-840
881
-405
-78
860
454
-770
-925
-622
-910
126
-348
-730
-964
-215
-850
-881
50
554
-132
489
-536
-144
-18
-674
512
250
109
225
165
-271
489
982
817
386
189
-15
239
214
-92
9
27
432
501
-663
533
99
-982
835
724
157
-945
-911
87
-572
5
-214
-362
-580
486
-371
200
546
626
-996
398
-729
536
488
-948
268
97
-75
856
791
-745
-965
-37
-400
195
840
-492
618
-189
341
524
-303
-230
35
340
796
-207
833
-102
831
-517
302
651
-447
823
-107
-990
52
350
-358
734
-202
-628
-609
946
835
492
-173
-698
-715
572
-936
-277
329
-176
255
-756
-17
850
-558
-624
862
23
-834
892
401
284
-501
788
850
-321
554
306
114
-134
794
-529
-526
-453
246
-353
449
127
-82
-870
-94
956
593
148
184
110
500
-579
209
-71
562
-620
-51
-899
719
439
666
-728
-982
-922
206
517
-353
-554
-625
-702
-809
241
-222
-929
29
698
286
-446
93
862
636
136
250
966
670
950
892
217
569
-931
-379
-177
624
796
-257
384
510
-97
-892
-86
-624
358
-359
322
316
-720
-921
-799
-382
550
-985
-736
-578
164
890
-497
759
-606
-766
-642
-408
-895
-735
-113
328
256
332
-270
423
654
-757
816
647
-502
-337
-988
-332
-41
353
-173
34
347
-893
-820
627
-618
-347
-949
-415
-400
-569
999
926
923
-330
747
821
520
901
386
300
805
-728
523
953
-604
912
-932
158
55
-162
-877
-494
407
214
536
-834
643
-510
126
400
-10
-305
248
463
17
40
136
-83
696
734
131
50
841
416
384
-870
-746
-211
-881
-67
-396
-317
-170
278
220
-702
983
-637
302
-173
445
120
-858
-689
277
-80
-601
29
298
-526
291
11
872
380
972
-713
930
686
-203
27
239
-235
738
-396
703
162
-241
989
972
-793
492
813
204
-67
-379
489
482
-715
-897
87
-620
233
814
800
151
-418
212
593
630
-7
-27
-305
-846
-277
326
756
-13
58
-317
538
189
-707
463
355
222
-477
662
-781
643
881
-1
-86
-150
710
-547
786
-973
973
501
273
-417
415
-567
-613
107
-222
867
-88
-474
-607
302
-531
717
745
13
-550
663
-674
255
79
92
-88
58
-596
2
349
660
-221
-145
-20
-767
-52
-814
435
727
725
189
638
893
-124
763
29
-766
-821
751
640
89
-26
141
754
-750
-541
-879
-193
-12
975
-931
-318
-297
729
-719
-224
-706
-443
-445
555
-975
976
-770
756
937
-165
790
-512
-748
870
-135
998
72
-198
577
-494
-300
50
455
633
-782
647
145
41
-583
935
988
-388
-497
610
-491
650
-308
928
-992
727
-663
-862
636
304
215
-796
462
813
-819
523
106
-204
281
193
-688
186
-297
-326
114
-314
447
577
-796
-60
681
916
-36
-605
796
-54
-375
-596
212
-51
192
335
-447
167
-974
-117
-980
-579
777
714
293
-782
-111
743
327
-262
323
781
813
-196
-35
349
-466
994
-595
747
628
-80
-212
694
683
-561
-505
258
-460
-523
25
-92
489
-429
-635
-247
-549
-709
-738
19
183
827
169
82
-569
426
-758
986
-60
190
-276
246
-999
56
-339
650
964
509
181
-787
-299
-671
-153
-373
-519
-254
-433
-475
-800
414
284
259
-966
-974
695
232
256
-175
-223
928
31
-707
-116
729
-801
901
688
-38
-175
282
-595
196
968
-97
-256
-652
-945
-514
846
-606
-296
177
-915
-358
-284
-893
178
-283
974
404
-747
-94
97
402
81
-842
410
-437
808
509
569
-404
-172
-613
593
756
807
-492
639
-374
996
436
-361
71
870
-515
425
-622
-274
-933
-877
423
-486
-75
304
-718
-735
402
-370
878
-885
-940
141
501
-531
982
3
962
-990
-434
-643
-709
-875
-577
-912
-28
540
-961
-466
50
142
431
660
270
-44
-228
-321
-911
-515
-352
-882
946
252
-714
403
-887
-259
-983
468
-849
-427
-713
-450
692
262
-105
649
-467
-31
-268
646
920
822
341
660
-243
-153
-709
562
-477
-964
118
143
27
-209
-732
542
237
-281
231
-298
990
578
-942
-859
507
-710
-560
-956
-140
-357
193
533
-264
731
305
105
-88
-361
791
926
651
767
-105
-315
622
-184
260
-126
-187
-832
-666
877
675
254
-813
-282
242
54
-882
485
815
940
473
15
597
-239
487
-843
388
-87
803
502
-547
-99
-186
-444
686
-869
-935
260
-395
-197
360
-961
-462
-131
-1
-426
-467
-210
740
306
945
666
-592
905
324
763
395
877
-172
847
147
-514
207
71
-119
944
-210
-436
360
-153
416
493
323
158
-657
-653
793
472
193
-923
-297
926
686
-953
-469
-586
-312
-979
-895
372
-261
30
476
-709
-877
-188
-670
-276
-875
-49
-284
79
-213
457
361
895
-817
-332
-282
304
722
416
-436
556
906
217
302
570
262
636
749
-912
-673
-502
641
-961
-226
-138
871
-803
-620
-968
786
737
-487
404
479
518
-588
-236
153
-990
388
-974
517
129
-695
402
411
634
242
220
242
-173
644
-889
135
704
643
433
218
423
480
-789
837
-465
111
-335
729
951
-348
-984
-458
499
-934
975
-505
-800
271
824
297
-311
-112
-368
-794
-622
-932
810
945
818
-409
-566
-672
206
958
764
-255
815
-895
213
555
-202
546
-462
-94
-282
-871
829
182
-289
481
542
-631
-117
-877
-323
603
-943
-612
501
-700
103
206
756
-355
-379
352
544
43
-267
-557
-508
953
-858
-782
-281
-255
671
-684
-195
-890
144
658
487
977
677
863
118
166
-204
-791
237
67
165
123
-716
565
673
-36
-631
-746
-461
88
609
199
620
24
844
565
-77
304
-202
-565
-456
-218
-215
804
-39
-86
-976
-996
78
678
967
338
799
-637
-962
-84
774
501
988
-489
719
-331
-656
264
28
297
723
212
948
-559
265
89
747
-543
-617
519
77
-634
-514
47
900
-825
-779
486
-230
-86
261
-811
888
-257
-531
-895
268
-35
742
578
329
439
417
-590
-503
-5
-899
-205
-995
967
212
-435
645
440
837
-188
522
-144
-804
530
393
-541
589
-42
-613
-674
-767
-552
-929
-731
407
119
-519
312
795
866
611
513
-924
-17
-767
252
-410
-373
-541
-173
424
-833
-588
453
897
795
-544
-941
-244
-127
-206
-457
810
785
-582
-303
-138
733
-626
79
403
-408
-264
-712
-558
800
541
-75
-672
516
333
-100
-116
-588
-778
43
-218
580
371
-562
483
-980
-926
796
-179
719
-909
-908
136
662
173
176
-929
-87
651
-605
-660
-327
-749
-908
-970
268
-186
407
-971
198
-45
308
129
-399
-761
647
216
329
511
483
-545
-25
766
-893
-480
-809
953
447
-239
968
-272
839
-107
-913
391
-17
-84
312
-445
-489
230
987
-480
-522
-108
263
622
211
-721
574
893
-65
274
-212
685
226
274
676
440
-80
-81
-263
779
104
354
438
-81
-327
662
-452
982
-383
659
822
769
-188
341
-951
-705
-59
-21
-99
-177
676
476
530
-282
-556
-972
-319
44
824
-581
-383
-831
-727
455
515
-963
966
936
794
197
-887
545
106
-966
946
-329
-420
155
531
497
299
-310
38
527
-610
620
-290
-937
690
298
-295
603
-781
-539
319
103
-296
-729
379
-458
968
468
210
-236
-708
-18
196
-35
-749
-808
-594
-748
-932
226
-38
-207
-381
740
964
-46
-21
-890
201
562
-796
-501
382
822
122
-850
-374
500
346
837
-958
-849
-79
82
831
381
-702
489
-819
169
52
907
-366
116
-570
-480
-711
839
-416
-572
-965
323
263
-200
-22
649
-420
-343
457
550
-221
-258
-22
614
-373
443
-459
-438
222
274
-990
68
454
-55
-332
-482
-822
854
18
234
148
-345
835
420
673
895
774
-284
660
459
-309
-112
647
738
560
798
335
-966
-228
743
-902
200
82
-105
376
991
-477
497
531
122
-813
656
333
-284
-522
-184
-763
-716
902
106
-267
775
772
-26
-294
-59
-536
-341
-303
-778
711
-262
-453
477
-223
-855
269
-846
-237
-29
-186
-754
111
-692
-195
-481
-106
-77
23
-420
-288
-880
738
-478
-696
108
-30
412
-442
-464
-619
-143
-806
902
644
136
-46
460
-296
838
-88
55
-425
328
443
531
-262
-580
409
456
972
665
-538
-263
-847
896
507
7
832
-470
349
786
-113
-672
-135
687
137
890
618
-332
-513
63
86
-336
792
-117
-133
297
-410
-561
-463
957
647
-303
-356
-566
228
-876
-47
681
-246
387
-606
-684
802
-713
-216
825
495
137
-756
-586
-476
-672
-718
-108
-449
587
-190
-223
-714
827
964
629
381
824
600
326
-800
-284
95
-89
851
636
-423
-613
-284
218
-484
39
-279
40
-51
-730
-996
-577
735
-618
112
-355
853
367
-98
277
389
-44
225
-960
460
946
938
578
792
-923
320
-1000
-411
-262
-41
-147
-745
-145
-996
-629
-383
-73
331
-818
-304
778
-962
532
-88
712
818
945
-152
526
279
63
-852
-767
-204
467
-257
-8
-636
539
-437
-442
-31
-205
975
-476
427
-426
811
-962
-299
82
-885
-364
669
-284
-866
-208
902
-237
146
-665
772
-904
189
456
-621
-117
330
34
787
985
383
-221
996
625
535
-710
-245
638
-943
782
-194
430
-509
295
-478
882
668
-358
-546
750
-779
-829
587
560
-317
-5
987
-819
-755
-472
370
423
-444
691
790
-901
-173
645
447
-218
900
-677
-822
-440
749
-23
160
-351
-139
-325
-578
487
-425
-506
176
362
-910
221
79
-34
-358
-353
-907
392
-49
-995
-839
68
-185
-599
-661
-525
587
-245
-467
-254
411
-275
-949
149
-17
630
489
530
-373
-844
-136
-870
125
-334
725
979
-730
329
734
688
963
-669
-958
18
552
-134
148
-201
568
223
586
241
-93
631
360
578
-52
592
-619
-125
-811
433
71
452
-775
-897
-176
557
-122
-212
-508
-653
-154
-407
501
855
568
-867
157
-664
736
494
-777
-263
-825
315
-853
-931
288
-644
-908
-226
57
-863
-608
204
362
24
851
-29
-643
-214
504
694
-407
164
-122
968
-179
-236
858
137
326
857
839
-579
-355
573
-330
648
-704
847
-69
-698
-821
632
487
647
723
48
-268
-697
-705
153
-544
204
275
904
360
-55
-694
708
-464
175
895
311
-259
98
-616
-15
-544
-758
-944
364
783
-16
0
-661
-63
-280
969
955
693
-145
-976
603
-209
729
-250
-408
273
-35
707
-559
-846
589
-625
-566
-34
621
-548
43
-950
-428
244
584
50
944
858
844
-447
532
127
-2
731
-771
-108
-90
-758
-574
535
377
-860
633
-116
799
-107
39
553
294
910
-561
318
831
-102
572
-129
391
953
-310
31
-960
-453
270
-933
77
-70
-251
400
381
-620
-662
-647
782
68
241
393
-605
-180
-831
226
-352
561
399
-192
98
147
469
854
811
504
17
-878
-613
324
-102
478
-453
-538
861
726
979
-926
853
946
44
-217
345
-913
607
732
-656
-226
571
716
255
-392
246
-150
-157
412
491
-941
138
-553
738
607
220
-785
893
19
967
940
814
-921
-536
-493
-10
-321
-859
-495
-136
-984
-857
464
220
848
661
825
-352
466
251
-650
-903
269
-903
418
-473
-639
376
-400
86
869
328
965
97
775
-123
-77
785
-991
-88
994
-797
36
-166
-579
247
932
227
919
4
464
-16
-888
-807
780
130
216
863
-307
931
38
-949
880
-28
693
751
743
898
148
-80
-687
-904
-840
-830
-347
-451
137
527
-997
589
-538
-809
503
-10
533
-528
-29
297
-725
943
-969
112
948
575
984
255
320
270
-518
67
683
-984
163
-105
-793
842
334
-971
-761
-104
153
-279
794
-197
27
465
-446
-142
-315
241
545
-823
-492
-892
351
567
848
28
251
-79
565
-694
-565
572
859
217
961
240
740
645
44
904
161
-631
-600
965
-95
774
627
-862
-824
-945
-739
819
-441
865
-629
166
46
-671
392
-980
-549
925
-919
881
-563
628
-373
22
970
65
-228
-432
-167
562
402
522
-708
-312
252
-459
510
-985
-45
607
-27
189
556
-447
-220
-16
669
-77
-784
-561
873
-166
-723
394
-726
66
692
-338
-342
806
-957
648
430
-436
-975
955
-16
-50
-340
733
871
-397
-143
-789
-811
-148
-297
429
-835
-934
-55
693
366
-996
-866
-928
513
374
343
559
-85
510
308
-881
79
48
883
964
-317
178
998
885
317
113
-832
-176
-357
-918
940
686
-996
261
-391
97
-419
-549
-394
890
803
-536
742
72
882
-357
304
843
153
859
902
422
-5
4
-176
930
-630
-81
-603
-177
721
-385
-987
373
-418
632
-75
873
618
266
71
-964
839
-101
950
-563
549
-654
315
-865
-624
-449
-961
21
842
89
-642
-871
864
351
-940
140
-884
976
871
-649
-889
919
272
-591
888
141
183
-567
-818
-350
-278
-477
-202
406
-71
-928
249
194
-302
485
676
244
-108
-338
-443
-905
866
843
896
145
-538
456
-485
-634
-706
619
732
-327
-280
551
61
979
-90
109
377
-724
366
-654
838
886
497
-245
-609
-70
-666
-492
-4
-230
-78
-15
-880
-203
-890
-196
-641
329
-716
-979
778
338
-417
696
-471
-527
463
-129
-109
-24
350
472
829
433
850
-134
813
-130
743
-847
-327
-692
-728
641
657
865
-502
-921
-186
116
-474
-678
149
-741
-624
-192
68
143
776
-66
328
77
557
840
-367
694
57
726
-910
-331
-627
567
705
-608
825
431
-521
-728
696
-740
788
955
-986
854
306
889
607
-315
-428
627
-762
-3
92
-369
-226
884
-186
328
281
52
548
771
234
75
454
876
665
-641
341
-418
-270
-832
-499
-622
730
582
197
-113
-464
-471
-532
-448
476
864
626
-525
-233
-207
-960
-723
694
-378
-219
11
580
-671
-978
-205
-358
486
-240
345
-162
503
-891
-803
694
765
577
914
-9
866
-784
-102
94
11
-993
828
74
-478
-413
40
373
-77
-183
-191
669
572
-197
-711
467
791
-388
-470
222
516
592
192
813
975
347
-731
-520
-687
-747
-716
465
-317
310
-321
941
-883
-684
-420
953
636
-666
954
170
-574
-733
658
309
-521
-564
-568
8
141
339
-256
979
-767
-777
-963
326
-627
-403
-748
-231
-101
-756
592
-654
84
-747
383
166
-121
-531
-918
-817
789
-679
321
-330
-136
-43
245
-834
-508
529
767
957
438
440
541
231
-167
-978
-643
328
583
-571
226
462
-148
-996
836
769
695
-891
-956
-272
378
913
-436
-295
-816
-933
405
245
606
974
354
-354
738
371
10
541
-40
827
-685
-156
252
-875
410
213
-183
-532
175
-707
880
-944
972
97
-508
-496
-762
51
-718
561
-515
817
-801
110
-690
-342
617
412
919
-34
-289
471
426
-431
-532
847
331
-741
399
-727
-172
911
70
-621
-8
-458
489
8
195
-313
739
748
-736
-442
826
-203
741
-26
-320
-458
-823
-244
-670
169
-474
194
973
-937
393
-380
-719
871
599
458
862
594
345
419
-53
-497
87
-870
-459
-784
179
936
-748
103
-340
-907
-326
342
-12
-260
-812
738
331
-373
467
499
618
4
-508
459
-805
-541
491
16
-139
203
-49
568
134
255
-706
-992
-406
106
-783
-231
-584
972
-69
-913
331
770
-389
663
-803
609
656
277
-481
606
892
-553
-218
-99
-751
418
16
-924
-695
39
-683
266
338
17
632
-158
-827
653
-645
862
-489
358
882
-926
585
765
384
-505
-54
-622
591
-552
93
817
-661
-228
-539
683
-131
544
-84
-768
-410
-352
755
134
817
-814
772
233
507
-64
-829
319
-226
-496
-429
423
-855
-879
-651
-67
-501
-780
26
-980
990
-59
-214
177
-879
596
654
743
-642
-556
-889
213
234
736
-255
768
842
997
514
862
-189
-736
-323
120
682
20
963
-629
186
-904
-647
300
195
555
-748
757
336
821
-815
369
785
635
961
895
775
-466
-479
758
-626
145
-920
-282
932
-283
154
134
216
-652
810
624
142
-714
572
-155
-737
-622
-312
862
524
757
938
896
-989
488
742
907
795
-127
-584
-97
-742
473
730
252
-698
437
-608
-459
-489
531
-899
-337
827
-749
-728
780
-92
591
104
286
-692
937
636
314
-200
304
-808
395
155
781
506
576
-751
656
-261
291
476
515
337
-873
-197
-553
-544
-195
214
-381
-736
339
247
-250
186
218
-510
-155
717
242
149
133
749
548
-518
119
539
-725
-183
-661
-753
272
602
930
-287
-431
-807
372
392
750
338
682
-214
0
892
986
-606
437
-254
-67
-497
-52
732
654
-471
969
-756
-767
414
710
789
-643
-709
903
-650
-761
374
104
-509
941
-968
-667
-188
732
-584
-266
311
367
210
708
-863
-572
-217
604
738
252
222
-544
327
943
56
212
-824
106
-95
380
161
-666
-205
-721
-226
406
276
-985
640
141
-289
-728
-836
-983
192
987
323
144
681
55
-532
-731
-766
-246
541
-393
317
-983
-872
-601
279
-542
946
-492
539
-614
799
788
-512
-920
809
577
-333
-19
-912
989
-193
990
475
-796
280
767
-740
509
-456
318
994
748
-543
-359
648
-889
385
445
795
-765
739
-915
-824
26
401
-373
-220
-501
-809
-42
101
-977
-924
592
669
515
-342
186
-680
-153
-60
926
-437
881
-105
9
908
-273
785
-893
-272
-664
190
-292
895
29
-518
757
-604
-687
1
-8
928
337
-351
-187
-321
-174
849
379
-798
-185
-853
767
-949
444
580
-565
-728
-382
-499
950
230
134
946
940
822
-928
-832
-470
45
37
579
40
182
-742
508
-957
-590
582
-126
-266
-80
930
-144
-316
455
911
-708
-635
559
-76
-472
-389
-656
531
-959
47
979
391
-331
541
948
637
-734
-39
809
-949
-71
620
-532
-767
-79
303
468
347
-585
-414
322
544
915
554
-681
762
119
325
323
-574
960
27
664
-873
-465
-429
637
-485
705
671
815
362
-934
773
289
-984
-639
378
-268
262
421
-387
-431
-255
461
766
803
-969
-468
-39
835
758
-301
-349
-645
-189
785
-224
-789
-924
-634
-578
-982
-437
629
561
-364
111
-313
940
-62
584
205
-887
632
919
413
213
839
-224
621
-437
-333
437
-658
75
-770
912
-144
-329
195
636
179
-374
-929
401
-947
-715
618
970
-72
-73
68
-892
691
-807
-870
70
-696
451
-889
808
110
974
-249
753
405
167
-953
161
766
829
520
679
253
-489
-413
992
-585
677
-586
-659
277
865
-355
-145
-21
321
923
418
18
-627
631
755
-703
327
-76
-481
-309
-772
-823
-6
449
-635
-705
-167
-408
378
633
92
549
-924
285
556
-971
589
480
-980
522
743
513
-593
-913
-235
27
374
348
90
302
804
-843
-980
-601
-464
-755
-732
-484
598
-1000
-554
-604
139
-35
-313
179
234
842
-433
-733
-912
-493
-595
-355
-496
658
913
-329
-828
-718
-854
616
626
-953
-467
807
470
-92
-146
-494
-687
-64
-626
-6
-914
-445
-942
-325
13
74
-549
-343
-610
-518
55
-731
-325
-895
596
160
-942
215
-916
-57
606
-428
-638
460
625
252
487
-699
304
261
-104
781
-149
41
-600
233
-553
855
-442
837
-358
-589
683
-67
-413
542
-350
856
-701
528
404
-962
-372
34
639
-790
-908
664
-222
762
725
283
-120
883
309
101
782
-94
14
821
-590
-179
-663
99
699
584
619
-82
687
-732
-196
224
-955
994
-897
-221
-248
165
-941
892
-892
-428
534
-122
-832
927
-399
-6
568
41
564
-870
-251
-700
-114
-547
-405
-533
184
436
-256
-696
655
-133
-108
870
605
-212
513
-160
771
301
-672
488
917
-567
837
53
-526
332
505
819
-642
456
882
270
-562
709
-655
-823
-561
-394
-41
840
-509
710
-331
815
281
208
511
785
-392
-130
-565
-102
439
810
172
184
-84
304
582
-460
-336
596
-371
-257
444
256
-801
-57
546
678
-518
281
-391
100
-613
-192
806
277
852
891
292
947
905
-499
-463
715
536
814
-156
89
530
95
286
-78
314
-53
492
-527
-455
936
-202
713
-948
-403
280
729
-757
-514
826
317
518
994
813
577
334
-218
5
-144
189
-358
894
-325
99
-455
492
86
110
486
3
-996
37
-655
527
978
865
-679
241
345
-568
-596
-649
-355
-968
-950
583
-773
109
-584
264
-545
239
-400
620
811
-901
821
-722
467
-389
-364
20
-603
773
-762
-719
679
653
946
346
697
584
-785
-718
441
-722
-457
549
853
555
-584
-627
-118
-222
324
-252
284
-146
184
-153
687
583
489
36
49
701
186
384
314
564
-726
230
-804
925
635
-337
-475
396
285
603
-989
-245
-791
-470
663
730
490
-470
-350
609
-379
669
396
821
937
-794
-61
-222
161
-481
-928
-965
-281
-950
-74
491
-157
-237
-492
7
-608
238
602
738
159
-206
-696
604
-122
97
-191
-72
480
227
-50
-55
264
-514
783
232
-880
884
909
37
-341
137
539
-521
-197
-944
91
273
-460
145
-691
-140
560
632
673
123
-164
-963
-210
-73
159
-724
843
-153
-182
-79
-966
-189
-661
178
437
-203
636
-392
32
-603
-632
810
-450
112
-82
-472
-624
-28
-418
-286
-568
-533
-288
147
155
-79
964
93
-523
-173
51
258
775
-90
549
-132
-165
-399
124
762
-1000
249
174
-313
-799
551
640
840
135
-281
237
626
895
576
-90
166
143
-517
-557
-645
-943
498
-233
550
-662
-554
-526
311
996
876
-671
-29
-409
870
-960
586
55
-838
271
341
759
-143
706
-98
-805
766
-958
395
603
-904
129
936
-349
-906
315
-864
-297
-633
407
536
-12
-565
445
712
882
353
626
918
678
-947
-193
785
-477
-523
912
-88
-960
521
-888
-875
-155
813
449
-119
943
-571
225
372
675
332
-56
-287
-321
224
278
380
188
-83
650
-687
-48
948
4
-526
-816
-56
-772
421
658
598
204
232
112
-914
-536
530
-360
546
-258
-313
433
-38
56
887
-247
-879
47
-877
-327
223
297
-851
922
52
-957
-164
-672
270
73
-695
-604
-329
-910
-695
720
79
954
39
-76
369
-793
-676
-139
-860
28
-146
53
-416
-693
-878
78
-277
149
-64
727
-592
958
722
-215
-966
940
-72
-197
690
-306
987
538
-141
442
-53
309
646
-786
-232
420
-225
727
-166
504
-589
768
813
-19
564
354
348
-627
-181
-774
-408
654
321
313
-554
123
-342
-171
83
305
-929
924
-268
-800
534
-440
-738
-79
-161
-370
110
470
-707
-895
503
-532
480
-284
-666
-706
27
412
-349
-604
-617
419
710
-952
-157
-807
-700
169
-458
421
165
-552
-653
-374
-398
-96
-600
-652
-592
99
419
82
-476
-193
-480
925
306
943
-797
614
-426
541
-273
-881
-306
-890
514
-817
402
838
317
-359
-751
899
-621
-586
729
677
525
798
771
178
-9
-570
-168
-232
539
4
564
-716
-760
94
246
575
174
976
272
-968
169
-980
-126
-179
-728
-885
-163
-189
-7
34
295
549
-302
-480
-598
552
142
515
-856
-755
755
-5
-896
656
764
118
-266
862
152
-774
-526
-557
-50
-206
935
-239
-438
-497
190
-899
-215
368
862
-333
-947
157
842
-359
893
-484
872
577
829
-74
-102
440
597
212
-486
-628
-800
-829
-506
-581
-589
-442
550
86
-104
-389
-970
-188
-329
358
-396
-893
-704
457
808
761
-921
453
187
-7
-148
506
133
-799
-474
922
-601
-465
955
-596
-527
36
-450
-739
-750
529
-954
624
-342
462
743
-698
-371
-614
-784
-343
-522
-932
-80
210
645
407
-875
-566
887
-371
-606
-66
304
-6
-787
939
-664
-191
418
-983
415
661
183
69
-370
-147
590
-58
-420
234
-304
736
-775
-811
-260
-969
-821
577
220
-325
738
-848
-416
642
-278
898
9
516
333
-728
228
-880
498
582
752
923
-282
-474
606
-552
149
729
437
-461
-987
-631
-449
-968
-592
-981
644
-175
-180
864
321
892
88
-70
-220
283
229
955
-714
-268
-242
824
-539
217
-618
29
253
-510
397
-725
243
-122
478
876
-674
761
616
-665
258
735
823
-353
-22
-529
-610
742
241
130
964
510
942
-565
296
96
-727
81
-239
710
-994
727
-777
530
-579
-148
-728
-894
-868
606
-360
-149
-102
-358
72
738
-96
-402
897
-150
54
160
253
-281
-754
455
355
481
353
871
941
36
-987
154
-777
308
936
506
199
302
716
-341
531
58
495
661
-797
77
533
751
548
-438
-908
-777
-698
-792
-20
-530
403
-929
177
864
-915
-804
630
993
770
4
136
-413
-34
-378
-508
-460
-866
-872
-410
564
-612
-669
335
-987
284
555
914
763
-590
598
395
131
893
-833
-516
959
84
-238
-874
831
940
407
288
-948
-381
-484
-921
989
620
314
931
-611
39
938
-447
708
-964
-576
-174
-559
-732
949
911
345
612
499
-953
-391
135
42
-793
-504
775
224
821
728
584
164
490
923
-191
-717
-535
-975
-56
756
799
784
-808
350
-199
-115
-494
505
-595
118
-211
674
-554
514
827
200
719
-112
474
-493
-517
-740
-77
820
-369
864
-718
-249
941
-521
179
-538
-866
492
-811
327
-598
-958
990
982
-73
125
363
-259
732
-627
-142
-49
161
298
-634
-316
-443
-85
-330
494
747
545
387
475
-269
32
267
243
-288
398
-425
-783
-261
308
365
-369
-333
626
787
-822
-322
222
865
-268
-271
-68
-63
840
56
842
678
728
419
-190
278
2
-146
-253
-698
177
-613
681
848
-48
-867
88
531
-167
-733
-536
-840
108
448
-822
876
-149
179
265
175
-398
-552
-740
423
-412
-630
760
-383
-512
211
-446
-282
978
577
897
-746
966
343
-590
596
296
-3
869
894
279
-443
-107
-777
759
748
309
898
630
472
566
-451
582
260
-43
-56
-135
325
-543
384
363
280
554
333
-503
267
101
292
-625
-443
-532
-102
-881
258
-654
902
494
878
660
-112
-936
605
-165
-84
-748
-491
878
542
130
-183
-75
937
432
-540
-856
-40
284
-386
22
807
228
-211
-671
-193
-583
154
182
460
-190
-625
-198
-659
-243
-261
-800
904
576
642
424
615
926
739
-927
483
549
-73
527
331
-749
-237
376
-31
505
-6
456
-783
264
355
-620
447
-88
-990
-101
604
40
-731
-279
165
175
957
965
-216
-47
471
650
-797
-755
902
-877
-341
3
879
208
309
-301
593
789
133
736
799
-767
849
-252
539
843
-943
-835
400
-743
870
-155
892
219
-220
-977
56
-316
-35
733
-346
680
699
367
-778
-671
425
-618
-891
348
303
22
-286
-48
168
-214
-754
31
-671
465
560
20
-831
662
-462
-404
335
-819
283
-366
597
-615
281
275
-417
683
-645
-400
-784
629
857
657
-175
861
-991
230
54
653
-161
-199
-512
759
680
463
840
-875
259
270
-82
-418
147
632
-289
-587
-475
534
412
-916
-333
176
125
-602
-525
312
1
505
496
374
528
-574
803
-338
624
723
125
270
-544
-313
467
-413
789
-858
822
-788
942
-316
-691
-330
870
404
914
-298
853
491
-425
885
-13
751
-765
213
891
557
-420
-638
-825
41
-350
-908
222
208
-154
-911
-521
-278
-939
303
-664
572
-874
455
-993
-855
651
-603
828
-871
55
972
-86
657
525
758
841
322
864
-87
-71
798
364
390
-348
36
976
-773
-168
541
359
-441
847
-305
-606
-771
-483
-529
-477
754
-554
291
-104
-127
538
-347
259
-898
127
-204
-766
-56
952
373
-449
-393
-585
-169
518
628
-996
-349
830
280
105
642
-42
93
-348
-504
-322
705
-41
831
-913
472
-72
367
920
257
400
648
326
-127
27
-254
255
268
251
716
443
-174
-344
305
959
-859
-936
-712
375
-983
151
26
783
-251
-349
655
255
-954
327
-383
-239
-958
-990
-78
-832
601
755
-102
431
-296
628
8
771
824
-176
601
-979
-877
385
-441
-536
-282
-998
-183
-981
978
-690
-376
-916
-83
-516
-159
-302
-843
-760
230
341
21
902
-385
804
832
-747
623
-702
777
390
625
13
997
-296
-255
-883
281
562
-9
246
-67
-532
574
858
-606
-214
82
606
-49
-699
584
-937
-441
632
568
641
839
-860
-715
-948
219
353
157
611
480
-671
955
-870
-460
-734
746
-93
-646
-303
-300
717
-391
341
601
-70
-812
-449
635
236
213
620
742
587
162
116
-163
-779
-367
-430
-609
339
72
-576
-583
-637
573
943
-555
-169
652
192
-928
634
231
-78
920
282
-361
328
612
871
-351
550
-753
6
-796
888
-292
-190
-257
-337
253
-288
-497
-439
-258
93
-890
-580
-404
342
-665
-161
-204
-13
670
-444
-378
-830
493
-90
-41
236
224
763
-154
-859
-670
614
998
-475
985
748
698
942
-788
224
400
-902
725
-211
740
-141
209
560
725
-562
-557
928
388
549
-119
-213
-328
-481
423
62
-385
-562
320
608
847
340
451
-389
-613
-381
433
-967
17
-224
-484
151
-545
755
763
24
-186
-178
395
-167
-201
375
816
-532
-662
964
969
435
94
-382
-495
267
891
-366
17
-509
162
-351
786
-601
726
338
625
477
820
-246
700
171
205
695
184
-781
-844
110
709
-323
-477
880
-343
639
-312
280
-519
-165
237
307
183
-123
789
-227
132
-576
930
-796
-330
-44
260
235
-955
-963
828
829
-656
323
-322
-724
893
-238
965
-123
157
582
-864
2
93
676
-710
-468
265
871
200
-310
507
166
395
-38
-815
991
-11
139
-3
-542
-728
21
245
108
-22
789
667
927
-747
-295
583
-22
-342
805
-63
634
-314
767
779
973
-243
-483
554
-306
419
-423
-731
498
186
717
-347
830
229
-927
637
-845
90
-529
-540
727
-522
943
-659
-191
987
292
136
-879
373
770
289
-470
-486
-550
-539
-564
559
-77
-411
-142
-185
-873
644
-11
-506
631
-21
315
596
28
-133
96
-690
123
34
-305
-522
676
-842
-931
378
-488
-497
754
2
-652
-254
789
787
-594
551
290
193
-262
476
-965
849
298
162
57
300
448
933
-723
751
-639
458
775
-817
-103
976
-575
-614
-556
313
394
905
288
114
-677
-30
717
270
-185
-518
-819
481
851
712
-98
-264
575
292
-767
-170
289
558
-362
440
-547
-773
-378
-566
755
169
-675
899
549
916
-910
-453
770
370
564
-802
820
-407
450
-456
-893
-656
-121
991
-348
-830
737
481
897
399
956
338
646
-212
-64
663
-267
-117
-620
721
919
230
-595
273
-560
693
-345
-742
-82
-593
286
-987
541
-659
489
669
569
153
340
714
274
133
265
-197
949
281
-277
780
509
-892
-610
280
-747
931
-330
663
-536
352
-758
856
407
-286
548
507
-393
-270
873
-827
724
-163
336
-122
998
853
-928
-569
607
835
-134
-388
141
-137
816
-886
226
-560
-512
210
830
-681
866
-533
326
117
-662
798
-829
-748
-119
-245
57
611
-841
-775
-782
-268
949
-134
103
-257
-686
892
-630
553
76
108
931
720
-175
-762
245
-211
177
-137
-436
-4
-239
-765
-666
-409
-913
562
523
-946
637
-890
682
995
844
-216
-559
450
551
-224
-648
-354
584
-558
-21
-41
811
693
435
615
445
-784
-353
747
320
702
-876
-801
-418
-752
-370
834
-9
369
-958
937
874
-795
-782
495
988
938
-517
634
-73
-687
383
729
-62
806
-438
953
841
298
563
183
-695
66
673
608
-582
-504
311
276
793
47
974
-7
273
997
269
-933
710
-815
487
-975
-83
-517
-766
-805
-5
395
-801
215
169
-551
-565
-253
-607
756
-207
-259
136
-946
25
-617
-489
-700
273
-666
-297
-660
759
-551
-568
-905
240
22
863
198
920
-256
90
-360
662
-59
-975
529
-565
-108
843
583
-857
-229
-662
150
793
-705
52
-125
-287
165
-33
622
-397
781
-72
-816
-790
366
687
-556
-154
908
-413
-254
835
326
-714
-26
-536
-564
-164
640
-183
-82
598
244
-599
-928
-91
-159
224
-694
-579
591
-427
715
-392
-303
984
733
-653
-774
815
467
-743
877
-822
79
-326
-852
309
273
120
-206
90
90
-946
-724
-512
-257
-291
945
-44
296
-315
291
-446
-616
-484
558
-288
647
-146
-979
-153
-566
49
-180
223
-588
643
-681
758
-650
-446
-686
-467
819
568
-750
-928
270
834
744
79
324
747
-338
-451
502
-55
714
980
-977
-940
-592
-157
-908
-818
-909
-618
121
-60
-772
-528
464
-849
627
296
-260
-121
202
685
548
565
730
694
-621
612
404
-933
252
-653
-711
666
-438
825
-522
-969
229
102
-345
115
-382
305
333
583
274
659
-326
-259
74
-49
968
363
-526
829
153
-867
983
-606
730
-689
-709
-482
369
-300
-100
353
-283
-91
-942
810
140
649
-526
-978
543
-595
-224
-782
986
497
-815
-491
-368
-65
-274
700
92
841
-604
75
-382
61
793
-403
51
-265
-743
673
-529
-909
270
-47
-683
414
-674
-33
-730
-951
-354
687
360
-616
197
811
-282
173
-869
743
741
-533
400
-878
849
-246
-391
709
85
-441
660
635
-566
-827
-387
-963
23
-924
458
329
599
-740
-495
990
-632
934
153
919
-177
-761
141
401
824
-694
541
-357
59
25
-433
-951
-341
-296
499
-571
361
798
-876
-541
453
-112
-535
-417
628
-68
-116
357
589
-209
-990
252
525
596
745
-64
-470
361
-272
-646
-187
-433
-209
798
-360
974
872
2
207
34
821
-794
-508
-713
-175
-28
-974
604
467
54
-149
519
-12
174
-91
309
-414
-827
-609
220
173
724
49
-961
910
-280
-783
-595
936
422
562
-746
118
-581
119
-501
-220
654
-762
-543
554
-571
487
-878
403
97
603
64
-180
567
-438
678
-617
171
789
-115
175
-837
282
-264
-970
-795
-731
-803
-533
-666
-909
465
135
400
-510
-50
-778
-553
837
-973
451
441
612
985
-229
-104
639
589
212
373
-269
190
-473
-422
-491
-571
40
-13
924
188
998
26
-485
413
-930
799
-964
232
522
-176
-8
-160
935
-997
-942
-254
196
-963
707
275
-810
-955
0
-954
328
90
-647
838
-576
-299
507
-522
237
-755
292
-365
-548
-819
-442
210
378
-636
-843
795
484
569
682
-734
122
-215
314
526
-670
831
-623
-169
584
-306
616
881
947
-850
-635
-849
563
-16
690
-730
-713
48
38
208
59
950
767
42
-882
-743
-991
-438
-591
-719
-9
448
268
599
488
7
827
-901
-410
968
965
145
-736
-308
989
-438
-696
220
545
-246
-274
-9
-544
923
634
271
601
798
-919
608
590
-807
703
846
407
-143
-213
-534
-461
549
776
560
-775
-956
-33
928
93
-275
42
728
895
-303
-476
202
-3
-537
-724
-65
-152
364
-296
-296
612
852
-123
-132
408
690
-627
-13
310
-65
274
-435
117
971
294
-416
569
-35
-211
-147
52
984
-182
46
902
637
134
-706
-880
343
-992
-924
-617
-201
622
-530
899
-372
417
-282
-297
-402
-57
-109
779
72
-455
-145
-427
-592
853
80
-858
-268
486
-730
-224
-638
879
-192
-139
-221
-233
827
-949
-666
989
-792
-452
-475
29
-648
-678
710
-709
-506
16
0
972
242
499
712
-907
758
919
-505
891
-666
542
361
-55
473
-917
933
143
222
549
420
-169
-563
-473
-288
-636
-84
-812
-949
-701
-70
312
-40
-141
459
-711
-743
721
-847
652
791
748
-301
-876
872
264
333
342
560
542
-493
-184
246
352
195
-201
-783
585
-218
-344
368
227
515
870
-797
835
257
26
121
190
-378
681
-954
399
-112
-937
-655
481
991
-391
-616
-682
-994
232
-864
-454
892
818
380
610
123
-294
-983
-546
821
-113
629
-338
-395
-230
794
512
633
114
586
535
-30
170
-584
535
-699
441
273
-483
-558
842
-715
636
526
266
-458
866
639
-338
-292
137
-813
-153
834
-791
205
222
160
442
30
-630
342
-664
-836
-767
242
367
-895
634
-913
470
-205
-272
922
88
923
-141
113
429
-507
-311
763
135
275
-430
-274
488
605
969
993
-383
137
-602
174
-939
-429
0
323
-179
457
880
-122
196
134
481
755
690
633
-509
-93
-234
1
-930
378
-131
871
-940
13
927
40
623
463
904
285
90
583
164
377
972
639
612
127
206
-773
-515
574
-434
899
511
-38
-276
-209
-381
-713
210
975
446
-796
624
484
419
-110
133
-418
484
128
-870
-397
984
725
-344
-375
664
408
-470
464
532
975
685
335
499
-285
-605
-471
-921
-196
-233
668
719
46
923
-954
-810
-608
798
-509
-632
-571
281
40
485
568
-904
-298
398
-199
582
795
-259
-642
-559
-806
-623
-440
-196
613
-378
-700
867
-107
147
729
-135
615
509
-107
942
194
-407
47
-132
120
463
-264
161
-7
-966
-364
-809
895
140
702
46
-422
-114
205
363
-904
228
-591
-855
-33
463
-103
-738
411
-548
789
-599
975
-501
-61
-825
249
-502
633
453
119
-97
350
-544
816
-636
580
120
961
-387
261
595
820
-363
-6
-594
110
-970
930
-962
342
968
5
20
-275
-79
-538
-386
-466
-918
-402
-69
-44
-574
874
759
370
-501
707
804
611
706
-490
185
303
-323
560
820
150
301
696
-452
-980
-349
-919
-558
897
991
874
645
-644
83
-197
-156
-125
150
-210
-466
-646
948
384
853
-587
755
499
-31
492
912
-87
257
-534
376
-321
749
-62
-941
-477
-457
-337
-262
-332
463
-699
-855
805
-906
-343
-304
301
362
362
291
558
175
-597
-271
-753
-913
-305
-750
185
633
207
-342
-326
533
-614
378
234
-361
458
-410
40
-686
719
-96
-609
-205
474
-589
-198
-770
504
-308
-223
391
137
-957
992
-217
-612
983
482
686
-327
-441
-673
-441
-294
510
-865
-73
-377
-858
-982
-769
60
-932
381
370
-343
-604
-261
464
-409
883
-402
-336
-654
187
-24
844
-569
548
475
950
395
-700
176
905
293
-367
584
570
-759
366
-691
397
546
850
964
-508
76
-170
-542
770
-773
-708
456
-610
427
-979
524
563
869
-453
-299
-28
-854
869
899
-851
-193
-759
40
-92
-443
-861
695
-305
-860
148
-312
511
-892
-978
-571
-231
-216
-677
532
-970
343
-706
-560
224
-808
849
-602
-99
345
-35
-998
-200
492
712
52
-38
351
-87
731
-360
-377
663
155
-922
360
-1
678
-935
-782
500
133
-854
-469
-431
-536
407
374
762
770
-141
-306
401
714
286
-175
596
-737
-593
-293
-701
-484
-723
733
-465
-140
-995
138
286
-758
262
830
172
255
-224
-485
-373
-56
635
-766
59
-820
-964
-854
-348
791
338
-96
544
-674
903
-596
854
-96
-782
763
673
-988
521
-274
-833
-571
-717
-193
-107
535
764
875
-320
308
-622
-592
6
200
-676
-124
-949
-299
58
-753
191
-700
487
-665
-635
233
171
166
719
33
-547
-502
133
-261
-826
712
-444
-384
128
-482
-941
-288
446
708
-976
522
-795
574
-519
488
-744
785
-601
-155
-335
783
453
-788
555
721
782
-18
-723
336
820
-640
-799
111
605
206
-766
713
-40
192
339
-509
702
376
253
573
-877
196
-575
266
731
550
283
617
969
-195
-745
-800
-973
480
-19
-988
481
-89
-152
-808
532
310
213
719
-284
-377
455
-753
-990
-141
-73
-60
348
252
-792
-546
-945
-838
-615
-487
-346
-864
-541
-889
-976
-262
738
-756
-112
470
-943
-587
-722
684
-978
533
-117
-501
828
-274
897
-271
-73
-888
-391
-218
-77
-510
-378
-154
-451
386
-113
585
-365
-822
747
-863
207
-134
-172
895
350
507
-35
931
-544
639
-960
622
-664
-541
-400
-491
498
-739
-931
-603
692
-712
-26
-899
-531
41
-135
12
-997
-450
-810
40
-871
450
386
568
-380
-625
614
-529
911
944
-537
-859
653
578
-431
-764
635
-985
861
860
336
-490
322
-349
-244
546
167
61
382
501
-361
675
-878
169
-595
707
-313
996
62
-668
-417
-291
214
-427
335
-369
234
401
246
281
157
176
-885
-433
702
-707
47
177
526
351
-463
53
448
-265
256
-381
-855
229
571
-594
-201
-313
-828
842
-610
864
996
-498
-979
-288
-376
-1000
160
-635
632
-857
-226
-178
760
809
210
808
-696
-751
231
-89
-826
724
364
835
595
-847
-569
-548
-861
186
-842
-325
782
-540
640
54
-300
647
-566
144
893
50
166
-485
141
-194
662
-54
-841
941
798
392
-951
-289
343
559
-907
945
-768
-74
591
-526
527
826
194
-637
-634
-921
782
555
800
163
812
116
-70
983
-270
-586
830
875
865
829
267
-115
91
-183
705
-370
995
834
-264
905
429
-970
-976
-688
724
-127
-750
-171
-630
280
-602
227
-6
594
894
342
-535
-989
272
-99
27
822
-431
-230
-814
710
-4
788
-270
297
-527
-630
-305
489
811
-157
664
-815
154
646
285
-287
-865
643
-742
542
-282
-947
-312
-903
349
-203
313
-518
419
260
-622
345
-68
132
597
-152
337
924
-501
48
772
646
-95
935
49
-674
-550
315
-753
-855
-734
-98
198
16
-46
142
875
263
-177
-33
695
798
-355
135
662
-140
-847
-443
-197
-173
-283
63
-368
-852
-908
631
-374
-256
933
-502
-404
536
820
-571
626
801
-437
-604
590
807
945
-8
-384
173
665
-397
269
695
-869
627
-638
-812
-145
249
-270
171
-475
-154
-485
-80
-526
-111
775
-685
805
23
-193
-378
-264
927
857
937
594
473
-606
404
617
706
470
800
901
102
636
-382
-1
-61
-385
693
-344
-954
167
179
-266
581
503
32
41
568
959
-397
-36
677
497
-863
647
774
224
-248
33
-120
-619
629
531
-413
-772
882
24
-895
-597
191
800
-627
-942
-420
84
74
925
-95
996
-483
-665
731
251
-681
-55
-269
164
-541
-144
-741
-122
217
-355
-824
203
508
965
-105
-626
918
-935
-802
-317
462
-272
448
-288
499
560
475
601
984
539
-238
-6
620
550
882
637
-939
149
548
187
312
114
-402
639
-969
-467
646
-314
135
-387
-684
-509
973
373
-126
-785
-923
801
-957
221
-465
687
-195
284
70
-213
-92
-267
350
-141
-396
-524
-870
-647
-709
308
455
-105
-351
99
424
-676
-426
933
-2
517
-682
260
-220
-105
-741
484
-59
-264
-849
-795
778
-739
-405
-766
516
-994
529
6
-942
-954
-909
158
-256
407
623
825
700
266
-712
284
342
-652
-223
739
3
404
-136
-382
462
-56
-692
313
108
143
893
998
10
282
815
980
-779
-884
-822
-511
-586
961
449
-243
-776
346
445
-450
807
486
-490
-64
-905
28
-610
-758
-434
453
-999
-355
-65
118
-676
-635
-460
635
-15
-862
983
-896
100
-416
-451
-424
366
978
-352
833
363
205
-825
655
986
480
-828
868
192
-334
-535
-895
-407
372
-712
-10
-595
165
438
837
-117
-12
-293
-635
-795
-576
601
434
-617
-980
-233
578
453
-834
-407
899
160
-522
-195
383
-140
988
-316
273
369
226
730
-558
-28
280
-939
-308
-958
79
6
528
-400
-955
895
-462
226
559
-14
-414
-978
-475
785
182
-692
-26
167
-734
301
-883
-687
-310
-764
219
-53
942
-251
-172
83
-236
-375
262
60
-156
651
147
-734
524
-734
-624
-572
708
892
-731
83
-948
323
885
-11
-159
-258
-520
-682
-130
-249
948
605
671
164
411
-634
801
-604
-3
257
726
169
941
534
804
-324
-63
-238
-147
817
532
35
-311
-792
-986
-19
431
-419
3
806
-45
-307
-976
-876
185
661
-479
417
-264
744
648
-392
233
141
249
927
206
-589
713
672
320
898
-108
-570
-447
208
-451
464
-687
28
592
-411
-917
778
148
-811
-305
-164
668
-280
-85
-343
-180
245
114
-660
-279
577
-401
524
937
802
482
851
-566
-162
120
-386
-418
-283
874
368
-92
360
-868
515
-638
-60
-394
-228
942
367
-273
-7
-964
-770
20
-662
594
-512
-807
-342
-777
827
518
-792
-903
-959
275
966
462
-66
-178
-451
979
801
-199
955
896
-219
497
-725
-164
-982
-360
-401
-595
197
276
235
-361
353
-831
817
-266
112
-79
213
-457
210
-508
285
-128
784
435
-505
-720
-682
357
-169
481
699
-635
987
682
126
747
524
273
-978
-586
-93
-594
246
-5
-330
218
308
-537
-130
-154
-379
512
-10
632
-2
-38
402
961
-487
566
-822
-982
314
773
129
284
877
74
-666
-962
-193
557
-794
9
-363
475
-228
888
204
747
631
-293
238
268
502
747
-338
-918
642
-712
-288
-561
328
13
-264
502
530
-251
-707
234
576
-873
986
-371
-264
509
993
309
88
-253
-612
-591
884
-342
66
650
-416
-292
-687
-204
-773
426
46
-476
-650
16
-505
-245
-672
938
-127
-992
-961
81
931
-773
285
542
686
-786
-739
-289
215
-914
-680
967
723
479
-39
287
-786
383
-47
10
-361
-40
-329
471
-356
921
-672
111
269
206
950
30
400
331
-983
-817
-671
-40
703
-64
483
422
-727
949
791
-96
83
-136
-873
-211
567
830
-160
961
-32
-732
762
243
262
-584
-602
-119
-54
53
227
-96
-753
-634
-356
328
-733
475
-895
-436
873
-487
321
-129
-475
-980
449
-222
-29
712
-693
226
-44
-867
-298
286
645
-535
-370
-762
-834
-969
336
335
645
581
997
515
140
899
744
-651
-931
-73
341
514
704
14
-977
179
327
925
318
431
23
-171
836
13
-173
229
-277
519
6
-311
477
-997
-355
193
-306
619
-913
956
-342
-860
-422
-829
-457
-693
-646
642
-810
-125
728
-735
588
892
-754
369
-73
69
-653
657
527
786
-185
192
-677
41
476
-835
-515
-58
95
-565
-69
894
-254
-304
539
-96
-217
813
874
-857
251
935
537
-995
-292
691
212
970
-456
-911
32
-38
948
207
481
220
-954
-433
997
-922
720
-237
449
342
186
180
-810
627
538
-575
-337
-749
562
-459
777
-378
-794
641
-81
-321
-760
-903
1
-766
-750
-517
-79
-151
-97
-807
-629
-544
247
-184
-930
177
-922
-319
794
-598
503
692
760
-358
498
221
-480
-965
-209
-881
-117
24
661
-820
-281
912
-588
295
-272
515
539
-496
369
-87
-457
462
375
226
297
204
173
584
-365
-182
745
272
-385
-636
-973
-992
-485
63
493
-22
981
831
-796
150
-2
-649
-494
415
286
680
796
708
677
666
-97
-722
105
552
850
-720
17
-955
-200
-950
61
461
-380
473
-449
487
601
-167
-198
102
830
858
645
735
458
768
92
-844
337
116
-124
975
-853
-216
-583
587
-931
-72
134
-325
-265
-980
-465
-274
-311
-598
974
-774
354
-760
777
-107
887
-545
-612
-973
-163
-293
297
762
-301
-961
600
-783
318
-379
172
-169
322
947
533
80
-806
-407
-837
553
549
-137
221
-963
589
444
598
208
-459
-359
-296
632
-658
883
232
-260
646
-985
-874
-715
942
729
456
-815
470
-235
578
-74
-985
934
-493
563
-836
900
-257
-830
846
-808
229
554
747
555
-916
337
258
269
-417
79
-242
610
610
-227
685
103
-49
285
91
-190
-574
-413
-64
38
-259
672
802
485
505
239
760
913
458
424
-515
987
621
915
893
381
48
-329
544
-93
-818
-992
367
-925
-794
-850
359
-131
-152
-262
345
-386
715
148
-932
-945
973
-793
-496
794
152
382
-560
284
-819
-528
-317
-842
289
775
-258
-274
880
31
-902
-814
418
409
-211
588
-312
863
968
657
131
-414
812
468
194
-625
714
-280
-923
64
-954
-926
-813
622
263
-788
-828
964
-242
-106
140
-480
-304
-952
837
290
993
-542
-649
7
767
-764
-393
-609
664
89
-183
-102
-423
110
-701
785
101
-143
-672
-671
430
-268
-514
-462
690
-815
645
70
-107
-440
-300
301
-169
-589
-375
597
722
506
-740
-993
307
-190
456
76
-814
913
680
823
511
829
-405
347
715
-62
-285
-155
-96
-766
463
405
-994
246
-926
-82
100
-205
592
-3
-697
-712
-874
358
801
-972
995
105
-135
-92
950
596
-518
394
-411
754
-317
-231
-73
-815
-565
-211
-833
-447
-689
-537
821
312
730
358
-173
131
512
98
-23
-793
-474
673
-19
-922
-591
-244
-942
173
137
-740
-956
233
362
718
-866
25
344
-538
-168
-593
780
671
-768
497
175
-976
-221
652
689
-597
856
744
-537
-561
218
854
303
413
-191
325
-943
-649
-613
116
-957
-572
-53
-365
201
-543
446
-510
648
-831
135
-901
-458
213
934
-581
831
-441
-343
715
870
816
-209
237
790
-710
581
18
884
639
207
408
-540
-448
-828
-511
116
-846
182
-594
-24
-638
269
554
323
953
-432
116
-338
-85
-865
-731
-711
682
287
-849
-372
-329
-173
630
-376
-840
-397
264
974
-923
988
-553
-293
-387
-684
-40
336
725
-168
692
-182
-352
-509
-948
-366
891
653
-599
178
175
863
-895
98
-199
462
374
-993
710
-692
344
616
856
-282
-757
212
582
-806
195
563
303
938
-85
-33
174
-42
518
862
-70
553
221
-345
-59
690
22
543
-460
220
-907
479
-163
-68
973
-876
-452
136
-209
-462
833
319
-893
566
-333
-744
-811
710
-904
234
502
455
-868
837
595
556
718
412
179
965
619
304
201
859
994
-774
169
614
-122
516
-72
746
-350
228
-723
844
-762
966
-621
164
-848
-11
960
481
-650
-698
-864
963
-112
-830
506
153
819
-882
516
-41
503
568
-157
-812
841
415
-198
830
-355
-369
227
954
588
-168
236
-84
-597
475
-727
-193
-740
-480
104
881
-803
743
593
-994
111
425
907
712
817
-118
908
-256
746
845
-903
691
-682
451
763
-668
344
-510
483
-750
-371
-369
836
102
417
968
462
-517
-869
207
-485
-342
-237
-954
-830
-160
-540
324
809
927
-963
-254
968
702
-591
117
-951
-419
-978
-984
-453
-806
-5
101
965
889
-230
-881
391
-892
-115
-641
-803
-18
-811
282
-403
677
149
-373
911
500
5
114
348
-414
178
360
-945
603
275
-994
57
568
-105
-350
-303
-771
-438
876
-344
-417
-74
59
713
257
102
871
319
890
-458
147
162
-316
-362
-831
73
-173
-706
-223
291
591
-805
-712
-383
-864
-522
-103
250
-250
-602
-398
482
-109
92
582
-875
501
189
-318
158
-589
397
-194
-428
386
949
307
675
741
-409
-29
-328
528
-39
-727
54
647
13
-786
983
840
-767
-283
188
-191
-366
356
-155
-273
315
639
540
148
-932
-126
43
-716
-394
331
350
444
274
274
-637
592
673
-777
302
624
-498
-282
761
118
992
680
-279
62
-564
537
939
-238
-41
-30
333
-735
-120
211
634
-852
876
399
-467
413
-620
-541
887
-284
-824
-204
-661
751
-145
996
422
-508
-890
881
652
111
254
730
29
-557
179
751
-825
415
-746
-300
-171
430
-772
-575
-699
938
639
857
-440
543
994
181
-878
952
834
525
-703
200
-56
-622
682
-154
-116
603
190
-378
-845
122
636
944
-8
281
433
-960
297
-905
602
-343
-984
585
-806
566
-782
-98
-666
879
-787
4
286
-348
458
-559
295
105
-183
239
-621
-866
220
-666
-223
-758
-540
-425
161
724
-728
-93
32
-211
-540
-234
-175
-19
493
36
13
872
-126
-802
-815
637
-113
48
870
-901
-805
-726
-82
864
-846
-951
890
704
-803
273
-375
590
716
-342
794
-550
-731
916
770
887
-810
-599
697
-152
7
397
-385
86
219
20
-292
944
-363
400
469
-864
-968
533
331
-698
-634
