7433
910
-869
-9
849
903
333
-98
708
-639
716
346
214
-138
398
69
-559
741
168
-209
-318
831
-40
-292
613
957
735
-808
-390
-127
-682
343
212
-568
-783
-244
-49
377
369
-218
-815
301
-716
-78
-7
-309
503
161
-972
-562
267
-280
159
-891
-299
-178
167
199
-528
-379
780
-496
509
680
-60
813
-694
-627
-325
16
-191
-282
328
-880
-937
-838
876
-127
-395
-964
-125
-437
371
-907
396
889
240
-366
-555
353
559
780
-768
955
-789
-288
930
-673
938
-133
730
-208
-96
-348
-161
-673
267
-698
-975
973
443
888
-414
-448
388
-550
-210
593
-52
910
-699
512
-672
-383
889
229
515
-859
-430
-812
-394
172
-593
892
-782
-669
184
-628
-398
8
399
498
-530
-454
228
786
98
444
-89
-817
702
-779
-407
217
-298
-41
619
-877
-998
-119
216
527
528
692
-897
-7
172
-121
-136
-963
1
343
-697
389
-238
166
222
675
130
574
429
-440
889
458
-603
111
-505
466
-261
760
979
402
104
148
-771
949
92
-822
-254
867
18
805
237
-92
-401
-822
970
-48
676
-471
278
-603
-509
-785
-974
691
-65
-219
855
-553
-804
-806
-173
-430
85
-200
-351
230
-612
-571
39
-228
-404
-552
9
-203
-326
-747
-950
651
682
-953
-61
803
-322
-983
492
-334
265
257
984
-679
962
-870
989
-866
180
-435
-480
888
-222
331
-881
-953
-376
362
-600
-387
-644
-503
-376
-403
-716
-591
701
479
769
-518
-532
733
520
279
-929
189
513
655
-266
250
-471
537
-834
769
-702
-269
671
742
-901
-353
32
-191
-934
-149
405
873
-891
939
344
778
-624
-811
694
630
624
-535
-512
806
-834
-981
193
459
936
142
-432
-763
-335
63
-549
878
-487
-837
-829
692
903
-866
87
210
802
-695
-759
-85
-257
911
77
882
661
668
-209
312
-500
-333
707
-350
516
162
904
-393
658
388
-922
307
53
51
-921
43
103
439
-174
-578
-177
112
34
-397
-589
-468
421
709
138
981
-192
-984
-304
794
688
-570
-894
104
363
603
761
-763
-11
-455
148
-902
239
-247
654
-102
-471
-737
975
99
792
-968
399
863
467
-941
196
759
-937
-183
140
-619
363
-422
198
805
-386
-730
107
-616
-981
-364
683
516
-514
-574
-479
203
-303
-166
968
69
960
-3
199
717
827
288
-345
6
-359
319
-234
760
-536
-206
-844
-149
467
331
267
-802
-35
-664
-853
-139
-694
-645
675
-387
637
595
-132
-500
-276
-9
991
-774
160
-225
359
-762
88
-49
-751
-233
204
305
848
-176
-609
-770
349
398
14
-23
-181
417
-330
-249
552
-284
-46
142
-352
283
-815
-343
668
713
-922
22
120
-405
761
-467
994
965
-693
-947
557
-234
455
916
-891
490
-365
-998
-18
668
118
-645
-667
918
819
-161
-248
615
-412
536
785
703
-414
200
-563
-566
560
668
219
454
-376
-376
832
-285
285
896
792
-729
-272
833
711
-357
718
-406
-19
789
981
746
-377
386
407
823
210
-352
-584
424
987
-539
994
-400
946
-80
232
695
-19
458
55
-201
-199
8
600
-192
-293
880
-607
-712
-60
-314
444
-77
499
-942
448
-806
-540
735
491
779
886
-830
-255
-418
379
389
446
351
728
111
-521
796
-548
-382
911
-596
-850
-207
-219
-262
942
396
475
973
158
-838
737
-426
-566
65
528
-474
-446
-300
-77
-167
-984
346
-145
146
-539
279
-45
-525
-554
-695
-742
-230
-509
833
973
947
176
588
454
318
-355
-67
-992
798
-920
553
522
891
226
-353
346
-43
-145
850
158
-907
231
-844
429
449
-119
177
-148
-948
-432
52
621
568
-195
346
-654
537
-461
-495
-304
-73
50
557
-626
-193
603
359
-372
823
-317
-990
544
-596
-541
92
987
298
475
-195
714
935
-537
-65
985
-356
313
-551
547
721
662
-870
580
-492
-83
-17
-897
934
-206
-527
-5
82
-535
222
-888
155
-371
34
-128
-272
896
705
-504
911
-419
-140
-363
-221
-503
798
-180
-677
-840
-294
114
489
-900
-749
738
-780
-440
47
685
859
803
-407
779
-123
-552
730
351
762
-518
-365
761
279
-827
-919
517
-910
816
-67
-447
-821
142
471
-723
-85
355
-34
202
-900
644
-281
708
-571
-249
248
-308
-688
-758
520
782
201
-321
-363
66
-283
-683
-95
238
-163
210
-359
-840
565
-548
579
360
142
903
-732
-420
-60
-744
972
-682
660
920
111
-928
846
-491
176
-784
-109
723
315
-154
-372
863
-129
146
358
627
-985
-910
-163
-347
132
-199
836
-517
953
28
703
185
130
197
-739
-357
273
-901
-107
-226
-314
-439
-389
-72
-789
-230
-289
728
730
934
803
904
-757
-411
-489
-449
813
419
-77
275
-320
-643
976
-981
-163
167
-29
-733
-157
799
471
489
143
524
646
532
-121
-63
372
-252
-557
894
232
356
904
821
647
-660
-622
874
591
-477
-866
915
765
258
-351
95
-85
724
617
-477
138
281
-130
463
-841
-166
707
-864
989
390
847
-2
-264
-517
-349
-507
65
-943
-72
-174
427
-400
790
-397
392
210
-109
433
712
-750
694
-999
-512
-684
-809
773
-573
302
-379
426
-785
-780
323
-709
-121
386
336
634
584
-398
97
142
27
605
413
-335
822
942
-139
848
-769
-286
-897
-538
638
588
-690
722
45
-187
351
596
415
512
113
679
-662
827
-126
920
-254
114
-797
36
915
110
327
80
-261
75
-355
706
-141
279
-761
333
520
-314
423
-710
-583
18
-363
-703
-689
847
-913
-313
788
-819
-34
673
481
-74
-992
487
-487
904
120
436
43
813
-418
-934
360
917
148
178
-958
485
-762
337
-964
-855
365
-650
-684
981
-224
735
473
-503
-153
-100
-661
754
-130
539
894
-403
547
530
106
-425
-436
940
-285
-927
-88
394
-177
959
80
-165
153
-834
329
-682
-414
101
281
-748
670
981
-157
-309
-526
-662
433
996
-104
-540
445
318
-852
-481
236
-468
375
-531
-185
729
853
326
695
428
-923
-602
701
-282
812
-987
620
664
999
179
948
370
-917
802
-5
-714
-710
-242
137
-757
21
359
608
862
-88
719
-74
210
-985
-737
465
56
99
692
-818
-262
-888
647
-754
113
-538
170
-674
310
362
-835
-31
261
617
-671
-612
750
409
-28
862
838
491
667
-567
954
-632
-306
-207
-445
327
-868
976
293
281
-977
-108
577
449
-725
-570
187
-445
336
-344
390
-984
784
-38
42
-917
58
-72
8
-733
51
884
-972
-770
214
-693
-383
390
83
567
891
738
371
337
-530
700
908
-672
500
474
-449
34
-581
-452
575
-682
916
-255
636
-332
-536
-683
93
-822
85
-405
173
-348
-810
115
92
-330
945
-327
-954
569
250
698
-128
64
997
-781
478
-347
25
919
-766
85
783
-659
-560
997
-982
196
-308
928
-80
196
901
270
423
-877
-149
690
427
448
-37
-192
971
511
267
-183
-397
-798
49
-172
-140
-832
-290
443
-64
-508
952
-321
-62
789
-635
105
394
717
-157
543
-138
-71
900
239
972
-308
887
810
659
-480
802
-496
546
-758
-325
-892
-48
-887
-954
-661
-53
-662
584
-409
900
155
91
-182
-185
-598
778
-679
328
-855
-260
160
793
465
-179
204
296
0
984
-824
-251
97
-287
-9
-382
-362
46
138
-861
84
854
591
148
-54
-862
615
794
-401
224
-350
209
-344
262
138
-779
995
611
-600
-627
372
-207
-954
721
-775
-393
450
-756
-197
635
876
124
-572
-843
573
38
119
-850
-28
-729
752
-521
589
134
297
-858
880
-475
438
-357
132
357
-529
-415
-818
-295
-121
-479
282
899
-739
-688
4
-165
-66
616
4
-786
101
324
-988
307
-799
596
-961
-455
401
945
759
300
-514
170
-29
-442
-571
-707
771
978
784
-942
738
-964
-144
-271
503
-860
-712
404
408
337
-39
439
-996
-718
-794
475
-150
-881
-509
-982
-381
-977
367
-380
-583
3
987
152
-405
-241
950
879
286
425
806
-61
-983
250
245
-515
-547
385
-618
-373
-913
679
130
-177
-60
-915
548
453
984
49
749
-179
26
496
596
-90
-121
917
158
940
226
-977
37
-1000
-883
-751
361
310
935
-541
400
644
-110
-426
-389
-234
447
325
-874
-810
-807
311
555
-856
-246
-848
421
28
606
695
-612
-723
802
-637
961
-202
648
-418
471
-892
-885
28
76
935
-791
244
179
-206
193
-611
48
-222
586
-188
815
-69
638
761
369
-995
658
826
-732
-714
451
391
-595
257
-82
197
597
-932
-165
-610
445
-393
39
293
-481
776
-579
391
883
796
561
525
827
-408
41
622
-164
-947
904
-94
-823
-678
-681
81
-819
315
306
-887
949
-945
-579
-594
-1000
328
673
-804
884
364
-345
713
662
8
672
-618
-284
755
-706
563
-37
896
-413
434
497
206
36
483
-570
122
-743
-817
716
52
340
-799
-960
-401
683
-930
436
-895
-860
181
-870
698
76
-686
-49
386
147
732
-991
-901
-1000
542
30
454
397
-797
-437
-383
279
682
-162
-50
-172
201
-631
-705
-920
686
-892
-916
-74
625
181
439
200
149
542
-169
716
157
355
-255
-405
-613
-74
-346
598
259
561
-59
383
95
-273
-528
-719
-564
-840
-116
717
881
-24
-46
-989
-961
778
818
105
-204
-26
664
779
-342
-252
534
63
397
603
-431
851
-55
-133
-360
-410
-623
867
-129
607
348
-656
-86
-546
-86
-333
916
-178
533
270
-528
-461
579
699
982
-11
951
-360
879
873
71
-61
-148
-327
88
525
224
815
709
62
223
-893
-241
694
-530
-82
350
123
105
-709
886
-780
19
-487
-267
-879
-728
-225
-136
772
-177
829
285
-80
907
-630
-764
268
-303
-177
-866
-140
-333
496
-265
-275
955
386
-943
739
371
-18
-171
-559
-751
-368
830
795
-223
-548
-255
843
-854
-690
-796
983
290
-500
-624
604
845
-790
337
329
-399
570
810
122
197
958
21
-82
-584
-789
408
8
-387
700
420
63
500
736
630
322
-780
-95
48
-68
-203
-830
690
-849
-950
-844
-750
656
587
309
331
911
-176
-907
-415
658
570
166
-110
605
-84
-384
-648
896
-938
-1
716
-548
770
-758
4
947
679
368
893
571
955
-384
-796
-193
742
917
269
-653
609
-852
-809
593
-323
-332
871
613
721
961
272
-415
251
-147
661
-546
199
-196
-539
64
717
730
-555
-908
69
707
859
-1000
597
414
294
535
-805
679
-741
208
743
984
987
-829
-160
163
384
55
598
-802
-874
106
-825
300
86
150
-693
-316
-483
445
-998
-192
28
-863
158
-651
-647
-223
979
985
-942
84
-310
-122
242
-661
301
-295
-805
-617
-403
-937
83
-473
-681
-579
412
-757
517
739
363
-822
864
-660
-725
156
-45
172
-774
-699
-517
71
-672
543
171
-878
223
-766
45
-376
-922
163
-526
-981
544
198
-983
-11
266
193
-66
793
146
191
122
-629
763
990
297
-615
-356
870
185
-43
328
-10
782
-464
120
204
-958
932
-843
848
186
-946
-766
-674
-876
-698
581
622
-292
-756
-362
354
29
-159
880
-197
756
-65
565
-376
-111
-298
-305
941
215
-508
272
-964
-93
496
122
2
505
468
267
144
-759
468
-767
772
673
463
859
-588
-20
561
-944
471
-40
146
-584
32
-619
671
184
-793
521
947
-661
614
161
-671
-436
-307
914
-815
833
-334
542
-60
-799
-568
209
70
581
-677
747
-352
-596
886
-136
-394
553
705
459
-29
999
314
-631
287
429
734
-238
443
333
-843
-230
201
-234
-137
-123
138
521
-945
-350
581
648
410
-962
561
570
76
681
304
636
751
-362
136
-174
121
-293
-290
-230
185
169
-127
369
-275
-843
321
239
804
-395
-886
206
939
6
849
-8
-522
58
-903
-658
-612
-305
818
-139
751
-694
512
-502
-617
-877
707
-825
-309
426
-712
-787
11
-345
987
641
-884
-129
359
-637
321
-285
524
169
514
-366
-532
-485
620
974
130
-888
565
-564
-641
-138
410
-795
82
-250
599
-854
451
-971
-575
-732
685
-786
404
969
-234
-882
-939
827
-36
832
-189
330
-611
886
542
-326
-573
729
115
735
10
375
-236
244
-864
-244
-991
331
808
-36
421
447
378
892
-545
-778
-86
-512
810
978
-380
591
-436
902
-927
787
-440
886
-135
732
768
-105
213
964
10
-187
-625
61
125
-316
-951
-329
9
-610
-186
237
177
-134
-135
-577
854
270
56
59
-223
923
652
340
-52
-217
696
-283
749
392
-588
-145
560
460
-363
-371
400
-778
842
-135
946
611
-187
-361
-801
-182
740
495
540
49
748
168
759
-564
673
432
799
-639
756
968
800
327
-550
252
-550
-723
-156
128
718
391
672
-362
-875
370
-116
445
732
153
706
931
-449
16
84
778
33
318
-27
-423
-859
-744
-622
-279
-595
167
-436
224
332
459
418
459
554
-646
79
867
292
-847
61
-78
156
107
-971
-928
-620
287
-427
-730
675
147
-324
563
-702
383
901
-244
-106
-707
445
-690
-662
924
-622
288
120
547
-469
-572
-204
402
-866
236
-76
324
-350
-375
-320
-926
-286
-338
66
305
809
755
-406
-405
-576
198
-271
219
-110
-469
-136
562
-903
84
413
-874
583
396
712
-278
-910
-642
-280
217
780
-637
645
-676
-34
775
178
-69
993
-355
241
-544
345
825
-126
791
687
395
-182
-446
393
-308
-628
136
-920
-240
-58
-835
781
-132
-357
797
-696
897
-776
-782
-449
-490
-779
-298
376
-524
-837
386
484
-998
236
52
215
433
899
-865
632
-950
-167
460
641
820
337
559
-205
649
113
-12
-678
840
-67
440
-824
-371
-574
-235
-639
-772
-181
-779
-189
-419
35
-617
-657
-558
-711
958
-248
-892
-663
-857
-329
42
444
291
617
347
-370
-957
326
-69
-488
-990
-642
-94
-662
604
-63
266
503
252
-453
-857
-836
610
203
-991
-802
148
-529
-308
-721
-805
286
-631
-307
-289
-655
421
-985
621
-609
607
61
260
-685
711
-205
-401
-740
-174
-15
-484
673
-214
714
795
335
-718
-73
-477
544
408
-800
-114
537
211
-810
277
929
-149
96
806
-519
295
608
-943
109
-158
416
-318
-571
503
399
-919
808
796
-910
-362
-178
139
-663
703
-689
-454
303
-652
-386
-804
205
-839
-324
-95
636
882
-470
744
-732
-50
-594
917
-826
170
-831
62
355
-937
804
911
343
-555
-388
-467
-10
30
65
-568
113
607
446
73
964
-527
-906
-613
-289
-346
980
-682
671
-385
28
-634
376
506
756
186
354
809
297
824
-850
894
-801
847
883
66
-232
964
472
-75
-576
-642
896
-833
-989
-291
158
-363
348
-860
675
-312
-6
151
-53
775
497
16
432
756
-917
876
249
996
-887
-366
212
-672
-822
708
811
-727
-26
-674
725
232
-681
-853
44
963
357
-202
-826
972
829
270
-158
-876
-595
-77
-255
-68
-194
381
-769
-660
558
-851
540
-868
554
-117
972
-177
309
-899
-585
-736
647
217
989
-123
980
-47
-982
848
775
286
-126
309
475
-984
745
821
711
49
481
760
-380
-31
769
-278
124
-916
-209
636
-720
16
-86
315
5
-469
-618
462
573
-551
788
168
270
858
-867
798
161
-766
236
-349
56
-805
725
878
-691
869
38
573
-268
-627
56
-941
284
731
-847
-867
-521
-523
-22
-686
-365
625
-72
536
676
-24
250
-893
-848
-10
-515
633
599
990
-865
897
781
-325
-978
810
998
33
748
920
205
-911
-446
617
-336
-213
-306
981
-165
-754
-870
612
-129
219
-182
473
895
-232
402
556
-857
-304
434
-42
-902
-633
-257
-923
-986
347
-226
784
294
551
208
372
-332
1
597
-948
120
-429
142
543
-446
-905
851
-429
-480
-453
526
400
-548
-908
2
-880
-202
-418
-757
594
441
401
-717
349
-724
80
142
290
807
155
627
-230
-832
341
-936
-674
945
-832
-359
982
-488
19
-268
-583
123
-163
900
-397
-571
884
-217
-923
194
358
-642
-843
611
-223
-734
246
750
254
-723
595
-379
-393
-340
517
561
73
-673
-172
682
-907
-359
346
982
-559
75
-525
-627
-388
424
-751
-411
190
-188
12
574
669
222
-298
987
-964
-761
828
-405
-818
-675
-72
-812
344
489
627
-900
725
-335
873
-957
-13
843
133
-160
682
192
-837
-330
-3
952
724
-318
489
391
228
68
-22
67
-9
-600
173
-575
394
368
-192
316
-281
399
742
-463
-968
277
231
665
-68
114
-925
404
407
-711
535
-258
-493
211
312
-607
-155
268
253
-777
987
462
601
-294
513
887
-779
795
34
-838
108
123
156
352
272
968
316
-552
571
439
-472
-110
-832
-709
-484
-812
127
-208
972
-345
679
903
-519
993
-715
606
-721
191
-117
-630
858
-513
-691
596
-936
-920
612
-211
634
70
709
335
-652
-474
-100
674
-252
-870
673
-936
543
89
397
118
-169
918
870
-609
-599
283
486
-562
-910
-701
-902
-929
-798
49
358
811
968
848
278
-593
-979
-777
-97
-744
-99
120
-733
429
96
598
-988
-728
648
-799
880
562
-190
656
298
138
-18
185
393
898
-276
687
762
407
252
953
97
635
-136
107
-355
-416
670
708
25
-14
-444
-605
622
706
192
422
150
-277
-96
-640
875
211
675
150
-898
176
955
-377
-444
132
-70
886
795
-90
57
-539
218
318
216
368
-762
253
-545
-254
-671
-281
-701
344
940
542
277
49
461
220
-220
-562
796
-20
18
-4
616
-666
772
-854
823
-970
275
25
746
-745
-384
-32
-850
-111
613
249
-193
395
246
-436
-873
127
-458
-27
-27
-342
837
900
-952
-404
599
82
426
-654
-160
731
170
-675
92
-484
401
-322
491
-87
-522
993
-87
-453
414
147
-500
-571
427
770
-362
-510
501
-880
283
621
-522
674
-516
-963
222
-693
130
458
71
-16
710
912
19
-600
-532
-177
626
-574
-832
-324
176
-605
297
168
-5
-822
-421
-181
274
-46
585
-435
-776
-300
982
305
-472
-779
236
-226
-861
291
-586
-789
693
-520
152
-698
517
921
94
577
-853
-370
866
-7
764
429
-73
-875
-624
629
-349
-537
-443
-492
601
-910
-164
773
-348
-455
-639
-726
704
815
-519
-606
-447
353
900
-8
487
44
641
24
-822
-884
449
813
-177
-910
163
-724
589
561
959
-905
841
901
974
-401
-739
576
982
681
-505
-718
-252
475
621
309
-30
756
-81
851
952
-763
-171
36
350
-832
-905
167
-336
-693
-852
-756
-70
257
825
-308
-845
22
635
-346
-730
-172
304
647
-198
38
-288
-75
340
193
169
-456
-109
-342
967
854
9
-424
-957
-87
-551
855
-142
703
283
-426
879
845
-179
-386
-525
-464
-668
959
-97
515
144
360
140
582
-659
-685
938
-63
453
139
-299
-315
-125
-742
886
-485
-749
-716
-842
-165
262
874
237
-613
-415
-501
904
-238
228
-467
-504
728
680
116
-489
-996
-750
-515
294
993
612
-134
626
454
83
-405
-523
241
-189
820
-87
119
974
-496
-777
-246
147
130
798
480
315
676
831
508
-984
-625
-988
-213
86
885
-655
-963
691
494
-829
-339
-293
-19
212
-625
-757
318
-127
-923
71
-82
691
-257
-696
583
617
-211
941
-745
775
705
-830
220
-696
-666
686
-818
942
839
758
936
-870
-51
-241
-940
-569
649
-783
131
-719
74
-794
358
387
-4
-542
253
142
-370
-627
-935
-171
-67
444
-945
133
418
-355
699
-574
324
-399
430
-163
412
916
198
498
292
-169
73
-755
-6
-561
-802
588
39
54
904
-752
726
-160
-593
-899
-77
936
-51
-735
34
-56
850
-303
377
-168
724
223
-901
157
678
72
866
-749
-460
-854
-760
-987
632
-158
194
105
524
179
-166
985
653
867
535
-196
361
-289
-469
-317
-811
-193
-903
-946
412
885
-543
-97
-968
878
601
-681
358
-261
-599
733
-806
553
403
269
942
268
862
-563
-440
298
-130
410
503
-188
849
257
553
400
-248
-263
413
-863
-928
-418
-737
88
44
-407
758
-572
-543
-886
438
804
461
104
-30
-146
-283
959
34
184
-790
-264
-452
-269
919
-410
578
375
698
220
-664
441
-4
-643
-559
-278
95
523
517
-135
-813
785
817
-567
677
860
-357
-995
436
-396
479
-465
129
-136
-997
-16
-526
455
-572
-119
-765
-757
-109
-128
-21
-544
-224
311
-650
819
-519
-449
532
-395
655
986
781
-321
-531
-83
911
-961
-347
-476
-170
-624
-119
-209
422
-744
-685
-6
136
-630
-462
-277
-273
828
-463
-236
-810
-972
198
-535
-201
-261
548
395
-278
755
-227
691
153
341
151
-806
189
691
313
-427
982
492
-365
-274
-949
654
632
685
-676
357
745
310
881
-127
-562
-5
770
502
755
610
-991
366
862
-30
551
-39
57
279
442
740
-672
-251
280
391
840
-984
-814
121
-695
-374
680
686
-710
638
-291
704
-24
954
-297
-597
-814
-543
821
-190
-636
-690
845
-656
462
477
-431
-295
-815
739
-787
223
-427
-354
-816
-608
-758
838
-875
604
9
371
-627
-364
645
-407
-406
-338
-684
878
490
-731
-684
-532
334
237
556
673
-26
-571
-368
675
-84
773
-160
706
185
119
302
-714
807
866
-342
183
693
385
-165
188
-368
626
700
459
-604
-774
-751
-290
-433
-459
-363
-793
-434
-100
-94
-38
-809
-192
603
713
-975
-94
521
973
-524
-363
-160
31
-471
811
574
551
605
907
720
-788
-472
-604
496
346
-332
-852
590
194
668
-702
-294
-917
-238
97
-100
-314
-99
-651
720
607
702
536
417
-33
-51
-683
-975
-113
693
174
-734
-697
-8
-663
676
980
736
133
43
551
852
570
268
426
227
671
789
799
63
-331
838
-911
201
-272
-656
235
22
373
824
-313
-565
959
311
606
122
444
-543
-258
424
533
577
363
842
-70
765
-52
924
395
171
-810
557
996
176
-58
650
432
880
-41
38
366
-584
-381
323
-175
531
-426
-880
801
316
734
-897
-641
-383
303
-366
-347
-607
-796
513
-628
-910
96
298
311
-287
274
-107
125
807
-426
-413
692
932
807
515
-855
698
-717
80
-452
-7
552
507
-633
146
-886
800
431
843
518
-825
-636
-98
272
-470
-317
-722
681
-818
-598
247
925
592
-821
128
-952
221
-118
128
-807
413
560
410
-978
-338
-990
679
-225
841
508
-833
519
-190
743
579
380
-543
858
-390
272
-616
348
389
736
849
743
-191
825
518
504
-103
923
412
-701
646
326
76
436
-588
-735
239
-224
561
-135
-250
-694
-715
-762
900
-895
105
634
-296
103
981
930
-118
-676
362
-145
241
-967
873
-146
-1
-440
654
-973
-854
672
940
-395
104
895
-346
642
-250
880
920
-349
-763
-835
160
-613
722
398
-628
569
0
-594
672
-276
243
974
-892
-202
-980
-733
-8
841
700
971
-859
-337
215
-867
-286
-650
215
-66
-193
439
-438
-960
-398
-25
409
-523
859
855
965
577
-746
342
384
-306
-659
-377
773
536
55
205
470
-184
-559
-814
-640
-65
952
391
461
568
944
-778
341
496
-333
-477
2
-959
-407
-703
-17
-791
417
-911
587
-630
-22
-476
-320
299
-336
338
-5
204
86
419
728
39
508
571
-325
-863
-723
115
12
911
472
-846
848
982
57
-469
369
-117
532
-705
282
745
-995
435
304
-448
406
812
-304
-598
86
535
-527
-502
770
549
694
334
11
531
-397
-269
-491
616
-776
-265
-529
-888
-241
41
611
-458
606
-659
-389
726
394
-245
622
-145
-344
-761
38
-352
865
-164
79
842
-63
658
-353
74
284
622
508
-630
-338
424
430
269
765
872
899
57
-50
-710
872
514
-720
561
315
864
296
263
810
594
-102
753
-825
428
866
-303
-181
-532
844
118
-77
-261
6
31
444
-434
-577
-820
455
156
604
-475
601
-150
999
-12
945
-702
-428
-35
38
-189
-382
-322
861
-687
-518
-959
-492
-291
200
894
14
-49
275
-467
75
-769
-518
890
51
-140
-548
625
-144
-892
884
-71
-555
-806
304
525
-578
-955
-516
-731
933
636
768
163
174
-400
419
-695
-928
522
906
841
-255
692
-576
-220
892
420
-924
35
-735
66
650
-140
874
298
-913
860
198
-659
-259
-453
-140
-910
102
78
205
-966
-160
621
141
-287
-146
-844
432
832
407
799
54
80
886
879
882
-919
-931
-583
133
-824
390
414
-831
-737
-633
-155
-867
-58
-271
-173
629
-273
6
-435
-534
679
-684
-795
-499
-839
-734
720
-253
-532
-378
-504
-842
-691
897
237
889
695
-824
438
85
814
-560
-971
-684
-692
-252
-71
745
-893
326
93
602
401
-224
-643
-628
529
213
73
474
445
106
690
-911
417
-486
418
746
668
-102
-392
292
768
-166
-560
414
328
852
658
191
-471
-379
-943
146
545
-443
-621
-911
284
-987
-736
364
-474
-285
-765
70
-757
45
-915
-483
-663
944
57
20
-665
171
859
750
943
997
450
681
70
-952
-180
-171
-371
760
905
-576
-192
-156
423
527
763
-56
-916
-837
-659
-36
979
-283
612
397
461
711
600
-490
424
649
-668
-645
574
-627
350
-463
-124
231
536
-3
-109
-644
-1
-1000
-908
807
-447
-917
-93
-878
-516
61
-506
-409
-911
678
711
-958
-761
-305
-835
738
251
-631
-215
-691
-603
630
524
-195
855
567
-682
91
-962
563
-119
854
-453
817
-324
-48
-5
419
-245
598
690
127
236
-487
295
635
-563
350
569
-76
-856
78
-273
170
88
-22
812
-324
694
448
689
571
-868
-861
381
-290
-134
649
-912
402
839
822
285
-293
959
32
-291
44
-805
544
-192
-977
-481
20
223
-959
-804
-541
-915
-99
54
-802
44
915
735
671
731
-699
-334
689
-963
-114
-788
-196
-491
895
501
763
493
-632
-3
-420
-698
-65
-751
531
-118
-176
300
-437
-147
193
42
667
50
-384
712
-256
74
-661
903
652
-345
-196
-912
-949
735
-609
-223
94
603
162
789
-633
831
-504
146
271
-348
25
-388
263
321
-70
-681
-615
777
948
-102
426
365
676
574
-226
898
862
101
440
-867
-818
136
-131
-725
-291
361
-460
-963
-67
-345
876
-159
402
-720
-503
-996
508
-415
-691
275
-171
328
-625
536
-701
-853
-85
881
-774
737
182
645
-143
781
204
-112
-304
172
-201
-74
627
-300
-834
-732
-259
-484
152
-94
125
619
-373
-988
405
-392
534
-496
-323
352
471
90
-797
-569
681
634
-676
-43
-546
-592
220
546
597
-626
-626
44
-552
-957
32
-460
645
279
-641
-694
759
258
-982
157
352
456
885
-76
629
-401
-883
-118
-42
-255
2
900
473
-356
406
-50
898
647
-879
-12
896
-384
-386
-691
-698
976
790
673
-91
-97
663
683
-493
-572
-192
-647
-837
997
-980
-768
17
557
88
-99
959
747
-237
358
992
-985
337
815
792
-17
-804
-55
-129
272
-825
-860
-855
-95
-48
405
787
328
658
595
395
448
644
-500
428
-910
162
308
-731
624
486
-563
165
-879
-110
802
854
294
908
-3
-125
-309
-810
617
-137
-855
506
-607
51
-343
-673
-89
283
-829
-806
241
157
644
275
766
-609
366
-894
599
101
-199
983
-304
-356
359
228
61
-234
-458
791
450
-334
750
-569
354
311
-310
-998
-167
909
979
-624
-827
-104
952
-304
-257
305
-166
494
824
451
372
-395
-18
-161
-552
694
-770
-387
-732
-99
691
-384
-589
-115
-868
884
-305
-328
-564
390
-924
-20
-453
-544
721
-771
874
-657
-520
-213
-140
19
245
-208
-737
995
-469
-24
834
235
-951
13
-543
-685
443
-690
771
-579
-499
540
-75
842
378
-367
-41
-791
915
317
-92
285
-724
446
-321
-598
-576
-949
152
-244
-204
-451
-450
116
921
-645
-161
16
-69
-832
-773
-746
279
-725
-425
-131
265
755
-851
936
-349
613
-960
271
697
-468
-931
891
-615
603
-275
-210
377
73
983
989
-743
618
194
732
-345
454
-408
324
257
-423
342
-589
-76
454
289
-224
-877
553
-798
-183
-412
-665
-814
891
261
612
497
-707
-644
161
367
266
188
-225
-947
249
162
-219
-626
-822
-817
-775
-872
-704
-943
-497
-329
-763
393
988
464
334
65
709
-110
-275
-201
921
24
-835
-894
119
331
-339
-442
397
117
156
978
175
-655
573
310
-608
-242
-329
-111
-336
-46
-452
-391
-285
715
180
-332
-311
577
293
-61
447
-921
33
-577
-319
736
-739
-421
-454
94
-823
-455
570
981
240
649
-158
927
142
-869
-785
152
-823
85
817
10
909
961
519
611
-456
-18
185
-254
671
-825
-814
-912
123
-208
-24
283
-300
-692
120
-882
680
636
-253
140
-681
530
-225
-404
398
771
667
-578
-529
843
-140
-452
441
427
45
-500
425
-659
622
-959
-19
136
619
529
-159
-65
623
-575
360
419
-778
-612
-568
793
724
995
514
-25
-427
382
-804
551
562
-688
621
238
604
393
-363
-378
-935
758
774
791
-968
675
179
-27
482
-192
516
-205
703
705
-893
101
818
47
-74
419
435
-292
489
313
519
-892
23
299
-963
-18
-635
902
679
66
795
962
355
165
32
596
-539
864
-399
287
932
-785
-83
570
926
-539
928
269
-488
284
202
453
21
-774
619
-873
-510
415
270
-831
652
427
-609
-516
591
-36
-438
-114
-291
-203
-430
-181
71
-629
874
-564
74
-599
-877
776
441
-317
-589
-850
-638
519
62
293
-128
-145
932
-117
-899
-909
-201
-215
866
-436
-441
103
732
-620
875
-340
-564
664
-146
414
972
447
-572
952
9
-988
584
-166
-463
-865
-460
585
618
-637
491
967
-627
672
182
909
-819
-984
217
549
-408
847
-591
293
233
-757
733
-923
487
299
246
-542
-467
884
-147
859
487
-969
495
584
-250
814
-441
-214
-256
901
-256
189
567
-299
885
459
580
667
632
-70
-384
888
-533
-763
-513
626
-962
-487
-599
-505
-843
133
678
-495
-907
-507
501
741
268
392
-966
-90
810
-852
-926
-234
-353
-964
-252
-403
114
176
-827
2
572
626
456
950
-49
193
160
-528
662
958
564
995
-230
164
-882
635
-467
-667
-497
-410
455
239
755
-48
443
-723
-596
183
918
-839
254
-35
-973
64
470
-724
-563
-178
-41
948
450
-952
339
-241
769
377
-541
-11
-192
100
-221
827
332
-488
-803
551
-787
-127
288
223
-27
-53
-163
95
-474
514
-515
-952
-547
-27
162
-10
-785
-279
745
10
654
537
-103
502
343
842
955
808
284
829
37
285
985
318
-891
775
-939
-310
-746
-631
663
-147
-606
255
178
-903
-203
554
799
722
-423
585
326
103
419
211
888
-5
-582
913
395
-703
735
569
931
-618
125
-939
-966
664
-82
-639
252
-939
-552
627
-271
62
-173
-794
-25
-886
-633
926
604
-265
390
304
-587
-453
259
-614
-354
249
622
-339
367
798
446
411
-906
-69
-807
283
855
478
339
762
685
249
16
-53
427
-444
648
687
-796
-659
-426
-720
-893
-722
252
-937
-56
151
-489
-371
128
202
651
-449
-432
-426
811
698
-483
-869
407
-554
554
861
210
288
319
179
-82
-545
451
-274
279
727
-842
391
-375
108
-290
-351
-18
510
780
-146
680
115
665
510
599
131
770
-575
152
317
813
-978
203
598
-41
-20
255
-495
-324
845
892
-966
-958
123
-116
285
243
650
-474
788
-987
-546
89
-963
-441
-299
402
857
-998
68
762
-335
-118
-912
-449
-236
919
-557
974
107
948
-689
-887
141
363
-370
442
110
347
-217
372
258
-288
-675
754
688
-306
-703
848
-223
585
840
466
-184
915
-72
-364
-117
-269
684
-178
-336
-514
-554
4
915
-859
-92
-840
19
219
-805
460
-675
-383
624
-56
-577
-304
582
-636
639
771
-287
-861
-588
-706
-471
-468
690
446
-582
694
-829
223
56
191
-895
-348
-304
169
176
759
-406
209
568
-291
987
-162
-944
644
198
-493
-474
-357
754
-672
-21
223
-665
955
651
-226
-142
-489
698
-470
392
-754
746
-820
-937
209
537
849
-296
680
-553
-922
721
-232
502
-133
375
-928
458
-105
-320
-945
335
-327
39
-729
618
-923
840
-122
-120
851
667
-185
722
-960
973
580
370
191
-166
821
-256
336
920
-38
-827
763
828
112
848
-694
-641
452
230
144
-549
610
756
-695
-640
664
737
911
228
-388
-273
-906
-522
566
976
-27
-957
923
-796
49
-718
-456
544
792
778
-41
-229
695
-909
753
-413
-936
761
240
941
-980
-899
992
264
-751
391
-767
498
880
598
-5
-603
-314
183
-1
506
-356
-140
742
-995
533
-877
985
-144
227
656
315
970
-233
885
343
-840
-173
-923
-591
-301
910
360
-276
450
-333
528
-376
-442
22
891
-171
-45
277
993
520
47
-362
253
73
115
242
377
279
958
-418
-335
-503
-503
546
-742
338
741
-247
-436
-49
-655
995
-407
-752
-185
730
-14
224
566
-401
-609
547
330
-624
-213
476
-441
-263
307
-168
-667
-317
931
410
-123
909
561
-828
-846
102
597
-738
419
-923
-699
694
861
-155
640
149
-187
480
-768
-470
-558
-522
530
-859
705
426
-462
786
-718
41
-769
-177
-720
344
-771
316
494
538
954
-625
-35
747
-744
80
-182
123
-807
40
820
-150
-471
-719
-229
-68
837
-983
-492
-358
761
-967
-119
965
535
300
365
-649
-76
95
397
-792
-884
708
-462
457
102
-126
803
961
-206
-948
584
338
-546
-356
-167
-569
952
-932
596
-372
-578
497
-498
-22
865
85
273
-626
-904
-929
-413
-12
-687
-751
-553
933
-830
-706
-323
810
-722
-842
-492
-436
979
-161
64
650
-241
-159
823
726
-829
-385
885
813
992
717
239
80
942
194
20
-317
-292
-597
-896
274
497
633
-502
-677
-15
-903
-259
908
-981
559
-284
-758
-257
-530
-482
-325
-195
-171
786
-15
-936
841
-20
99
-934
-133
-828
-967
305
-410
64
500
247
616
-656
-489
-945
-694
-473
310
-645
718
809
474
587
500
-928
734
-848
41
-343
58
-914
-116
-869
-391
-817
494
279
-903
-539
-986
171
414
-184
-82
657
227
-691
941
-459
894
-649
834
595
655
999
938
-146
869
-449
-466
-466
29
949
-772
33
-536
947
-976
370
631
586
-466
-906
149
87
783
723
-158
718
806
411
904
451
-466
727
-980
696
466
-881
-606
527
-440
789
-659
561
298
-655
-894
232
-701
487
-104
-889
-589
21
382
793
799
968
-936
406
264
462
424
-174
454
-713
757
-336
-544
597
-421
-187
-357
258
-626
358
749
-288
-404
883
301
763
-305
-851
-551
395
-69
786
-878
-906
362
-166
648
-766
-15
42
-786
472
-913
533
474
-876
-126
802
891
-935
-619
-215
-441
-927
-790
-713
672
-206
-448
-974
-285
701
-783
6
-547
-673
-645
269
-647
-198
-151
-19
890
894
237
-949
-158
-143
748
365
-563
-530
-570
-899
-19
-791
-336
-182
770
-303
-656
985
310
750
676
-232
162
-791
-480
499
-160
651
930
384
-305
-578
-45
596
-756
623
-19
-808
772
581
35
807
-702
988
690
622
422
-182
-382
-618
5
-334
-136
750
-713
-905
-84
960
-735
696
-655
54
79
-950
-154
-954
-962
-301
-807
-311
-733
386
-621
-311
188
-915
756
296
-975
242
-293
-450
-11
319
465
-822
799
-403
579
-375
16
326
251
677
528
663
426
852
58
-351
-204
866
-352
-870
39
137
-868
-720
137
-404
-299
894
-770
-509
-518
-201
-141
-111
-498
798
-470
193
528
184
-350
783
773
714
241
51
-380
-932
-191
-985
238
-769
-331
298
201
-646
-89
46
-776
80
-593
603
-600
-594
482
-874
968
832
740
157
-346
211
443
553
514
-747
-414
-330
242
-663
694
-850
514
-858
-111
577
469
-977
336
-303
-724
-419
-957
-70
-702
921
337
911
-14
-490
182
463
-523
298
-630
-233
988
-819
862
65
-26
795
581
-247
-978
-716
765
-320
-139
66
122
-342
423
938
-35
146
-340
-213
710
558
-658
-444
835
-115
754
34
451
12
725
87
-565
-232
628
518
100
-643
-872
-453
-832
525
-68
792
247
733
604
-311
322
505
-292
585
435
-696
290
782
607
-438
-623
-881
249
-322
771
-235
-51
447
-382
463
965
894
307
192
-245
764
-577
916
-164
-594
447
944
389
787
420
-698
-387
785
881
680
975
843
293
164
338
-321
664
-723
-282
-213
-782
858
446
704
914
-760
788
-609
50
-853
845
288
165
305
939
-142
265
471
825
-916
223
198
998
-462
803
277
65
324
234
-670
-51
832
264
-870
-927
967
-324
197
-369
-132
120
352
190
393
800
242
583
-388
494
416
249
-529
944
284
-167
-763
-225
567
985
-384
-772
903
-925
-400
457
-732
339
-42
770
173
959
-682
-906
-568
-125
-261
470
-298
-307
-156
-152
-652
642
-948
888
-626
731
679
-932
-514
-753
457
-205
-910
62
-943
265
-932
232
674
-247
-270
776
594
448
-634
-256
731
953
-480
466
158
-581
167
-712
584
-869
-816
944
781
-305
797
936
-591
-831
806
754
758
-676
516
404
703
-922
890
-162
770
-999
-273
-135
348
927
-570
729
479
-614
943
142
439
-306
-202
-403
-406
428
-376
-282
477
27
678
418
259
-859
-637
-6
560
443
55
-633
508
198
-42
369
36
844
155
614
-726
-198
-35
138
668
756
116
981
338
790
533
510
-847
342
-728
-766
684
-759
875
-80
-357
-306
-209
-316
788
-261
-176
814
997
914
162
-562
627
-49
-921
-433
988
-671
-402
-995
-871
-798
-315
980
416
-859
-289
790
-74
315
-272
873
642
898
-715
683
-436
923
272
-78
-924
-426
-495
-907
-385
108
-175
848
859
617
-280
-824
836
212
686
-116
-640
-4
655
-237
-812
577
791
488
394
-565
-100
-321
394
-357
-885
979
101
813
555
701
-768
470
-978
-493
-515
-352
-442
-613
-74
-65
-908
-870
707
-753
-213
13
219
652
-317
-125
-570
46
714
-667
-799
-209
181
-989
-21
-262
-412
381
924
241
467
-950
742
-53
956
-584
387
952
-230
-271
-226
194
-583
807
590
35
825
-452
-980
-3
-750
256
325
314
929
327
-373
-624
-384
-442
-169
-112
195
-54
-695
364
767
518
400
99
117
775
452
-694
-820
-539
-800
776
-163
-696
446
974
-152
148
-5
225
835
-269
169
53
-45
270
-941
-904
-861
-904
187
953
561
-858
-624
-749
-472
-993
-197
-774
-552
108
-1000
-560
-558
-485
-703
212
175
806
-682
-520
945
907
25
829
-255
-264
-154
349
-410
918
-528
-891
-361
158
-361
189
-328
812
261
389
-399
287
871
-514
893
233
825
227
317
826
-358
290
-164
-333
399
810
-978
-919
739
914
593
121
924
52
-714
-382
-951
84
425
-109
-841
-447
-885
610
627
135
-991
422
74
-321
821
-638
604
-284
762
127
526
994
574
-316
799
940
664
901
627
-886
320
901
395
-914
254
633
-251
-367
-118
490
-17
495
-189
-522
487
476
27
644
318
-255
-97
99
-196
919
-59
270
-547
767
30
-51
-984
-821
-822
763
-864
-195
507
-608
-941
-598
866
-598
-65
762
582
989
357
-930
19
244
-570
-514
-914
946
-805
95
-521
330
-95
-2
-265
359
720
-68
9
521
-788
-619
261
-275
-156
734
-249
567
-344
315
-770
-865
-616
-6
545
-955
248
15
-724
178
-241
-3
-600
524
31
-914
-456
-906
607
495
351
434
259
-197
720
340
-499
531
-595
756
365
-986
-623
-321
-796
531
505
619
-266
632
876
-667
-946
-107
60
-711
-837
-974
485
-275
696
-710
-110
411
-758
-381
767
-759
114
779
40
-890
-446
-367
-431
-861
141
684
-113
59
-762
-932
-493
-688
-534
-517
-793
-748
-918
-432
-399
-574
465
-128
788
487
-620
-319
182
591
183
-4
-995
896
780
-994
562
301
-74
-660
-617
-136
428
992
-108
872
-984
-988
957
802
-401
-822
992
647
716
101
