533
775
-966
-678
922
735
-835
-736
726
805
172
809
-3
614
124
-714
238
821
621
754
727
-114
586
612
-768
-348
-899
-207
-939
-58
-158
-82
-721
449
-570
-893
926
-65
91
650
996
173
-677
839
-560
250
791
-558
-746
987
-213
543
8
-933
-785
559
675
-288
476
-673
-839
-583
121
542
-234
-333
-750
-3
737
-869
-460
-577
609
-835
-217
719
441
891
680
752
674
842
-910
191
963
407
633
374
-209
-922
243
-630
-772
666
-110
-669
315
-415
-830
44
105
583
-868
432
369
155
-619
-139
-645
-178
118
389
-363
-361
-168
774
-211
-380
-628
875
-280
300
-28
276
-190
239
-399
561
-286
-962
-278
-636
761
615
-954
963
536
-215
-921
173
-437
342
-685
-956
101
-842
224
-824
-279
280
-949
-75
-606
-220
-668
-429
752
651
58
459
863
256
783
-103
214
-784
711
-148
57
604
515
-373
-212
-744
-428
770
260
-117
-258
-518
603
-825
907
-378
176
-877
376
-839
-535
899
-672
901
-90
-935
-157
-593
-445
-443
99
-834
378
520
-981
339
-526
-250
-227
930
-744
810
-810
-626
-24
627
79
258
-104
396
691
-148
-255
794
456
724
-789
942
780
-486
-427
-486
-786
478
141
32
-763
265
914
-410
705
-615
387
726
-900
329
-45
546
636
959
-868
-971
-759
270
-563
836
-443
828
434
147
-819
206
510
516
-405
-560
824
10
932
817
431
-5
-139
-438
666
-44
789
831
801
711
-922
-466
898
-800
590
37
-63
373
-227
192
-977
827
394
383
-107
613
-210
-682
-275
-184
924
-721
-627
666
876
-310
-638
-440
-957
772
405
87
577
917
-964
-62
-762
179
-273
594
-47
501
-971
604
967
402
716
-509
365
487
369
335
-558
903
753
-986
283
748
-307
-986
-420
60
-253
-204
-80
-136
-97
-177
-10
366
-722
-898
40
510
-918
488
104
-39
759
626
-422
-907
-328
770
376
157
-305
-573
662
-123
-832
513
-333
-644
640
-892
264
-710
303
-790
64
329
-497
381
340
784
832
-13
-558
329
842
-620
-215
516
-74
-137
68
-699
234
853
-783
-567
-690
463
924
-986
607
858
-596
-288
-608
-216
-390
-361
648
-157
-150
-178
-51
-989
-440
151
-726
495
-784
-343
-913
-416
-7
707
870
896
-881
-837
-99
66
-357
975
-891
-5
450
-163
-442
-851
-633
142
-563
-699
957
205
-989
-213
221
69
299
-490
817
-824
343
434
923
-84
231
-247
260
-801
976
622
933
396
-27
-438
-581
-202
917
-307
139
-671
528
-810
706
240
231
510
519
-488
-801
286
240
692
226
625
158
-510
82
-749
-42
282
-438
169
-436
463
564
-661
190
-354
-640
-804
362
132
-936
922
333
700
-739
-31
522
-763
588
-134
-269
401
947
-432
-106
90
795
-621
-345
224
529
229
630
-706
-236
146
