7091
196
-368
-2
-698
248
219
980
-939
-57
250
-955
671
-406
469
-724
186
550
454
791
97
982
-451
450
892
-396
95
261
-658
-780
-994
663
903
-403
771
124
25
-715
-312
338
935
-216
866
485
873
-732
-996
794
-339
276
-145
430
-8
-74
-355
-773
346
-933
141
-397
448
-741
-640
156
-958
-477
818
-967
268
140
908
-639
571
937
-681
127
861
381
-933
149
-662
246
-411
-899
322
-198
-554
-99
60
940
376
950
14
-981
285
841
858
-680
-720
-585
981
449
892
932
-461
383
-309
359
750
600
-426
-335
38
-926
268
-745
562
-27
-546
-675
884
-708
135
993
347
200
88
562
690
-176
-639
-213
198
-968
476
-497
-780
653
-796
-430
-815
-757
-125
-894
-765
-581
440
65
-772
413
-297
-944
-984
126
443
-183
812
-827
-953
617
846
-801
714
-904
-269
-891
176
-249
83
-472
-363
-908
-695
-407
-300
-499
-378
-442
-34
-113
-202
-892
919
57
778
-90
266
626
580
376
604
-364
-542
922
-50
659
945
-4
428
-338
610
-509
450
49
906
-299
-818
-492
-652
822
417
596
-447
976
-240
988
80
200
423
640
248
723
-564
421
-495
197
865
-160
723
753
-93
-934
263
-30
-592
636
26
-412
-523
-787
815
272
341
469
-797
-941
-570
957
-708
-294
390
854
-341
-645
779
-270
145
35
-281
-366
542
-24
-838
717
-380
-774
322
122
-934
-725
621
923
589
407
-801
470
608
418
-785
689
804
-371
-869
856
850
997
-900
670
-779
600
-715
830
-746
-940
453
-595
447
302
-756
687
464
44
-247
98
-272
-112
-318
-454
-725
-415
-403
378
-822
-601
-5
508
-335
403
277
-563
897
217
-866
-168
-434
-629
904
-387
-837
51
818
-946
-160
764
703
822
-770
-355
594
-778
729
-220
789
558
804
-917
809
-860
-229
-870
-552
916
-119
-247
918
708
586
-641
-26
386
-933
684
-311
-756
-370
623
993
220
377
933
-589
-930
941
-785
11
127
149
-514
282
-251
-747
334
746
21
657
-388
370
437
-881
-651
-220
-898
-267
637
180
653
556
329
-972
-346
-985
-167
698
-395
284
341
-285
-973
688
99
304
-126
-174
483
-594
854
957
695
997
-689
801
-431
-154
918
-260
779
-857
-860
641
670
-821
-182
730
63
426
416
490
-404
-496
558
315
-897
-143
-880
982
860
-22
-999
354
-627
-93
-632
675
-744
704
63
-365
-535
967
374
639
-463
-244
-229
904
939
279
-877
-54
-153
-425
690
953
37
-128
-397
406
687
688
-108
386
195
-672
209
-22
540
-186
684
-112
828
-490
-986
-870
776
-311
109
371
-848
-842
-431
-464
57
332
-620
-50
-663
-654
-962
262
974
-795
58
994
-916
145
33
-823
-719
-261
-335
710
951
683
393
279
-27
231
-972
-399
82
-54
847
-479
-9
819
-423
493
-384
-646
278
-951
-113
781
-608
-234
-324
-167
-198
869
109
996
-302
-71
942
871
963
-518
-162
-167
-428
133
-970
791
497
16
-682
847
228
-308
973
316
-737
852
-940
972
-744
-734
-792
524
289
817
515
805
915
-675
6
496
424
-330
-187
981
-462
-413
799
-127
186
402
-360
422
872
-322
292
332
-468
282
963
389
408
826
132
654
-566
370
-25
514
-279
421
706
-935
507
463
-609
557
336
878
273
-611
31
795
-254
-326
699
-217
330
-402
-142
928
510
493
306
51
338
-796
-504
907
140
-130
295
-313
-9
-778
-687
202
-800
518
388
-292
513
94
932
926
-568
-720
-575
331
-973
839
565
-150
186
-104
700
-257
408
-591
-272
609
280
-625
-352
838
-296
-277
893
475
-212
100
769
256
546
344
956
720
190
795
44
-498
722
395
248
-534
603
-774
377
-285
762
122
-234
423
141
183
186
310
746
925
36
469
999
-133
-725
94
-487
287
-964
-60
-584
-63
114
-76
-869
-900
720
903
-267
38
413
-924
-997
993
653
-110
-48
-726
984
75
-112
-913
298
-531
-475
-482
854
714
969
-264
-937
-945
-759
-444
677
-127
930
-768
592
-573
-645
290
-819
340
943
-804
250
518
-859
-418
575
-263
-578
486
178
934
458
-222
-601
568
247
358
947
-716
535
265
651
-151
-436
298
606
642
-893
-272
-501
-679
-69
-514
-96
-986
64
198
577
804
281
-140
-639
-331
778
-421
960
76
-602
-803
418
-824
116
-76
-905
576
-211
-866
780
665
-128
-139
-451
837
562
396
-955
-522
-715
261
-940
0
580
559
43
-483
-328
493
215
-262
-822
50
504
350
198
664
-819
-326
904
-447
-338
-372
-171
-636
-426
-34
-711
-103
-262
-309
808
448
746
162
-477
906
804
611
554
-949
223
678
152
40
938
11
335
-981
513
235
-927
-651
217
-706
312
-877
458
54
466
-119
118
713
-211
-806
-567
412
955
730
-97
-966
18
427
508
-412
-685
-413
-548
-78
772
-193
440
-408
-132
-191
-767
707
-965
836
573
-781
244
-112
475
339
-728
889
308
-429
-545
-126
192
-553
517
127
-46
-120
176
-536
-510
-88
-631
201
309
-957
-338
806
-54
-287
-525
780
19
663
-703
947
-18
349
460
-865
703
-805
84
998
-547
13
-40
812
22
982
-223
-775
-785
-384
387
477
-469
257
-645
-662
-633
745
-12
-865
672
888
237
-763
562
77
-817
577
-177
-392
77
-934
-376
-895
557
-763
554
914
-707
748
936
31
-93
-930
480
630
-682
-336
-579
-799
947
944
681
905
-500
586
-851
-828
-333
-429
-394
-193
783
643
421
903
-103
-144
948
896
854
-987
176
-103
-992
81
727
247
-749
-196
415
-275
-143
757
-527
-659
979
-394
496
233
973
-711
-262
-702
-339
-700
426
418
80
895
279
-428
192
582
-596
17
973
730
213
-778
903
834
691
-928
-203
-288
-548
-870
486
958
626
-435
386
-922
-786
982
-997
1
-151
710
-203
-201
-505
691
95
-779
576
635
-98
-35
956
-760
-59
-761
362
303
-654
-266
206
-845
535
661
469
279
-300
31
278
-496
-114
-162
662
-600
814
444
-616
399
-200
485
-481
-900
-986
318
-431
514
689
-882
651
-563
908
-422
219
-516
925
127
-802
568
-8
568
102
-302
137
800
-425
796
222
65
142
109
-449
-773
782
-936
699
-848
73
246
480
988
-456
-209
-298
98
631
840
905
-575
-240
-841
466
-715
242
754
481
186
606
21
632
316
125
626
503
-982
193
-622
-97
-264
583
-774
757
899
454
537
-858
896
-553
-675
-143
654
448
-58
-218
-534
-161
-366
-247
-944
751
279
-926
31
-262
-864
388
-586
604
-305
-377
778
287
496
-555
-903
-552
-818
174
905
-339
-162
-775
-134
562
-711
-73
-550
-817
104
181
87
-881
248
-290
367
-680
-996
986
-381
-78
130
440
10
-635
286
-173
50
-765
-670
-748
-943
-625
-433
-717
-439
-487
453
699
-630
440
-42
666
290
-606
9
561
-593
875
-885
-162
-363
-729
207
36
11
-98
-634
580
848
-981
602
138
-533
-992
-44
-234
80
490
526
597
-498
381
-622
843
-747
-692
177
991
197
-777
623
228
289
-431
108
-768
-749
668
-34
-517
857
51
649
-475
477
836
-559
851
-190
633
7
568
522
274
318
-147
-108
720
145
365
131
512
-514
-593
250
-846
842
240
-988
565
-664
60
-32
-831
-779
137
-503
112
-518
-576
755
937
228
-887
-623
731
-624
-829
-220
723
480
-531
-930
-790
-902
979
-283
78
144
-216
-221
987
-54
-228
-247
22
671
-246
308
390
-397
-895
568
671
-726
349
-824
-420
-901
753
168
281
-49
-173
-726
586
-567
693
388
-901
816
795
-733
-572
-617
-978
-775
73
525
-628
-79
316
-32
489
-876
111
461
726
691
362
-526
-532
404
-219
-107
-235
-293
835
973
520
-627
-677
-386
-321
-438
484
-894
-634
307
204
-813
-478
-458
853
-923
-244
27
-100
128
953
6
72
-357
-105
637
-580
-92
-106
756
-8
-724
16
-828
914
479
-554
842
685
-127
649
635
-253
-652
-270
-555
677
-650
-49
657
-789
-472
-966
5
585
361
839
854
257
192
-999
-326
-913
-263
562
171
806
406
662
-728
-92
-361
-421
-410
-92
549
943
547
960
-521
165
-853
48
-88
-787
243
515
928
-865
-269
-711
622
-876
785
-164
-185
417
520
409
-88
-927
-520
-450
24
-770
-234
465
729
-660
596
-390
909
-142
140
-706
292
758
-283
746
516
355
-296
-232
-846
-855
765
-479
748
-414
-674
335
729
-3
141
-130
-744
-952
-655
-418
229
414
-244
775
842
-677
536
-502
642
280
607
-544
312
456
-262
370
-529
-786
337
-525
-805
-136
-527
878
316
-964
972
215
-677
717
827
321
-644
778
110
-420
675
339
-813
-136
-348
841
-491
-358
66
-863
780
-502
761
-891
-254
-313
24
-728
-698
792
-507
-93
-102
-641
-284
-64
-986
-228
-877
-702
-737
-820
12
-433
-462
-485
750
-228
922
-915
-555
979
-30
-283
389
131
-171
-992
902
964
-816
-623
73
-106
200
714
-135
309
-504
307
957
555
451
810
-246
-462
552
728
-731
-252
4
-500
-555
-303
-575
150
-9
460
379
-158
395
-45
-909
-322
540
873
445
-342
973
785
-460
876
-657
-967
-546
396
-49
385
122
-621
220
230
-427
27
374
-768
475
-990
-126
-540
-933
-863
-262
-298
116
-317
-383
-609
619
-603
900
135
431
521
972
-368
723
-442
961
111
762
-993
-72
151
-910
382
-580
-157
727
-851
731
-785
935
801
-585
-764
982
772
717
-754
216
685
226
892
571
414
697
-252
664
362
306
656
494
-383
-900
-87
-354
-615
443
94
790
-726
-939
-287
-251
775
-234
-210
157
36
963
-55
70
-376
-661
-989
30
-352
10
248
-689
-3
23
41
-103
812
-611
993
815
816
-73
-154
-978
-530
-91
-739
39
-827
-661
906
-931
88
-536
19
490
25
-220
-768
-260
131
-398
-446
333
-572
533
-771
224
-219
463
611
807
-888
-476
190
-878
749
254
-503
289
-207
-134
411
-5
387
863
-606
551
308
-225
-648
359
-293
-603
-444
21
-30
638
-800
-186
80
-27
-701
363
-908
-777
-422
-522
667
-171
-377
-935
-962
-89
-266
90
-885
13
616
866
-195
977
766
981
379
-504
516
253
-853
-648
-313
-673
801
740
372
-625
472
-78
655
-722
-917
-931
653
737
448
566
398
-594
-143
53
426
96
-407
926
55
441
56
815
-428
-153
-717
-155
-954
335
-517
-817
172
646
760
650
-608
591
-127
-933
-179
750
-293
171
-24
571
-100
316
780
354
-453
-710
246
-360
341
-531
-359
-216
558
-69
863
-437
-477
-438
-498
-91
584
355
706
-84
435
-510
-996
-812
-45
602
-89
454
862
-362
802
-225
166
-279
527
708
904
-329
-664
-716
449
-35
-887
6
28
-534
77
-656
-244
801
488
185
-749
-553
254
471
877
-937
223
82
-244
-43
-752
-278
-432
-624
-121
-573
947
-448
211
-370
446
-722
-443
-60
-997
-429
287
875
121
-775
-121
459
-507
894
-793
-534
-261
-202
437
-397
-311
-192
-102
-954
-292
-431
-846
-583
-150
557
-961
619
-597
-908
73
457
148
776
902
970
-271
925
-622
789
-17
-294
-965
-974
211
716
92
-850
-70
201
-188
760
-689
-15
722
-408
-734
-831
0
288
155
546
392
-54
171
782
-953
-896
-438
-638
125
763
-653
-481
382
-525
536
635
889
-906
563
-300
-190
932
139
21
93
-26
623
801
9
-274
66
268
759
-310
179
-664
230
-509
279
557
909
402
373
178
548
-959
78
-72
303
-849
728
-105
-537
813
565
143
519
998
-396
-336
-272
-468
964
-347
9
877
-63
-837
-73
821
-116
992
581
-788
27
-569
192
-112
-182
-697
834
285
636
51
-279
-807
482
165
275
476
39
451
-632
173
-411
-909
451
-440
920
-917
-178
-134
-834
-655
-630
-305
487
513
808
627
142
573
135
-651
-940
878
986
-486
-379
345
-491
525
73
-835
-540
100
-918
953
984
-162
333
586
63
40
175
-158
-865
911
669
-539
542
783
16
-436
769
394
-477
764
-817
629
50
465
-926
268
209
947
777
-810
38
11
-980
883
-412
367
-290
-559
-923
617
984
-930
-285
422
200
904
-910
314
741
848
94
416
221
782
429
-145
205
29
97
-359
988
759
-451
-563
-636
-53
208
172
606
122
850
-72
314
194
10
584
888
162
-230
-839
-586
-580
937
799
-746
-760
667
921
-630
-107
142
578
-17
-38
-781
-125
-12
-197
550
165
501
-937
-692
325
-568
622
777
513
-397
896
-5
-226
312
273
871
540
-113
-856
462
-383
670
455
571
-62
887
293
-948
337
894
518
-166
63
69
828
-90
194
87
759
482
802
-595
-649
-614
-738
-672
467
-419
-84
60
-814
140
-451
460
183
-339
-914
-264
474
780
987
8
720
511
-450
356
300
-347
789
634
-385
986
978
714
-180
-839
-565
385
838
-465
-158
912
506
-649
896
-583
377
-808
-982
838
270
-345
-363
838
734
-278
-939
116
269
-245
881
869
588
997
-717
126
-896
-98
347
-432
-673
960
-317
353
-524
-395
605
-712
-558
-113
-103
453
-844
-78
483
-358
-573
959
777
-534
33
957
-887
-611
34
-634
841
941
-198
715
-319
-224
801
773
994
898
643
793
954
-82
645
87
111
-791
-910
736
-743
379
3
-943
-243
490
-676
80
-125
-91
-333
994
-231
-661
716
22
768
773
384
210
452
-154
-436
120
538
830
950
276
898
-923
730
-331
-85
906
-30
-11
-11
152
788
-809
-190
-718
933
-20
470
-453
811
-14
462
-700
465
874
-467
-493
851
436
464
268
985
-327
835
495
577
645
797
509
-891
95
343
-424
-581
-74
-742
-937
379
-487
-747
-509
-533
-45
926
-831
-921
674
784
107
-596
643
-206
-851
-973
331
-216
745
267
-300
-493
440
911
818
724
-834
-730
-175
687
904
58
285
410
485
-320
510
-717
-354
102
990
385
-541
507
71
-877
-124
-121
-594
-123
25
-741
-234
-510
718
500
67
-317
-498
873
-772
292
-406
-364
-580
504
-586
750
629
243
657
578
561
-699
960
867
-714
951
662
9
821
-867
-415
503
448
156
419
-696
486
789
-981
-184
-628
-1
176
-929
985
-637
-101
616
-770
577
-82
-976
368
832
-252
-999
755
-526
709
-658
869
821
38
-271
-699
-586
-4
800
702
241
-773
391
-844
627
943
862
537
208
-890
387
-644
817
-648
-525
990
997
-204
81
-413
936
312
-807
-798
-191
908
-162
-135
-492
-100
543
-160
-647
704
393
999
-892
-902
-650
207
499
-404
-189
146
214
979
143
-559
968
452
-929
-696
-243
753
270
-353
-876
-601
-846
-448
-965
295
330
-49
-79
-528
-653
-517
518
294
650
512
-561
-207
-5
-889
-730
196
520
-117
-849
-681
-730
872
981
-284
225
-527
-846
779
64
-66
-451
-94
-893
-287
-818
957
585
131
509
950
686
832
905
617
-335
524
468
-178
515
-768
-917
243
203
757
500
21
-601
588
-944
908
-946
183
832
417
-800
-552
227
-20
-306
52
909
-130
-490
722
564
151
-281
-570
580
373
-797
533
866
-725
562
709
-514
-247
-717
723
-255
382
894
-736
-202
950
-716
248
-331
-959
-232
-704
-630
515
-41
140
-875
529
274
-230
586
-914
-35
974
296
802
-801
699
951
-44
474
-149
858
948
692
331
-635
-248
-508
646
-72
864
-519
-627
-520
568
708
-97
831
-726
-234
-133
-246
-3
419
-433
-832
254
-586
-197
-669
-55
990
-601
-705
-588
806
830
-929
648
-957
-26
-753
541
-378
-691
-372
49
609
370
87
229
-874
524
-664
308
-437
-69
111
-335
-950
-567
86
-36
-267
-3
-141
-896
87
-612
490
124
-715
108
-610
156
579
-202
792
131
-814
343
-432
23
24
355
-520
42
-296
391
361
-528
-464
858
-380
-78
-638
-801
171
29
-486
633
504
-345
-370
123
474
80
-685
75
-895
-207
188
194
815
-235
174
308
350
560
431
950
-768
-833
-676
-816
-430
174
905
561
746
96
-540
233
431
-882
-285
-776
-281
271
-677
-880
267
-224
226
-71
-521
-207
-580
-95
-722
972
194
621
891
-414
-206
-239
-126
868
-449
344
644
-37
-424
-975
-511
164
567
582
40
124
416
-886
730
3
9
750
-467
-448
-56
-272
-804
817
631
-944
-708
301
-75
560
-7
-439
-537
-88
863
-77
428
-749
932
206
-226
-790
-734
-966
67
507
-781
-33
-45
870
-571
-890
-987
675
29
-668
34
-173
295
644
11
-783
-517
224
21
-347
476
44
338
245
171
-929
-228
-72
728
-722
-917
537
-168
343
-186
-716
-558
-329
438
-880
-749
888
-795
-823
-511
891
-458
760
-451
-418
-98
354
417
-486
687
682
505
-917
838
-876
-705
-979
106
519
-866
975
-987
-83
856
-137
-832
602
-701
-638
694
311
238
-218
746
346
897
246
117
452
930
432
71
-890
-92
-761
-561
609
778
921
-490
585
-470
92
-43
660
-484
73
823
469
481
-507
536
560
-559
-616
637
569
-147
716
62
270
-861
804
-34
461
-945
326
347
-733
-386
-297
945
-317
750
833
-647
207
-910
-973
830
-699
994
357
-976
-967
-482
-297
113
-693
-509
-763
653
5
646
-967
791
132
654
-915
-481
96
-914
-325
-305
889
-144
307
245
240
-355
-760
-902
-129
664
775
-143
-618
-949
741
-165
-797
440
276
583
-819
-638
914
-56
-547
245
959
862
-614
767
616
102
575
50
69
-627
715
-414
-229
640
-891
856
-594
95
-22
697
-857
-161
-683
-831
990
-929
-391
-519
-459
-477
382
-872
-816
588
-698
149
-140
-104
186
378
667
-59
854
548
561
673
-611
935
207
254
-662
478
402
-783
-395
417
-170
-135
175
-81
-412
-676
762
-646
229
861
-697
195
-558
202
-723
-838
778
546
-429
359
-289
500
922
647
685
258
-454
574
-472
-683
-553
875
81
202
304
793
-76
233
-267
-223
-79
454
-446
973
-203
-960
-948
328
-59
87
-490
257
583
92
528
718
-132
480
-739
892
-594
-66
-768
421
482
-876
-861
-357
953
-772
-509
528
-295
922
-117
488
883
-98
-725
294
-463
377
980
163
-274
-308
355
766
961
-69
744
45
312
-383
819
17
893
541
-22
-184
-185
-965
600
-517
-432
-915
-219
-744
430
-57
382
-134
-527
731
-511
692
-200
-103
-568
621
-768
-104
111
260
-167
-206
-477
-843
-825
345
-983
132
-510
-505
-231
-10
522
-844
-155
192
-20
-383
-903
695
-295
-799
-575
982
-439
-441
113
13
715
825
645
-58
-297
884
870
-252
387
490
-986
-828
-946
-761
-696
933
-484
-846
15
-940
-545
-98
-287
384
-530
-337
631
77
-571
185
420
-220
968
-844
-49
519
-603
237
159
-463
-315
-138
-189
-916
-33
254
-149
525
954
-901
902
122
460
-189
-311
-533
755
-327
-296
-210
-1
389
564
628
875
-499
-79
-822
998
175
-269
-494
242
561
-779
15
-152
31
-955
560
-522
-861
511
931
119
-861
580
-517
-35
884
-393
44
733
-819
661
-477
-793
518
414
3
704
447
708
-374
-786
973
415
178
-881
991
-86
-77
886
975
-898
-955
932
-397
-136
708
-897
691
362
-532
993
-906
43
228
-352
533
-581
55
-987
-735
664
589
267
-672
-106
-632
310
-654
382
-614
542
-654
-90
340
230
-888
-855
-791
925
-133
-782
-590
-383
-925
-6
58
459
813
-388
-967
-918
-792
353
15
495
861
798
-714
-477
-757
-426
-471
-783
576
732
-525
3
532
-375
-208
-36
-946
150
-207
-577
394
903
-277
-101
483
-236
-114
596
666
-331
515
-450
-424
-262
495
-968
480
-668
789
899
829
-60
919
318
187
893
508
-961
-622
712
-435
720
-275
-684
-502
-540
-71
-632
-534
965
-215
775
-705
-133
326
847
-408
-198
-637
-34
272
153
830
-751
-829
650
-909
970
-15
11
-85
-963
523
584
-863
583
-917
-901
181
-836
480
290
-982
-356
662
394
74
-416
-636
-259
-263
-569
-481
22
534
-488
-100
-723
126
-205
-717
3
-613
-856
-273
-757
-630
-717
18
-781
-150
-989
565
590
64
294
204
-336
-520
947
-840
565
-138
35
327
-978
266
892
-778
-727
209
796
-394
-356
616
-562
108
237
-692
-756
370
769
-307
-110
-68
-385
225
-790
-491
-592
-924
602
840
-890
-899
358
346
-730
156
83
4
707
-64
-695
-978
185
5
115
151
-430
746
519
-479
680
-335
-276
-678
808
95
-371
-379
943
707
-519
-362
-156
707
-268
621
865
-542
254
-502
720
671
-466
-129
286
-90
-949
467
510
-295
310
-318
-227
666
855
642
909
-33
706
-848
-144
152
486
25
883
-772
-638
-507
948
751
-668
109
-430
-527
511
-19
736
864
-231
-795
-491
333
847
-487
-349
188
165
-200
305
517
-723
186
-185
183
290
3
854
956
947
-268
418
264
-633
81
-18
-885
-127
124
-574
-970
369
352
-822
-998
276
-230
-530
764
266
-478
-870
-284
482
24
921
693
436
-776
915
-761
-182
-192
624
16
348
377
-489
-527
967
-256
-680
-356
-999
761
-205
404
-325
-7
-413
93
-661
-14
-6
-78
277
-468
345
-43
-242
30
-36
0
-883
-789
65
-853
-73
-519
-957
-121
517
446
-969
-329
883
-285
-606
-866
375
-310
837
899
732
652
-122
-575
-821
875
940
619
-11
166
-281
-579
831
-565
-935
829
539
982
-59
384
543
-824
867
-839
580
-557
508
925
-356
-847
344
-702
-895
-699
306
54
-122
-983
357
-597
-723
-378
-778
-752
581
-46
109
123
-868
-108
992
-14
489
579
-530
297
-529
-52
86
773
207
-285
-447
191
-259
144
322
68
684
730
377
-582
-295
-510
-674
-691
209
-250
-208
-696
880
-826
-118
-833
-41
451
-290
-872
-823
195
50
-102
594
-606
196
685
-187
-14
458
-191
128
-861
-550
-629
-674
701
499
-566
-823
-998
-153
-216
-23
-415
101
-356
-930
605
455
300
774
-388
-491
63
395
339
-461
672
940
735
-258
399
342
582
-305
-30
-177
-612
-935
569
703
-143
-923
559
652
-280
279
-404
-704
-109
-180
471
-631
298
-269
-919
-963
-102
53
605
-73
-262
-782
-557
658
88
-551
-188
353
-238
-396
-577
361
-863
-338
-46
-500
-960
-238
821
755
634
433
720
119
609
-769
-788
524
-517
-485
663
-966
-121
985
721
89
-370
-546
-828
536
-28
600
-512
-358
-947
-921
-812
-322
-804
859
297
-246
-185
-773
104
-156
518
-369
-196
892
827
-101
-878
312
555
-599
749
157
986
-222
-842
-24
-763
-808
-544
-713
-487
-669
185
-282
113
38
-83
-55
-228
-995
-363
307
-611
-490
940
-975
972
825
818
998
-646
-923
-534
-924
449
-696
766
116
-854
122
-910
-894
-503
-681
-90
-280
18
727
-779
-603
-97
668
-118
521
953
-745
514
192
-989
-697
-596
-88
615
-944
-451
-79
-328
436
-575
145
582
-352
716
736
368
-762
350
647
-12
482
-540
560
578
491
715
121
351
984
-640
347
149
60
515
-846
-361
607
-150
-552
705
-341
962
-638
-18
-672
752
-858
148
-716
917
295
-261
-597
799
-80
-885
-514
-803
585
242
619
-885
344
324
-327
971
567
941
486
-299
-739
354
608
-939
-884
406
988
-894
87
-168
-202
-449
-354
-71
-843
363
-41
-148
874
-285
-709
-889
341
247
-742
-651
-940
777
-853
989
522
-783
324
846
407
382
147
-767
-679
840
-105
-32
-865
593
-98
661
-522
601
-261
987
802
-703
-813
401
138
695
549
957
833
-624
868
397
669
948
-878
-424
405
-126
90
435
-549
-652
-230
224
-796
-402
-564
-351
-368
-320
735
-374
-101
-677
-938
789
-161
688
-403
174
771
244
148
590
275
-480
458
230
-771
452
-202
-175
-826
507
-188
-324
24
-262
-341
-334
-759
659
823
79
648
-426
248
-954
-570
278
647
-498
510
681
-257
-761
-14
153
15
-198
356
-535
763
175
-66
-831
650
568
-865
-966
208
587
-877
101
696
125
-867
-971
45
393
-973
589
-411
-401
6
-540
-181
-438
445
597
-905
-182
-931
931
-884
-800
711
154
-49
-280
142
817
-945
240
211
-53
-44
279
255
892
280
513
-628
841
-883
759
-911
504
602
-69
584
391
869
-903
-787
216
30
-711
757
-422
-986
128
-840
-509
-885
-842
-931
233
353
-125
481
128
718
-957
916
-563
290
-279
-512
777
224
879
-234
18
110
-693
-777
-229
229
-19
428
-604
-107
676
50
356
361
-111
-875
-110
450
-108
-392
-540
-526
-94
-802
830
232
104
-23
668
-669
873
573
-5
84
531
-865
-687
421
192
-81
-307
831
-903
31
-455
557
804
399
-900
-85
-98
-409
940
282
-877
816
-608
-333
-774
783
-236
629
910
623
-59
-19
103
-902
477
-863
488
564
297
345
-719
-396
613
-390
932
351
665
-880
116
18
684
296
-422
268
711
343
-398
71
181
266
-366
-143
-282
-853
-790
155
851
29
-794
-899
27
-139
-751
-93
892
-507
-940
-423
478
597
604
-866
-231
752
330
216
-586
409
-813
516
-717
-312
808
-553
-512
804
-768
71
-217
-962
-767
-561
569
-536
-995
515
-446
833
89
160
878
-305
-503
-849
54
-313
519
38
899
-789
-989
-998
659
-927
964
166
664
-725
-19
-111
-322
664
618
-722
-507
-265
-486
-875
28
-684
-458
746
-897
256
127
-73
-297
337
-298
-677
-64
51
597
190
-568
-743
219
-208
18
101
-571
-931
-454
-241
552
-242
-316
693
266
-304
-707
512
-432
153
755
-850
-606
716
688
-399
-37
11
242
-588
-275
484
-522
-171
-495
809
-974
-796
988
-768
-670
-634
-579
307
-327
950
450
-939
954
873
379
-45
831
412
822
-798
102
-51
-615
-998
220
498
-721
-242
737
169
-87
311
379
349
-314
-691
247
-158
-963
-879
-214
558
-825
-950
-699
-12
953
410
-473
590
847
380
636
-378
837
828
-572
193
-161
-974
-978
-503
216
-867
83
-699
375
-103
-193
23
493
-228
137
-286
-709
498
-28
-779
129
419
431
57
-319
846
871
-893
354
437
44
326
656
-620
624
-728
849
494
364
271
-941
295
-3
-440
-416
392
-965
-732
275
-766
666
448
-123
850
202
-129
-480
925
-807
-330
-347
-904
233
707
728
-185
-340
-581
665
336
170
127
494
-773
277
714
-837
280
292
874
948
-867
-724
232
393
571
-899
-91
976
-852
-232
-668
-463
651
46
-818
842
223
84
-731
-909
581
-221
-519
444
842
-372
-575
-942
146
-952
-841
-640
-968
-275
450
786
-606
-516
896
149
-17
135
-144
-917
304
-431
42
186
-511
-130
908
932
323
-551
833
-863
-793
212
560
920
-104
-70
831
173
470
-431
705
-908
-741
-741
-653
276
859
-789
-129
-634
349
-876
507
525
-768
-979
881
703
172
-623
-292
-847
-857
-828
-276
402
160
655
-650
494
587
-100
-565
-558
553
957
770
959
436
215
309
-681
180
444
-779
-123
305
694
91
73
885
399
492
-671
-83
493
-872
-909
908
-853
992
502
444
771
209
65
-494
120
481
-501
524
-593
213
481
202
13
-836
-121
-841
-901
-324
-922
-494
103
-489
-77
-35
-283
-87
-113
33
-14
721
-53
604
-487
-918
804
472
590
-731
-420
-743
-601
148
-119
-333
-165
-123
295
390
-318
-791
-152
23
-179
-736
-324
252
-689
-189
140
-973
-936
-434
831
-209
578
-280
-176
241
-284
-32
-889
607
-76
342
-893
515
505
-957
393
563
-497
645
-586
360
900
-917
-336
653
175
-726
107
-794
-768
394
-952
-598
386
992
648
287
685
-888
942
-959
-935
894
450
574
877
-391
-303
-31
820
230
-990
-583
-255
-932
-12
-795
985
817
-941
446
271
137
-519
497
-770
-715
-431
-9
-753
560
758
995
-886
721
-182
744
857
397
-509
261
663
157
-832
797
-216
440
186
391
498
-227
229
703
-391
527
-410
647
537
924
94
749
-436
-388
-876
426
299
915
144
-331
-735
-461
292
610
59
-511
-443
-246
-36
-239
-201
-185
-547
961
952
-196
-510
928
-238
800
599
-567
820
-379
569
-672
-822
-583
449
-217
856
-664
-469
-19
-762
-148
549
820
-587
-462
419
989
-64
-678
31
306
-722
-677
413
-672
-445
-128
957
-161
-362
-701
394
-768
-690
389
-785
-46
-171
-905
217
-752
286
-488
360
-981
851
139
63
335
167
627
314
836
-101
-929
-33
964
-948
-52
-162
-284
313
-37
-110
560
66
-47
-583
328
-932
-332
320
673
-863
697
-136
-503
52
183
-987
-341
-862
807
-748
331
564
267
284
-322
705
-904
718
73
-496
-431
343
-107
-772
257
244
-484
-320
405
-12
995
-799
-716
697
659
-661
299
-120
325
963
409
33
-518
604
388
424
804
294
-505
881
997
400
377
-85
402
-194
-966
387
947
934
764
137
970
308
-84
159
-707
-291
-485
-114
-415
-288
606
547
-75
88
-258
903
665
-577
-243
-308
-38
-147
390
883
763
222
-289
810
-896
-95
446
-878
-6
-148
405
-369
-326
-803
59
665
132
604
-215
-432
322
-100
-626
684
-879
-160
575
-670
764
122
-498
-286
164
-130
837
29
137
502
-241
-859
-505
223
836
-436
-737
528
847
-274
417
234
-690
827
659
91
-826
-276
977
829
-736
-521
673
11
659
-530
-559
-188
-913
-495
-161
-216
867
740
-955
-865
-228
843
928
-119
75
657
-101
816
-814
-952
13
457
-454
331
75
-166
212
128
-757
133
-246
-839
550
-685
641
-695
-343
-228
-610
707
-631
-462
-478
718
-592
-931
-909
630
120
385
-648
828
419
683
-368
-499
965
-197
704
192
62
-196
520
376
872
-946
144
233
-775
-379
180
312
-59
426
-551
-533
-268
943
-869
768
-581
-864
-396
-774
-390
-475
155
517
-398
-476
-409
267
-64
-45
735
-785
-150
763
511
118
116
216
393
789
783
-883
101
-26
-144
-956
982
996
169
-621
-37
502
-138
986
-241
489
565
569
862
-331
35
255
868
-863
-593
461
-509
-29
-818
-40
-560
-928
378
-51
-373
865
-857
-592
-246
-954
-220
557
17
-27
-758
463
911
555
21
-178
184
531
859
371
715
-524
221
-680
-225
-636
746
-310
-1
-997
954
-608
62
-142
-450
390
681
-422
226
594
712
-807
603
-585
-463
144
835
-457
-135
-264
926
500
247
-86
488
-1
-9
621
397
-750
-216
-390
132
57
-797
428
633
410
-664
-524
741
901
-633
616
989
599
567
139
148
793
-266
488
910
-203
-482
-888
418
-920
528
467
-22
-333
976
163
-774
748
-595
100
-613
769
171
-985
-957
524
879
502
-397
-302
630
210
45
-202
-382
-521
-721
-741
-173
818
880
-922
-98
9
-522
-303
636
872
738
604
-383
-884
265
-193
870
264
319
890
-890
261
194
-355
-989
119
-624
-317
-30
-886
-26
-87
-871
-229
-345
-371
643
-637
229
-270
-50
-802
735
-481
-478
618
-218
-825
-723
651
734
531
-129
635
590
-197
-368
-817
691
85
-23
148
-537
-428
230
40
-406
721
-843
-330
-166
55
123
-775
-43
-184
548
257
-456
525
596
-828
-126
-309
-977
891
-534
-271
-334
-755
665
-706
-884
-262
422
-737
-900
93
45
-794
-552
-603
-885
-314
855
-787
-904
-853
-884
22
801
311
-1
-458
-512
678
777
154
747
611
925
-665
-826
67
302
846
-730
-145
-720
-290
884
-512
-17
-556
-407
947
-298
221
572
-404
-659
444
357
758
-734
-730
-19
216
626
570
757
228
-828
63
-257
777
723
358
-612
248
-74
-257
51
547
206
-873
-53
-575
-213
926
245
703
203
-281
377
-688
944
504
380
-107
-691
-911
-517
776
461
538
870
-478
-432
309
-404
701
-286
195
-306
659
58
259
67
181
396
196
-376
-600
411
507
1
841
-737
-848
-63
145
814
-573
2
-268
-149
188
625
-764
-344
416
-855
898
-904
447
-310
820
-730
-133
-522
962
-308
451
600
-837
321
349
977
-44
-511
-110
144
448
-582
866
-467
876
-255
873
-13
449
687
426
-264
-484
-660
-921
842
-262
-106
-397
-505
-451
654
-34
793
428
-97
704
412
-490
636
513
-195
695
404
-28
-383
3
-683
724
992
-353
154
119
508
511
882
911
-782
-470
-561
-449
-965
-823
327
667
719
815
939
-984
695
-445
498
162
-787
-520
-175
-756
-446
-259
137
978
-724
-256
-611
427
778
798
334
699
-778
518
-763
964
-74
-981
-884
-916
-546
376
681
-951
-155
365
856
777
-494
-888
292
-849
-92
-241
-638
-633
827
-662
-5
-149
326
-162
-845
510
-198
147
586
-251
-133
-777
-273
-474
-358
-645
204
840
443
-661
898
906
82
699
-542
175
810
-163
-988
727
194
-161
-472
-950
-332
-814
-777
589
930
-651
612
-58
895
-993
885
-180
536
-548
-360
-968
-307
-49
-732
616
-832
85
877
-942
-503
-486
803
-410
-973
-619
968
-324
-825
-866
-532
604
-317
-271
599
172
-378
490
802
788
-918
767
-478
-579
-529
-115
-478
-888
704
443
508
460
180
363
835
-841
548
847
-320
789
-412
24
-344
494
239
-615
-202
-486
371
394
122
-400
-250
-456
285
-116
-956
-662
-32
46
262
-753
992
-1
561
-221
-872
623
456
-159
-780
810
-34
289
989
-407
428
18
-283
692
459
547
865
613
-769
-52
-930
-136
-927
618
913
-226
-265
503
-65
-223
-975
-841
902
-670
-461
318
-74
-706
442
-112
-144
-657
541
321
-343
911
722
618
-102
-249
569
173
-376
-347
-439
-912
891
-932
-923
-187
-851
-27
379
-518
-127
820
489
-900
13
-939
60
-249
-299
405
454
648
5
-915
-997
-717
763
121
777
-592
-33
-585
-303
-592
-304
-357
-250
-2
-243
576
721
-15
236
-632
-882
622
-566
-908
359
970
624
-865
203
-132
-978
-588
427
929
263
-591
-607
-870
456
-941
-371
656
54
-304
861
-89
51
-572
-552
-352
-147
867
487
-360
-221
-930
-896
366
-779
80
-79
-638
-729
-72
38
-391
-127
-191
-761
429
902
-36
-336
-95
799
943
430
386
-572
-777
-301
601
-250
793
615
-66
956
-601
107
374
263
-18
986
-324
708
-245
-833
-402
510
910
-3
-802
446
390
703
-823
-128
-36
989
101
259
108
-553
931
-100
-546
161
724
-585
-781
380
487
-772
-565
-628
-608
954
-893
875
133
115
523
105
530
835
-794
206
364
701
827
-514
-734
548
776
104
816
724
-842
-437
973
235
839
662
437
-297
876
-278
161
-372
99
-883
289
242
-594
414
-917
-951
-817
-720
-947
-70
239
-474
175
-772
334
-711
532
624
-172
41
-241
-791
166
701
-253
-709
468
-248
210
-129
544
283
39
-528
-183
753
207
-907
-331
714
-959
187
-723
-328
-305
479
-750
-288
148
437
-163
509
525
679
-332
-89
437
61
-391
906
-583
-778
-852
807
506
993
433
372
192
538
940
-224
-149
-636
-359
215
-907
-497
728
910
260
727
-715
-212
460
201
518
294
928
882
797
-427
24
-315
-67
-731
287
73
746
-355
820
253
-999
902
960
713
966
-711
279
162
213
58
647
-471
-560
363
-594
354
-33
286
504
780
309
555
-123
-847
-889
-358
137
171
759
238
-259
-783
287
-737
-876
-435
-758
-79
72
876
268
-618
-846
593
-911
253
-216
-602
-573
-779
-80
-864
997
-542
355
-579
940
-406
-739
941
638
-163
209
763
466
-833
425
982
279
-972
-277
-80
-415
886
-568
-654
-114
-26
-194
-582
-554
-707
-259
-286
241
-675
230
158
-62
-759
-978
-782
-927
397
-877
29
-25
-421
134
742
-638
-668
-362
-894
-168
-656
430
671
-695
-982
-188
-95
-739
378
706
822
860
-160
-239
-889
412
-918
849
-99
181
2
758
238
817
-9
205
-157
-417
-409
-68
-553
406
-602
983
878
-826
365
382
239
-645
-574
-988
-448
107
-865
-934
620
703
370
26
-988
-994
-447
-576
783
-604
599
498
-17
833
95
545
-94
-162
828
391
-63
779
-781
-80
-39
-332
-842
550
-205
450
862
-460
482
-899
-860
268
153
255
-4
132
22
-444
830
682
-609
542
354
137
136
-540
-776
-140
-306
-950
-223
127
-878
572
61
-51
917
437
466
627
-403
-228
-731
427
-143
-707
41
-26
935
-234
49
-615
807
824
883
-1000
540
-387
220
32
-137
-903
922
-819
-401
312
-439
-836
681
999
717
-725
79
351
361
205
-944
252
874
569
-395
-307
276
866
-661
452
231
-766
-158
-132
-148
-833
-463
650
786
927
131
-661
959
392
722
-995
-139
512
510
955
660
819
714
-320
-43
35
100
-723
10
-22
-353
277
352
-597
-129
-907
-338
-474
592
-799
461
954
-141
522
35
308
853
-565
-979
-234
-818
51
921
-13
-525
733
-179
743
-295
122
424
-396
-761
785
-909
567
86
-115
-572
744
840
-124
463
320
-302
7
-376
-907
-201
-603
-951
-639
706
555
-468
-975
-881
902
-761
-119
-41
-7
674
-91
-73
970
-859
458
-804
-218
786
714
-212
469
-4
166
564
-152
-589
191
-294
-657
-435
-651
46
87
-461
-560
-910
-192
453
-771
-893
205
619
768
-622
997
-135
-744
-652
614
349
160
850
633
-679
225
-674
-128
983
629
-93
252
-82
982
23
-660
800
117
-576
-289
429
311
-817
475
-152
-807
366
-282
-749
-27
-830
-79
-407
-691
397
692
-24
83
67
-460
570
-405
-362
-575
334
648
-352
125
-184
-125
-436
791
-191
539
-670
789
-4
758
941
192
727
805
683
393
-454
725
320
-326
-945
-590
967
-713
926
166
711
-702
-189
911
-531
-930
-258
-433
-996
92
359
845
-722
961
-756
841
533
553
-135
556
354
-380
355
13
497
494
-79
112
-449
-371
-393
698
-391
995
320
-225
99
643
311
828
386
-655
-462
65
935
738
-356
102
264
-429
-274
142
-452
325
601
-39
-302
-347
-798
-781
255
202
-550
906
962
184
329
125
214
289
-57
735
-381
107
-329
827
625
-291
272
