6871
-58
660
435
-259
-862
-385
-44
188
224
-629
611
308
748
214
-697
883
490
153
-189
-914
112
332
-4
-121
-127
-524
-58
107
-313
-995
682
871
-980
-974
-10
-677
5
-407
-591
519
940
-548
601
-318
984
-798
619
361
-21
-500
-498
932
-952
171
701
708
799
-466
399
-567
-266
-887
-603
720
-331
354
-641
874
-34
-939
-629
-281
968
88
-85
-575
-761
504
242
822
585
946
-902
125
-177
-546
-939
-775
-554
581
463
299
1
179
-52
913
533
631
131
989
592
664
966
-911
-345
946
157
534
75
-722
78
588
327
-241
812
-884
265
-39
937
-103
-374
-132
280
-252
-740
-802
148
735
-545
-618
-922
185
-144
420
-793
136
798
383
-957
-107
970
-745
294
369
-342
840
-154
-458
970
320
-116
-536
753
343
400
-342
-869
-579
-496
413
136
322
-388
98
96
623
-943
385
593
882
17
338
359
-106
-933
89
726
673
157
959
663
599
866
891
157
-453
809
-641
-830
-410
-380
-657
-365
-752
409
-436
405
59
425
686
83
-560
-726
129
677
-495
-844
-858
158
269
884
443
-286
914
-768
549
802
-708
-904
232
-618
-436
-395
537
-762
-284
337
-453
324
926
866
-971
-823
-228
116
469
-597
-453
130
494
-937
-383
337
-659
-127
565
-535
-710
790
-627
513
793
826
530
662
767
402
545
440
-942
-640
587
-207
-614
567
155
-126
84
378
87
603
-619
-859
-416
-633
-870
279
708
146
-546
955
67
-600
-730
242
94
-308
-10
670
-69
913
630
765
-331
40
-129
288
161
-409
672
551
91
834
-979
-101
751
-55
-170
392
739
-18
6
501
-863
-895
-142
-62
-301
-870
337
-180
567
-734
-389
671
786
-226
186
409
-623
744
349
999
378
140
-228
-962
865
-643
581
-920
918
-542
-43
-102
444
-272
578
414
693
-204
165
577
776
653
-763
410
-779
-28
-690
710
783
362
-495
-51
248
-596
-955
50
523
-635
667
988
-942
384
31
-308
-473
713
-598
-118
504
-369
-332
-544
-749
-969
-345
435
481
-912
-705
378
-352
479
-418
92
777
-681
-628
-182
-880
-890
-949
582
505
-945
152
-113
103
687
-258
-294
31
-914
-924
31
-676
965
-809
-451
-644
-10
962
234
-696
-244
-663
-934
-111
-736
-874
843
-267
389
-582
780
80
608
-123
56
-129
136
97
-669
336
998
889
-833
614
953
-441
-277
297
-519
522
9
-486
21
-922
-357
-13
-85
198
169
861
-620
-276
897
955
874
-999
-453
68
150
-584
-56
190
42
805
-905
-26
472
-84
-941
-692
701
571
-419
890
622
25
-447
773
-451
464
-825
-435
-200
-155
-119
63
-226
-183
76
-23
958
-920
925
445
447
-2
-151
863
70
-791
216
105
103
-582
792
846
-293
-571
-510
266
-983
728
890
296
-779
-855
-536
-834
-606
135
-418
-349
405
370
326
-367
-121
-41
-678
-442
343
-636
975
484
-342
906
-786
-761
-225
911
-304
-394
-172
99
-58
883
222
731
2
-834
-631
905
598
182
-723
-147
-569
14
-775
-732
861
-690
-498
879
986
-96
-598
447
-668
-677
-656
219
-575
-770
81
-28
254
-734
-231
-608
-116
289
344
114
-600
421
-837
-101
-187
-312
-746
474
-121
-181
881
95
63
339
636
381
606
-786
880
-147
280
-700
-972
783
567
-728
-935
-484
217
-708
-62
583
-793
772
-13
-894
2
-844
-347
780
-804
67
-973
-72
-640
96
388
9
-928
-173
21
-903
-503
-723
786
89
165
-743
-719
-366
956
548
-868
171
760
-680
-871
-604
68
52
343
366
-369
104
327
381
-845
-725
421
-106
-883
-657
-815
-718
984
-851
798
469
-741
970
-697
8
-613
-341
681
-14
-370
-27
-367
197
750
-131
594
-299
-331
-978
-254
659
-357
185
-253
-920
-262
-90
233
-835
58
-72
-675
279
-306
335
-323
-816
505
855
-627
880
-834
110
-818
587
260
-93
297
3
-910
954
921
222
556
-724
-446
803
-918
-901
-830
702
418
978
-206
-349
65
331
600
191
811
-261
429
666
988
-920
-74
984
-118
858
321
-817
730
-289
-338
386
-309
281
471
-996
66
-750
-354
-231
-237
-688
-863
46
-471
515
812
-535
-461
154
92
-269
-420
310
-229
929
884
87
685
-374
-736
274
-362
163
250
-316
6
-890
-426
-544
402
337
931
-156
271
923
-694
634
-547
705
-585
-166
15
-625
-31
-83
-877
-758
-601
-36
-894
-423
-936
934
757
-892
159
577
209
-635
842
-104
449
652
-907
435
207
446
168
165
495
-643
138
-786
-872
786
-849
-480
-320
-921
389
-578
419
-95
-808
512
-977
187
429
372
-961
206
961
-1
65
748
238
593
902
252
806
-281
-698
239
335
793
718
17
956
259
-745
-629
756
-494
20
214
-62
932
-664
-838
-40
-975
417
-284
736
-935
357
-267
-288
851
-265
-825
297
21
-474
636
604
-207
-781
559
58
-164
780
-949
119
-214
-870
-118
266
645
339
357
228
285
-243
763
842
713
-304
-995
-656
-197
-217
-938
-908
-782
499
183
181
-775
571
496
30
765
387
827
386
187
-408
323
-731
936
-602
722
277
-662
182
-953
-716
-909
376
-666
35
991
665
-246
812
3
-352
-970
-580
-91
-534
905
-53
-710
32
-481
-182
-790
867
996
-57
-576
452
-461
80
-163
801
477
82
205
831
-570
-244
513
-463
521
-491
123
131
-261
-217
681
869
13
214
456
135
-533
593
-679
-514
-303
-556
-127
-960
925
-745
-213
-799
512
439
56
-613
127
-753
-937
-285
86
-973
703
-642
299
216
-824
304
128
-941
906
-180
498
-547
-546
-707
607
-225
241
-369
-28
-80
582
715
-572
-24
-678
-786
645
64
579
-315
965
-55
-510
-426
-550
-603
-360
-994
566
357
885
579
-199
-864
203
-315
-799
29
689
-586
844
-866
436
-222
718
73
-681
925
-114
452
-85
792
762
859
-567
384
59
-687
956
-509
644
849
797
-689
820
-864
598
-791
-853
-830
-41
263
-1000
773
487
763
945
109
258
620
-564
-211
641
-670
954
-641
-872
142
-700
-832
872
-844
781
203
853
-986
-889
656
162
942
-863
241
871
599
782
761
-587
680
-79
-535
912
-545
564
513
699
598
-904
167
834
21
391
-537
-832
-748
261
-473
801
730
-651
-523
-158
-665
-536
-865
549
-710
528
-273
16
880
82
881
340
-54
682
850
300
-295
-887
-904
828
809
201
-792
-1000
-713
-655
504
982
800
-477
-863
-244
840
291
-400
355
36
-813
-391
910
-444
-503
-536
899
272
978
-970
263
110
-641
517
153
30
-163
-439
260
338
-684
-446
-184
-516
165
-679
-429
598
-794
-841
-616
-663
330
397
641
-742
-519
-941
849
-793
-961
65
962
682
-528
883
-419
39
617
588
281
24
-398
-549
618
771
-289
802
58
68
-474
217
822
-132
-341
462
95
614
-746
-682
-703
434
-762
-347
-304
720
287
582
-435
-150
79
567
-503
-898
-113
-636
497
615
69
991
567
-553
-123
537
-591
275
632
80
-198
-821
-795
-924
-553
-604
699
-745
85
84
-863
-383
-67
281
-604
893
697
-873
112
372
928
12
442
756
973
306
-758
-724
-226
-688
-666
-153
472
-323
137
194
664
-942
-622
284
132
-117
-263
-151
-608
378
220
-957
-195
-617
-1000
333
-884
504
-765
789
16
905
-490
726
-31
-423
536
279
-868
769
774
644
119
-47
542
-777
-397
-920
43
594
75
671
-597
-965
265
179
827
340
-728
-194
-604
294
932
673
207
-501
717
-880
-412
-395
26
-70
-992
-403
-263
323
901
-485
181
-209
475
783
593
-754
-12
-405
-111
351
13
-979
441
690
193
764
892
-883
840
-450
-266
410
780
-205
293
-804
-708
338
-926
909
425
974
-706
725
797
-347
-329
-295
-180
277
-102
-403
771
-661
834
823
541
538
558
-206
-811
36
945
-933
725
-153
403
92
237
-937
197
883
-417
660
-446
142
902
712
401
533
-617
-113
-394
-29
-592
-29
120
-141
654
451
381
227
-550
-32
418
407
-253
-220
-857
829
-809
-961
-793
-871
-790
-721
677
-931
730
107
-223
470
73
-660
234
-859
393
-951
814
-56
-762
157
429
-283
-148
-425
12
-350
858
350
-411
100
190
-65
939
-493
-96
-587
-981
982
-981
867
46
-480
757
560
491
-730
-464
-576
681
427
-631
-5
498
747
478
461
580
992
637
537
929
436
-169
282
-170
276
-525
-40
-280
-19
-561
947
490
-618
-751
-512
-965
-550
-229
541
-115
-720
-675
-222
-144
-199
-27
-347
-659
341
-63
986
207
402
-891
758
203
-846
-440
-50
-848
-345
-215
-959
-135
814
-305
-530
368
-970
397
995
93
363
-971
-172
-725
964
-717
676
-596
-731
10
163
627
817
236
-123
-689
879
419
330
343
-24
-627
543
96
651
-156
400
188
-675
-261
184
-147
-832
404
-713
583
-129
158
286
-540
867
-356
938
369
-891
-575
-181
21
897
535
176
465
-525
-256
449
-445
688
211
137
53
-476
456
509
290
-653
47
-35
969
-626
921
695
-614
-123
778
-478
429
291
55
189
978
826
-310
68
706
-84
-92
-516
-155
243
658
605
573
-211
968
-839
352
-280
505
764
-957
-426
-407
-894
497
-467
890
719
-789
526
-302
959
-71
175
-914
-5
-961
-105
-736
-380
42
86
-189
640
730
-257
-113
558
-438
-989
584
103
362
-918
-303
387
-66
-944
-722
-699
143
-197
823
-171
879
-396
-120
-984
-54
121
-955
-355
568
62
-933
-234
-514
604
914
961
676
-121
-210
-494
466
655
-475
-592
884
83
-5
393
-547
-580
872
290
887
782
172
622
120
550
393
138
-672
-977
862
-589
591
248
36
805
548
-726
512
146
-849
296
-839
859
-712
328
-268
573
-791
472
859
-949
214
270
-531
931
-419
-319
367
-688
-968
446
95
236
496
39
-215
608
187
-738
98
-407
-570
490
834
632
734
548
367
935
871
81
-316
995
-592
347
432
442
526
-290
-133
834
-172
-580
420
-396
-76
574
-331
371
448
760
-392
829
73
-152
-621
445
185
379
798
-326
219
635
485
431
-376
-136
793
520
77
-750
209
-282
279
-80
-785
-481
-15
-319
-451
85
436
-19
-235
977
-915
-410
-192
124
957
-528
-666
874
-22
-294
740
-589
706
-791
796
847
175
496
198
525
38
-211
-811
-703
-662
610
372
-984
606
367
286
665
-889
681
-787
569
-993
-135
-389
-117
518
-429
964
-14
739
-447
-131
-396
73
428
-499
590
260
119
-167
-242
371
968
782
-255
687
307
55
-423
473
612
-929
-214
579
345
-832
-527
20
-358
106
-703
63
310
815
156
-35
699
-901
379
646
481
-479
-198
319
180
624
643
-514
-259
-268
-907
153
-564
-231
-543
-724
-765
-549
-464
-455
258
137
-924
-295
522
-169
682
-175
-560
-302
-439
-704
-287
975
-86
692
-884
-739
-909
-131
-271
-199
-750
-311
-668
591
370
622
701
686
-803
-217
703
501
207
-314
594
857
-254
71
-16
744
-581
133
-151
440
-64
-11
-812
-39
-43
-272
-622
-599
-46
671
352
390
34
-433
-999
-738
475
851
-619
834
-59
441
-61
937
-24
853
-962
449
950
-871
207
0
482
-810
-50
520
-820
972
678
-343
651
-387
-523
-863
-395
-400
-324
-258
-578
818
121
116
-182
-698
-209
618
-671
-595
127
191
366
-239
373
522
259
779
785
-65
-451
5
-16
29
464
-391
198
-316
-641
-360
330
-860
-374
-970
-81
-608
-460
803
-517
-174
-593
-331
-810
-536
646
-272
640
-708
-505
424
238
-671
-180
126
-477
569
-267
661
232
51
-989
-424
584
418
-221
-283
-598
697
-107
849
-485
-157
-984
-257
39
-113
372
780
-652
504
115
-639
635
450
28
955
388
-448
862
775
942
403
-10
71
-152
141
797
145
270
836
-143
615
-733
-302
878
193
-969
248
953
54
613
-381
361
378
700
71
498
465
-584
551
79
-14
-52
887
-148
-522
-658
-423
-419
-240
736
659
-274
887
-954
898
-873
-402
-407
728
-260
-540
-217
576
-657
-793
-796
899
578
-892
33
-654
509
665
-201
531
-296
-740
-896
-166
918
-700
659
-676
-434
949
298
457
-281
-103
-383
850
111
330
813
645
-200
-948
519
-902
703
-857
756
277
-661
-62
66
412
127
-309
177
-365
-197
-173
-853
867
869
166
145
-919
-384
-72
-940
154
-682
475
317
-236
-744
285
954
-736
-738
991
-939
324
412
32
-622
341
932
887
500
521
-350
432
-851
458
265
445
-15
951
-857
862
998
-587
-793
44
106
354
-253
-258
528
-118
435
319
-24
738
918
615
-998
-990
-708
485
927
240
223
-482
620
871
876
111
60
311
161
-161
409
-491
564
-112
535
915
-179
-796
-947
-805
-943
-309
-671
996
797
-229
366
-937
299
745
932
844
276
403
-131
-211
450
-48
-392
-4
-479
-961
547
-896
577
-900
345
-501
170
-895
-458
-105
-3
-119
-989
-994
-349
-209
-701
569
-811
-506
569
-784
278
-222
771
752
-863
-29
-185
667
-230
-590
-616
74
404
931
-235
381
-1
970
158
818
91
-725
-972
692
509
73
92
-581
-355
16
592
-639
74
735
-205
117
155
428
-594
-151
658
779
-837
789
-401
-118
-3
494
799
19
-278
641
574
485
375
-983
16
476
286
-351
-120
-740
-2
68
739
653
559
-1
100
-528
-959
-441
589
976
512
-697
-986
-940
-26
946
-83
17
-115
-601
-261
-724
463
499
-641
-212
-372
-944
-967
-658
679
-22
325
-942
-738
-878
273
115
932
-356
301
628
-228
-813
799
-122
-396
637
-241
422
28
601
662
-365
801
-492
926
541
-245
-454
-299
-759
79
-550
388
689
-735
-237
-10
-904
794
970
-568
-325
66
-370
620
851
-773
-670
-263
840
362
-375
-958
703
146
305
-303
-253
-306
-394
192
-430
-566
758
-428
430
-833
-219
327
852
-151
-953
480
969
55
-278
-415
-912
751
935
-163
-711
459
845
-236
-749
36
621
124
338
-855
453
685
-116
252
500
-838
509
-103
268
791
-742
-492
325
-581
-638
542
173
-205
-655
867
590
128
142
692
440
31
836
860
-434
691
654
-527
-995
-543
236
376
822
-904
258
-699
524
779
127
-130
569
-404
-597
427
-901
182
361
-51
-852
583
-948
392
-545
648
-74
766
-922
203
155
-359
-879
80
-251
404
-224
660
-559
-362
890
550
-650
93
502
983
870
-557
-522
686
-644
-497
-204
837
949
-725
213
211
-484
878
522
919
830
-955
725
-962
-100
-190
984
-591
142
81
777
510
-428
-269
-15
-464
-840
233
676
-226
-433
-577
-964
-194
111
882
606
516
315
879
-98
363
-935
938
605
190
-940
-344
-528
-189
-131
617
-259
132
-788
549
415
28
805
-302
-360
-165
646
-449
614
-778
-724
-959
-722
526
118
791
789
571
-671
-677
510
-924
802
536
477
494
-78
-941
-246
-689
-221
-105
241
-658
-47
609
-425
24
932
580
-425
-607
610
-118
570
-218
-783
521
-588
363
-150
-835
-133
534
-887
759
-173
-90
-319
-302
-427
-655
237
-995
366
-295
336
506
515
283
-242
211
-845
644
-876
996
341
-97
-335
904
-545
-481
-136
771
-216
-906
670
-119
822
128
-306
826
-991
943
-916
-885
281
739
-969
498
-366
-250
567
158
141
-319
-763
720
-429
-226
-502
522
778
-836
976
66
-70
104
-811
2
809
-242
-851
608
-814
-372
-633
-443
-603
159
-536
-419
136
-835
-284
74
378
-706
-85
-716
248
343
575
1
-263
52
-252
109
-380
226
-447
886
257
646
-909
295
109
397
96
-97
-169
-366
680
-307
471
501
-264
-965
495
-434
473
787
905
990
693
-254
-465
237
41
856
-454
998
-458
-567
-590
-533
-686
964
-139
-458
-565
-387
3
-226
-20
872
981
-14
-664
-76
-579
-411
-333
562
-839
806
-705
-495
-638
410
228
744
673
840
393
-785
-96
-207
415
186
766
75
-290
562
412
632
-778
322
-923
-585
-137
-965
-917
-473
508
900
732
260
-654
-526
-332
-209
983
-768
-597
958
142
-709
-145
-115
814
-371
588
-609
522
-924
232
389
860
-658
-373
-902
746
-365
172
584
-694
-66
-553
955
338
-631
-711
641
72
-123
-786
602
-200
515
-334
-335
340
-222
580
279
-891
597
-759
488
688
-288
108
-564
212
-321
259
-675
432
-541
669
-464
-207
-262
-457
258
297
938
-850
-928
780
-535
958
467
-733
396
-23
534
931
-838
116
725
-840
-899
139
-204
170
676
-171
-455
962
743
786
983
-778
-535
624
72
320
-61
541
614
93
-253
-841
-731
33
464
-657
273
-41
-136
-883
912
582
-888
140
-828
832
-841
406
-448
-492
-721
346
291
-269
-119
-423
693
-289
117
-575
-915
-609
-13
-783
-419
-784
337
363
76
966
1
-169
-226
-176
-587
836
-431
-615
-454
-103
-170
106
687
-870
121
444
592
918
-417
988
227
349
604
-808
-578
495
-242
-731
195
368
-806
-717
746
-201
193
792
969
598
-354
409
210
-316
-257
296
633
-411
-339
-826
-96
-709
329
-711
594
822
-859
585
664
102
909
-667
-693
-814
816
83
679
769
-897
-300
-985
-26
-576
213
451
-23
639
722
-813
-257
-302
949
-193
-853
312
-484
517
-498
541
-807
-187
-261
108
34
396
-443
930
-279
-757
73
778
471
532
-520
795
-367
913
221
-486
460
-95
445
429
444
719
444
910
632
400
-21
456
138
457
159
-783
898
-341
574
355
250
-980
-477
-632
340
883
-367
962
-784
560
-829
725
922
629
-718
-878
-432
437
544
688
720
520
-63
105
80
-40
-839
878
216
235
-848
264
345
269
594
124
-879
-343
356
522
-426
-908
-207
147
-752
454
-222
52
4
853
379
419
746
640
-574
-875
-544
582
-469
-119
471
736
-49
-427
811
753
-277
-965
433
729
165
823
713
-80
-887
-392
642
-795
-47
56
-740
-301
-605
26
-471
381
-44
367
-819
-298
-182
69
565
-177
496
-771
-316
558
-462
695
-345
-825
-568
428
-70
346
-864
-808
-764
744
292
354
-82
-61
874
-167
-575
82
-854
-452
-916
-882
234
-810
-747
-996
-906
-91
375
-890
907
-122
665
-296
18
-306
-113
-524
-102
871
26
-973
-818
-11
-213
537
757
-620
166
-749
553
144
353
976
-609
593
90
201
-155
721
-936
-210
218
746
362
-417
-90
-847
172
-540
-198
-119
633
89
-109
486
570
-55
-696
79
347
549
-349
895
-897
-527
509
-904
-534
-932
-143
612
-36
283
178
121
-498
257
952
472
-604
108
230
851
-349
-258
183
-823
828
598
727
255
598
-37
-658
796
554
854
-121
-527
376
-231
-449
83
-889
31
-152
742
-327
-768
-67
-888
668
-927
-704
-328
-99
247
767
97
296
22
-218
263
-422
394
317
-948
-841
-719
-30
639
-936
339
818
-47
-788
383
192
-234
463
419
984
501
888
231
125
348
491
231
-786
-909
720
475
-376
-598
955
-923
949
-542
-790
71
-30
-971
445
686
862
-156
-33
-625
750
-629
420
492
-179
370
11
-142
-543
67
-574
50
697
-942
872
731
34
-850
-563
-639
633
-733
934
684
378
-182
173
-241
-585
-402
150
-574
53
955
-980
191
592
-92
-807
-986
-657
897
-140
-659
-734
484
805
-312
792
-58
148
433
-883
-685
-928
596
-848
959
75
-55
-830
771
-734
510
-358
-568
-629
464
-618
-689
903
71
-227
-422
71
-580
-993
571
-326
359
-227
519
-364
233
-587
629
-597
2
-682
-103
219
-544
178
-120
-775
-474
-175
-632
-539
-812
322
966
968
-903
-83
659
957
705
787
715
-4
-900
-41
-365
-591
-626
-730
-641
-708
-724
17
-307
17
185
-660
-159
175
-867
206
622
-338
975
841
574
721
143
-173
-754
-628
867
-413
-935
991
859
-248
-832
863
467
467
530
-874
901
197
-546
417
-104
-14
-126
-489
345
-859
174
-390
-332
-723
-694
710
-721
645
-543
-778
115
962
937
-106
-920
-139
-64
-909
-228
-496
485
-594
640
549
895
191
239
426
766
246
-500
313
-292
-787
167
804
-96
-774
-181
-746
-337
-191
391
84
-33
-939
807
546
89
-145
-930
-607
266
-313
-830
-9
502
-97
-651
-585
730
656
59
943
541
459
-3
193
-894
274
472
857
-452
-529
-654
493
-50
-15
-501
-574
-610
728
668
619
-331
-954
-336
-211
-185
-619
475
590
-567
-121
-742
-885
83
-775
905
-872
-684
241
219
595
-740
-362
-599
-558
587
862
458
-454
-285
-958
763
369
732
-898
188
123
724
405
-73
-63
512
-846
-307
-671
468
121
95
350
-581
-341
-138
-921
132
424
-881
118
-439
-225
-41
223
509
369
990
824
-239
-604
-661
759
-861
307
220
-122
-685
403
-232
340
-237
-768
900
-938
715
-458
798
-917
-378
-421
841
-483
765
617
181
-782
-850
-198
-22
770
793
492
-943
-556
358
-748
175
-319
-170
590
-337
-646
-876
226
-565
-716
248
115
-969
625
-1000
850
-902
619
267
271
-39
522
284
-945
-446
165
311
969
82
-43
-477
-502
227
20
-916
712
-74
965
763
-684
-359
173
885
120
293
382
541
-528
-122
-155
775
-890
40
505
-54
-907
490
-812
-144
255
946
463
13
-486
-371
-491
-566
-27
-175
-247
445
760
-639
116
103
-311
299
438
169
491
-30
-2
436
-767
724
869
652
321
903
244
-105
291
-284
-10
-968
-872
-432
439
83
120
-861
-20
684
-668
-953
77
-959
490
-961
-755
-496
550
-735
730
838
21
50
-976
214
661
-404
-824
770
329
462
269
-968
601
-768
255
380
149
194
928
350
42
-736
-916
376
-195
-380
-202
55
-427
680
-578
-541
-219
-938
-34
-468
615
-994
116
-173
-732
707
-647
786
-929
-670
352
585
-126
-912
-758
502
-593
815
838
-112
121
-739
263
928
-196
-854
-755
-675
-234
291
293
-126
-391
384
732
462
-519
998
943
-520
-593
-279
-322
45
-976
226
782
-424
568
617
-594
252
752
496
50
577
495
219
-725
169
-68
-513
-169
-403
-431
-602
996
649
523
-628
544
-128
318
-662
-467
-675
-763
-771
-992
-24
536
897
280
994
278
159
811
765
-159
592
28
-726
-694
-419
697
592
129
-139
225
774
-18
-198
-765
-723
846
-728
817
925
149
-989
-764
602
-830
-564
-663
547
-976
-1
-520
-840
-968
-852
229
-539
564
864
95
63
831
464
-826
-327
-600
-462
-693
579
149
615
-577
-64
19
-679
717
675
-52
-163
-253
-218
930
964
-373
-682
-217
996
873
-178
-545
-130
-51
846
845
812
-536
567
-454
-967
-133
-234
821
300
74
-229
-940
371
-352
-986
-856
488
796
-963
287
866
170
-229
-606
-437
-884
536
543
-375
630
113
977
-596
298
-460
427
275
-376
-981
-732
-661
-281
-878
235
756
353
854
940
258
296
-676
107
-387
-426
972
-467
965
51
-392
-73
-313
-832
748
-930
-492
-320
628
-883
-636
326
324
-716
582
552
104
989
882
691
713
235
-530
-391
585
299
-663
694
635
-756
327
417
50
507
10
141
-76
-537
41
110
746
788
784
-616
-57
315
771
-941
338
222
-384
940
-46
-40
-976
-667
-490
291
-726
-659
-818
852
245
-742
-87
465
-697
-126
588
322
-18
-520
-181
-75
-790
-604
-249
-373
342
796
340
545
-495
-50
294
825
797
64
-168
998
483
910
-552
695
977
178
418
522
-542
-446
967
-46
-88
-141
618
371
-744
-692
-456
-822
-958
-555
-687
-694
875
190
711
17
-279
284
-638
-55
842
-914
973
506
897
-66
-943
-52
815
-110
-533
411
-438
658
637
515
-900
-571
-946
971
843
-284
718
78
-224
784
187
-252
662
159
-743
-161
113
-575
321
97
73
513
-391
-421
-383
-969
44
-384
248
-86
-331
-695
172
-622
-963
-191
662
-660
607
-144
229
119
68
-410
522
108
-319
77
942
666
217
224
940
-321
895
170
78
867
-676
-169
23
669
-807
568
-454
-359
314
-270
-810
210
-41
-459
559
937
-200
762
889
455
45
-778
275
447
823
-548
926
636
919
-466
-439
346
-368
755
-54
-655
-901
-412
-197
-52
343
177
-337
-328
-565
-223
128
-776
170
-490
150
325
242
303
357
50
545
-793
404
637
804
58
-795
-702
797
-792
-106
-790
112
802
419
672
-6
322
854
852
719
199
61
-775
847
-515
517
441
563
-453
-200
248
394
-458
-111
-939
827
-861
24
317
-714
42
318
-630
-677
-602
630
345
-154
-39
702
409
-426
-324
473
-81
153
-893
971
-825
854
-177
-256
69
806
958
441
-503
-353
221
-860
-128
-577
685
-457
-73
817
979
-888
-53
335
-983
-292
-660
309
435
522
-864
-291
988
891
-797
109
815
-831
-164
-439
-239
-559
939
-938
987
798
655
-548
-971
-412
52
598
-754
317
505
-102
216
723
-320
-753
241
483
-162
-800
-852
778
466
492
717
-353
658
503
84
-84
-303
881
753
-725
-626
-79
134
249
469
366
922
681
-536
137
713
-792
9
90
-247
296
-418
245
-41
-341
679
-87
208
526
-517
-875
12
-641
894
871
-524
-611
624
-846
388
-181
-81
780
812
896
-4
-654
-400
830
635
-440
-417
-436
500
-432
865
-878
-554
421
746
-319
843
726
491
685
903
458
-744
89
554
564
-333
413
-331
-796
-601
181
-663
215
-687
-583
507
365
57
357
563
917
719
-556
388
7
-129
-466
-74
-339
471
683
431
-33
992
930
16
586
-233
-765
603
-932
576
-562
-765
974
-384
126
636
-738
-263
-59
-623
-536
131
-252
996
913
469
967
335
112
706
-692
794
-950
112
110
806
-248
485
210
822
534
-86
45
-707
234
-271
256
-510
-513
-877
321
-32
-226
258
-441
-678
408
-387
754
-228
-174
258
356
940
622
-419
-624
335
258
799
-674
168
535
-230
247
-964
-497
-392
467
-415
308
-532
-883
-555
-103
544
-432
506
-160
573
-639
-193
904
-695
-792
-102
-929
-965
619
-847
92
-662
-727
344
-110
-477
-223
500
-830
-966
-596
-290
336
759
429
595
575
-511
964
-551
860
857
729
876
-668
429
-981
-249
435
-691
293
542
474
-630
-663
-73
-84
298
-643
489
-907
777
-577
-596
440
-583
-379
128
-269
842
-379
954
513
116
-162
-983
-212
-47
-494
615
-212
872
-272
-85
-495
-572
-126
875
569
691
-384
894
318
-774
78
-113
-993
454
921
782
-279
701
-198
369
786
-717
-812
520
-574
-936
-528
-562
607
-481
114
875
-989
570
151
406
92
401
-642
-152
336
513
-448
-868
922
273
941
-734
-939
-545
-940
67
212
-327
-689
-258
124
-536
761
337
-193
919
-627
-940
-874
929
-980
703
906
632
-294
475
-657
-622
998
-618
-51
302
-636
-288
316
629
-279
51
859
-917
-749
-689
-307
788
290
163
177
659
-890
312
301
782
-346
119
759
-547
906
235
527
-574
838
817
11
82
-444
-468
336
97
-899
-299
91
-484
835
-753
-86
-736
-130
424
713
-392
-543
396
-708
-989
520
-492
-938
-892
-415
459
-300
467
-844
129
233
833
800
-247
327
440
403
-931
535
593
213
-111
-939
-912
-126
805
-117
665
226
212
-952
-250
-153
521
492
-192
-510
241
-573
202
498
315
395
718
235
-20
372
143
-577
944
228
829
-693
331
-157
-25
-959
-739
794
-709
-275
211
915
-999
-394
906
124
422
-829
751
-82
-660
791
-750
-75
-482
186
-407
-693
-312
-650
1
-907
725
171
303
777
603
479
68
106
962
-826
-642
-61
-798
281
252
-164
121
-298
-86
763
-133
884
-166
10
-396
-703
996
-464
-903
651
372
415
-291
-857
-783
842
703
161
-834
-671
-896
784
-230
938
-589
-123
258
-818
-850
432
-730
-563
-516
-961
104
414
308
837
864
-809
-587
-462
-51
-58
312
740
183
-758
567
442
496
-31
-276
-911
-920
-674
386
-659
160
598
-392
-763
-218
-184
-588
172
-33
-457
596
-616
-445
-59
-961
928
865
333
-38
-314
243
-163
743
-401
-595
-689
984
-661
-817
946
689
582
794
-215
-628
202
895
-528
357
846
-685
-681
789
-482
47
-803
-787
680
-941
889
-584
-959
-294
103
-269
387
-247
158
-999
452
-238
-182
278
-381
-763
-645
253
289
69
506
-363
-263
408
-334
350
-755
-248
914
-975
-481
-200
862
582
937
-544
301
447
-198
89
499
-110
206
548
-613
-172
-152
308
608
-944
-338
28
328
-618
673
467
-658
-223
-120
-140
-614
289
104
-782
-433
-441
706
537
914
-129
-375
-832
82
855
270
-214
135
-114
202
299
331
-56
423
840
-720
142
-36
-537
-467
674
-253
-106
-856
-992
616
-665
-623
-336
672
-167
-983
407
867
-990
-386
-243
-40
472
708
-934
-804
47
-623
-422
-897
-52
85
-192
539
248
995
-58
321
-895
-959
930
546
-198
-712
-796
-665
259
-136
539
-403
-573
-68
-40
-176
-367
229
523
339
451
-331
-903
393
-963
843
-897
852
-357
774
-336
312
490
-857
-646
58
-272
-56
759
346
108
-142
496
666
-744
-320
251
74
443
-594
-155
130
875
61
986
411
255
-266
529
362
915
-360
997
-758
-476
-192
78
-203
-612
884
751
-433
-744
-196
152
575
-700
-339
859
26
536
259
507
253
347
-805
-975
-105
566
922
441
-702
644
173
-711
-436
-123
-82
1
-682
850
-864
269
-312
-886
-568
-888
-818
-965
872
427
852
237
-312
-669
233
-952
-77
529
-941
757
44
-582
63
-334
-677
495
-558
63
247
-297
-382
838
385
-504
-118
-792
-149
804
798
-735
-428
144
283
157
834
448
-182
133
858
-674
609
690
302
-934
933
770
-860
-357
-399
391
94
-908
-308
973
-53
-31
-167
436
-374
865
928
-645
855
-579
981
350
995
-618
882
-746
-764
909
-522
-321
-778
620
89
935
348
-222
843
17
-8
780
24
-919
802
559
-263
-445
-760
945
651
300
-285
-809
-556
-574
-79
-231
-345
-529
-732
-158
-330
-655
935
-476
-881
-619
-504
-936
-604
753
-777
-637
-133
-591
-455
932
-610
568
-567
-359
-304
377
396
-62
702
990
191
765
221
805
864
880
165
427
-395
-538
-551
288
-708
960
-238
-534
-368
189
264
22
-843
-332
-516
761
753
-690
-843
36
999
-192
-219
982
-735
-74
-9
363
-983
460
999
67
-204
-586
13
-451
300
207
312
178
-216
-210
-764
-770
-294
-124
-953
104
-683
-350
-851
-381
472
-296
718
-18
-148
536
697
150
38
25
-416
571
89
871
-753
-865
747
-600
761
379
-942
-70
-718
-100
555
503
-205
602
151
-230
-499
425
-765
-852
-3
537
-990
-649
168
56
-967
300
131
424
-586
-737
98
683
286
-960
267
825
-494
373
582
-620
-659
-142
-429
-285
621
779
-248
-565
171
-160
710
284
-312
-265
-841
-649
935
232
38
541
401
-591
-54
-493
808
154
-960
146
-356
435
-427
971
-956
9
-3
-985
-678
151
-765
-388
197
233
-387
-149
-301
492
730
-778
435
642
-165
-528
-99
369
364
-755
-433
635
830
440
948
440
274
-893
-301
-497
371
-135
2
516
-111
-960
-732
843
662
666
-634
-5
-730
74
-190
541
-840
83
-642
-28
139
-356
996
-314
-729
48
-417
-392
-878
339
-609
969
-677
-498
233
-859
678
587
-402
-711
276
268
725
-362
-881
-138
-344
-658
767
-341
360
-804
12
613
-690
448
160
-914
-1
-392
776
364
-469
-726
247
-86
-285
-35
-441
-782
548
72
141
-249
-716
-350
-217
-226
456
904
197
-628
-801
-466
-718
-102
623
-915
-643
614
602
778
728
-780
-116
-266
124
401
964
338
7
-520
-963
203
-973
-243
-552
-813
516
246
-473
176
-498
458
-904
94
817
-623
204
-65
626
-260
-365
723
-281
-882
-234
-637
-690
7
-127
54
26
-175
-389
-793
620
275
387
-770
74
323
569
-550
-562
344
486
-912
174
-562
424
893
-557
19
302
391
472
-402
989
-670
-351
-369
541
399
-635
977
387
-81
-806
28
283
485
780
648
-479
-919
425
-852
-564
472
-644
-141
313
-455
-428
16
-465
187
832
-536
-908
-694
-439
-2
556
784
-548
-35
-632
24
-238
494
67
445
590
969
916
417
-733
-952
-96
858
688
86
864
967
-392
807
-837
-799
-430
849
-496
764
970
-328
322
445
-110
-744
-81
-571
-984
811
479
971
757
458
70
135
-416
-432
230
-661
141
698
-988
972
53
-117
372
-578
242
412
-844
-417
391
929
595
89
139
-330
972
-437
-320
24
-317
801
-28
-864
-710
303
-941
90
-768
765
-985
-556
-57
-276
589
-830
-240
-457
309
446
-843
789
-602
140
67
138
-709
172
274
-899
478
-23
435
-347
688
686
-779
-132
754
24
-269
405
371
-809
782
-726
-106
-786
-398
-626
526
985
-617
-942
-774
14
-489
-973
567
605
-457
80
694
-927
163
-295
860
-792
-853
563
-177
-241
372
-888
868
-745
620
-885
706
-396
-866
585
-622
-413
238
555
182
-709
561
-488
3
-691
-996
679
-596
-602
712
-733
-596
-637
-865
359
416
-29
278
696
303
-1000
-442
594
486
23
872
858
-812
128
-3
-77
607
-57
-233
-483
-590
-432
216
151
708
-246
-411
661
245
-494
-266
989
-841
408
-99
875
311
-594
448
-188
406
605
532
-569
-23
786
-344
-561
-311
-522
-964
-666
696
699
-339
900
817
306
766
-427
906
-487
323
-872
345
-607
109
179
64
-978
-3
-844
-682
792
695
531
-60
-833
901
-909
313
507
-764
-409
922
673
47
-15
201
545
-89
501
864
652
-740
-115
-166
692
-534
326
-977
-933
-478
599
-630
445
420
305
377
730
166
-126
-607
123
788
-652
-805
-842
36
258
-898
509
-460
859
682
-320
-734
-289
-530
-445
-600
902
199
-374
-589
112
-234
640
734
359
-755
711
288
720
613
-390
-722
17
655
-625
-114
812
-219
24
121
-598
908
504
-564
563
-135
-574
-436
-375
365
509
291
-860
526
-603
523
-280
803
875
486
402
-181
-756
-984
-238
763
959
-95
99
3
-313
-789
-107
107
664
-228
-276
-417
71
24
-255
420
634
503
-938
630
415
190
-233
-465
233
-307
844
-490
372
-267
75
-734
474
-253
-326
-406
-146
-851
-302
650
213
583
751
212
-588
-238
788
112
-875
979
491
977
-557
-516
186
518
-699
105
225
-582
-232
856
128
9
452
-906
-330
-801
80
-878
308
-2
690
-879
-33
315
-385
349
436
566
-608
778
375
805
-363
967
340
-180
-268
77
902
522
-278
-232
-699
995
322
974
170
-250
-605
-560
911
330
-669
237
-383
90
-646
-643
-601
-599
129
-79
-67
900
921
725
969
179
424
-530
894
924
767
-730
542
532
-377
-847
-21
130
-391
-997
-570
130
316
-992
201
787
-375
-473
-224
830
331
-900
-767
-301
931
936
140
-222
-41
-944
-642
-846
26
103
-208
465
647
-671
-356
265
167
389
-97
955
178
-163
890
-805
914
13
-301
584
-413
110
824
294
294
166
803
746
-379
726
-727
-895
305
-272
-947
-291
774
-398
914
-546
737
259
-211
969
616
345
536
-649
839
-827
-173
-996
747
-20
-810
321
-25
578
129
-399
-556
-251
-940
750
-250
-669
-582
173
585
-679
-352
-684
-422
-502
-732
958
-62
-840
-535
-567
461
946
470
-707
105
409
-738
-296
842
-671
-358
-582
-774
81
-238
11
-450
278
-612
-780
-685
26
91
689
-937
-515
120
-640
-331
-99
-258
-938
-936
-280
-385
63
656
-37
-780
-369
819
69
-286
-198
-758
301
216
-515
-36
-36
309
519
681
537
-106
295
268
-832
-931
227
-444
126
-595
-334
-52
795
-638
935
277
-76
238
442
149
-77
-563
-332
521
254
378
776
-666
169
890
249
861
-215
742
-501
-579
631
-953
442
-381
812
346
305
700
-321
195
648
987
-264
509
45
-939
-256
751
285
-103
200
-661
-545
478
930
-704
526
-907
735
303
241
14
-202
-598
585
-458
-594
-88
-378
829
-424
-106
-826
902
-964
-361
-517
615
79
-292
-760
960
782
-145
456
905
681
313
891
-988
751
740
461
-766
-127
618
101
-654
694
-532
-265
-125
-533
527
-122
-742
692
144
-390
527
68
104
-967
610
-491
-197
86
-69
-556
459
531
-577
-244
-519
835
894
-899
-501
945
458
409
-391
471
770
379
-750
492
604
-396
-117
-724
769
403
615
-827
97
-64
259
364
-392
-426
-664
234
-535
-565
-397
279
-506
-979
753
-239
530
-502
804
-919
845
492
-685
490
-289
-545
-147
-553
-912
-784
-66
-753
963
-524
506
96
-957
-909
102
949
-906
-17
246
189
670
213
337
-982
-162
-530
-368
-46
-614
-510
-186
-938
-825
522
-614
-355
-639
736
239
-724
-533
-795
852
260
401
447
183
-168
