983
-40
-744
284
130
-108
-576
877
248
-238
-357
777
-273
-856
-274
966
-32
-203
-147
329
-313
583
-499
-430
-457
473
342
-267
778
685
680
-203
-746
178
-59
158
619
-542
796
-833
-999
-133
342
3
-497
-328
665
-53
-866
-853
-710
345
-292
825
927
539
-252
226
898
242
890
-757
-990
447
-20
602
-636
473
-716
637
-89
77
699
-744
900
-942
-936
-263
580
119
-811
713
-85
924
-398
594
-397
-166
-829
151
100
416
-892
645
-18
-869
-706
660
473
-543
-831
585
836
313
-607
684
-566
843
477
-48
-478
64
-790
596
-971
-331
-322
646
-309
-206
-552
991
318
657
-611
286
880
861
-450
53
297
-279
853
858
-984
-615
606
347
-918
433
-781
-318
-71
697
223
-528
844
-951
-908
-855
-740
39
87
523
-458
298
201
-276
-932
393
721
736
-361
821
453
-556
-377
496
200
-54
-982
-935
717
609
-597
134
425
-641
-974
268
167
-98
362
-819
-299
-943
-817
-754
587
498
-122
-332
700
-487
-793
91
-267
954
-587
131
466
412
-66
151
-720
-622
349
651
29
280
-131
-239
-965
-917
8
264
436
-843
-370
-462
472
-77
-95
-447
-671
-443
701
-643
599
-398
741
-204
-464
-506
872
-18
-545
-519
35
-228
-307
268
976
701
517
-30
684
205
-199
233
-410
698
-525
357
-926
275
102
87
-738
400
-286
559
-324
921
725
-181
-754
-12
127
-486
-848
-547
479
689
-353
-892
489
-151
-728
606
521
196
-709
-295
800
314
205
161
285
484
61
407
-168
-476
-914
500
359
463
-621
26
579
328
-358
-125
309
91
655
153
-566
594
353
-15
134
791
-527
308
-827
-9
774
348
-100
-609
254
887
-35
438
-289
-805
9
647
940
-169
0
-151
291
-799
-267
652
-285
257
-755
82
858
-631
37
-584
-820
111
-525
416
-175
-663
997
381
-571
564
870
-951
-141
641
-673
342
955
781
954
191
-512
539
193
-597
-817
896
-75
366
969
-214
-549
859
289
894
161
761
-463
-820
622
945
-233
-846
-297
738
-803
42
-467
-511
-634
640
756
96
580
-779
527
505
615
-743
-825
-152
848
-184
-950
322
355
-588
880
-474
-517
-870
-519
175
-601
884
595
-269
-942
90
-745
-5
513
-186
-110
606
-683
467
-366
-980
-800
385
-826
-11
-620
696
-344
388
-265
-923
-169
-357
355
-826
-292
-580
314
-994
382
817
-810
-778
321
936
-546
-383
905
175
373
-55
541
88
237
-661
-329
361
745
-52
-712
-974
-33
119
-89
860
-196
-28
-598
91
386
422
861
79
-515
625
143
893
-829
181
237
197
425
-340
-650
-65
-286
140
-451
583
642
682
-147
-574
897
-676
-937
172
-964
-264
-698
-960
-619
-722
-44
611
634
862
277
-979
707
40
-543
-267
901
-545
-192
312
-588
-680
-707
-555
-347
133
-595
520
-943
264
249
-351
-603
-490
262
-912
486
218
-10
-864
-829
-861
56
-627
-509
140
-678
-989
220
-59
-178
980
-843
723
-181
774
948
-847
-230
615
-735
-303
-511
-291
-740
691
-691
415
634
848
-760
889
842
-285
-310
768
-347
853
-981
-941
180
-236
550
-247
-276
-144
-742
733
900
-110
346
675
-281
201
-572
278
-875
-703
-785
-785
132
-990
461
-812
-93
-109
320
634
655
473
-375
-471
-529
640
827
587
650
436
-482
-128
-887
188
336
817
886
180
-458
910
-509
-106
-400
758
840
-124
234
307
532
565
-226
-544
-220
-374
167
184
882
-453
-527
-899
-715
834
-852
593
-666
-540
783
-604
131
-969
698
-966
-580
741
-461
-184
-582
-852
930
459
-257
-465
-600
-234
937
-916
842
342
-607
474
236
-77
-768
127
-248
-267
-80
-132
-947
960
960
-554
-348
462
802
818
654
-856
302
412
426
321
138
659
947
814
161
-524
-571
325
655
594
368
-190
-929
751
229
560
-117
-534
765
-502
835
-763
729
830
970
-383
868
170
-247
24
-603
-937
-554
599
753
-562
-704
390
29
523
17
-586
-271
-467
950
-874
327
822
843
625
-781
790
-177
407
717
-562
-985
102
537
-989
-145
742
584
-526
666
702
359
234
858
102
-875
-598
523
-582
931
488
522
-777
388
-965
564
-155
-189
278
297
-15
131
834
207
550
-159
822
-46
520
-10
454
825
940
874
-59
484
-265
194
183
-191
-206
-934
-408
-674
-249
381
243
505
-86
177
-880
420
-489
528
446
4
-796
-640
888
872
-174
-412
134
-170
406
828
-45
-975
-530
472
-585
87
-814
954
-976
-297
-999
216
594
975
-203
497
216
-44
876
279
-395
171
-300
858
-660
-44
9
-634
-680
-746
-258
-205
697
357
127
970
-980
560
-706
-265
725
-89
834
-199
923
634
-72
-345
-879
701
821
-995
-787
952
-231
547
-682
-614
881
-65
-689
-915
-694
-751
-246
-812
429
-996
731
689
91
501
-262
-924
790
131
-844
430
185
-569
479
68
485
229
-744
174
362
560
171
143
174
19
-546
-417
-147
492
235
99
-339
323
696
-226
236
-360
-860
225
760
-85
-880
-353
795
437
-201
924
-975
-844
267
-765
-424
659
-482
-779
931
-441
-789
-65
-805
-538
895
821
226
451
934
-501
869
980
-906
435
-451
-667
-878
-432
258
