6985
161
794
-514
510
596
-491
172
394
-790
-541
-73
883
82
659
-718
-626
831
-663
-297
-531
152
-750
-778
895
444
745
298
898
-650
163
-284
185
-856
116
-249
136
135
-764
671
-4
-861
588
-34
-488
-959
-166
245
233
-569
-299
-917
-133
980
-294
-723
677
698
100
850
-816
-296
746
-118
-843
-136
627
-462
563
-591
261
-153
-576
906
-806
-507
951
-708
-572
-358
-256
-493
-665
-420
-659
801
852
643
896
911
871
-988
-774
-224
-570
-309
-802
580
570
389
596
-730
234
599
650
866
-30
-209
485
519
803
933
-955
276
147
781
198
739
917
715
915
63
452
403
-187
131
-358
669
457
-528
93
-734
-561
-854
-344
-283
606
-384
-617
-879
-330
-570
987
538
-467
160
926
-430
-341
430
-735
-68
-671
-193
545
53
-620
-941
25
-749
584
625
240
253
-169
385
643
-587
161
-937
-883
414
381
668
-510
734
-499
-453
267
-399
63
-459
588
807
-176
-350
738
811
684
325
-648
-335
-896
490
-712
732
-623
-290
-226
-263
421
187
-856
-901
-898
783
170
852
743
-712
-113
-308
-169
446
-39
-271
-621
700
745
-20
736
-83
-134
363
534
-49
-584
-719
0
-441
-946
-282
-753
-431
-131
-900
-386
113
-247
815
-463
891
-948
-424
519
-613
-226
-225
-162
-574
172
-742
-171
-353
-875
70
-628
501
132
-752
-296
542
-344
-607
36
-100
847
-332
-431
-281
448
389
-547
217
-248
-136
-670
-846
909
-301
661
200
334
905
-769
462
-437
-28
328
-208
-79
-545
943
73
-450
317
950
-511
354
-200
410
-106
-74
298
561
-443
279
-879
316
949
634
547
-500
577
-380
879
-976
128
-143
699
-772
707
-302
-145
454
410
500
494
890
-237
923
-164
-114
880
-370
224
687
-653
-933
807
-262
-935
395
66
311
-527
-160
878
511
744
-229
622
-482
866
-213
695
659
998
128
-440
501
582
93
-877
-800
938
-149
-132
-931
616
26
270
-241
866
-878
164
122
541
-232
315
510
281
445
-351
-671
-575
816
377
-294
449
-204
-913
969
15
892
738
-187
-664
-606
-653
-162
-824
-121
665
-640
996
229
174
505
-488
-912
-343
817
776
-886
-952
136
-299
22
714
351
703
-891
903
812
641
236
-787
176
558
-953
-872
-475
-27
-890
220
-175
-525
-11
914
-1000
966
218
-771
-82
-518
-24
760
-135
50
176
-514
-28
-460
935
773
-848
897
2
151
-938
143
110
831
888
117
812
-867
501
611
-503
-26
-517
716
-372
331
662
-383
777
387
647
-613
-430
-104
368
564
445
-853
283
242
17
837
-6
-367
-902
268
-550
-644
-868
-898
-511
-664
4
620
246
-963
73
38
-129
-158
962
-433
-507
372
273
-67
-395
-702
-723
-369
-576
440
77
155
161
790
-864
-637
-930
653
-22
851
-808
-714
537
874
-627
-850
-506
-141
237
-431
-810
591
-23
770
-448
-80
375
644
-999
404
-238
760
-709
-852
-33
340
708
-55
826
-148
731
-654
-737
-624
317
-157
-524
786
-795
-986
-317
642
651
887
-938
-472
-541
678
171
-852
-522
174
-713
-699
-370
-179
-953
-723
-662
768
673
622
-959
-531
-407
236
-780
700
207
893
-324
274
-730
377
-493
-245
-944
-22
638
819
420
640
-425
626
418
-700
922
594
-707
455
-91
190
663
134
-190
-24
107
892
-735
455
819
244
78
-516
425
-199
787
479
955
-19
-170
763
280
-622
194
98
502
376
291
-834
-842
-76
-661
182
-592
841
-510
-903
-696
501
-902
954
-430
-581
240
343
849
-744
110
-232
-389
500
526
129
88
-729
473
580
985
-522
-498
-554
614
-743
-706
700
576
410
-733
-894
-507
331
673
-745
-815
-956
725
57
913
953
394
-616
643
52
-198
-150
-166
740
-879
-997
30
161
990
-338
-608
-262
-381
-604
-901
-19
-69
551
885
546
811
-876
324
-827
-671
244
-786
-273
-439
-891
-471
176
543
-935
-14
-485
350
667
-183
-179
151
-999
-824
-933
749
274
820
-473
445
398
-323
302
604
20
288
-958
-200
-356
-805
735
768
-110
-384
76
768
275
275
33
932
-328
942
543
-35
-452
-924
-657
-350
747
-719
363
190
-311
640
-877
-185
-101
199
782
751
-842
701
302
691
-733
540
749
-463
-852
610
-887
790
70
193
-214
-475
522
-491
508
164
-366
-890
-306
-719
-852
51
293
657
-594
-801
-723
441
-378
360
286
-970
-308
49
55
902
-584
66
473
489
969
-218
690
66
281
-494
821
408
154
-747
195
-278
-180
74
696
559
-833
-662
100
-838
608
655
548
-388
-526
-957
796
900
-982
-472
932
-799
582
-751
-20
681
-86
-180
685
-718
681
-237
-482
-419
-243
-408
-145
194
708
-514
-410
438
-377
902
-828
586
-793
-441
-958
238
262
-889
509
850
-704
-586
-36
588
-332
282
218
-555
-333
-44
4
-706
-829
-911
128
-671
-704
61
-760
-414
96
-398
306
340
593
319
45
856
418
-636
-950
160
-197
-183
-348
257
249
-211
-434
-361
-262
-356
200
-542
97
-374
685
398
999
-403
-596
-79
814
359
241
974
387
400
864
54
-736
-638
957
174
955
-498
-726
155
846
-868
510
-886
-973
799
351
-772
-532
919
-772
719
253
-816
857
552
-553
696
-777
-613
977
830
-577
-211
-812
694
-117
-687
324
825
-206
575
-441
89
926
595
-205
305
636
-975
808
811
-145
86
-586
-420
1
-999
924
442
791
385
911
285
-913
-576
132
467
-951
-323
-214
830
-769
271
-169
-280
530
517
157
71
-973
-509
-424
555
-277
-57
-121
659
296
-342
-668
-48
500
-254
-766
-446
611
-237
-462
318
809
-874
-894
17
-251
-62
-462
-242
-978
390
-539
579
249
648
81
426
-156
-760
-702
827
50
686
641
255
-412
35
-116
-721
912
427
99
443
-960
479
-290
662
-327
137
-274
-818
-730
-328
-161
282
705
468
-442
-147
574
-629
-691
71
996
-518
488
-726
-103
711
-93
-135
265
-325
746
-371
402
845
244
417
142
-743
-483
845
-50
352
687
-47
512
-823
-52
-473
413
293
539
378
-398
352
924
550
-488
868
-150
-27
-734
-185
-100
-392
435
-860
535
-761
233
263
804
-369
170
818
265
-998
-151
637
247
-915
-987
426
592
-902
574
854
-46
166
-347
-196
-635
341
336
-700
-36
-943
-650
664
-885
-70
717
-874
278
311
141
130
-942
-310
-48
-685
-629
-638
809
-514
-224
-102
-321
128
766
-177
-540
-956
-392
206
518
164
-384
28
65
461
-27
255
750
-773
424
-598
-51
403
716
-218
-54
-240
-981
219
847
292
879
-514
-650
-240
-364
580
617
896
-937
-475
-472
-83
746
-436
758
678
263
90
33
-327
910
843
956
426
-179
384
555
-922
811
699
-646
-622
-494
986
-743
892
-377
42
-952
931
758
476
-549
659
366
213
491
-936
-25
832
9
756
-596
-914
-577
-965
520
-242
597
379
-111
999
621
-358
108
386
-100
439
-101
-844
101
770
554
793
-909
536
-222
-739
530
-537
775
323
-165
160
-491
824
-53
650
114
-158
-466
-654
207
771
-419
-320
576
-615
-958
-570
-426
-841
803
-398
-10
-226
451
-990
-264
-443
256
-441
-131
633
-966
-399
-947
253
-190
234
-147
-190
218
592
170
-655
-962
458
180
-203
-241
-357
314
487
776
-924
926
-703
-257
340
420
132
-742
155
-244
-428
-726
204
-262
-912
-23
-767
814
-480
620
88
197
-872
-699
-758
-292
937
-553
-340
-293
-169
342
-241
-794
229
-997
179
-357
747
466
-648
-71
-806
-464
-140
78
358
772
449
986
578
600
670
-315
666
-348
-59
714
-263
-145
-323
479
699
355
950
930
413
-948
737
-975
-575
429
-686
358
141
47
14
413
-589
-986
-193
-108
-117
-349
-266
-562
300
-145
-945
-781
-263
667
-32
-136
-8
625
60
230
-993
6
-588
890
375
-433
-659
-376
-77
-852
-387
-323
-359
-859
446
-144
910
-208
597
-45
-975
812
620
156
-147
334
-469
-117
-974
661
-746
-697
862
428
688
-999
900
-917
-931
836
-258
-502
-924
-352
-321
-924
884
-862
-287
-317
638
-103
-419
-882
-880
-328
-326
828
-95
-101
108
419
808
759
541
-558
791
-797
938
343
85
-627
-748
-658
-934
-566
455
-506
803
782
295
-463
277
-764
629
-519
206
891
-878
-838
-9
-35
971
-161
325
124
-430
-627
-129
-101
-307
-746
506
759
-488
-773
-128
849
917
433
-32
-311
948
62
622
695
221
-128
-133
-935
-534
475
991
84
-782
-323
563
-647
608
-784
443
-745
-494
-773
-512
-330
-483
-571
-164
839
-258
343
62
213
-277
-19
-402
-121
-120
-647
-597
-58
934
483
-353
-314
-538
-751
-668
498
267
-289
-752
360
797
444
699
238
-711
-928
737
-368
-74
141
-589
-120
754
754
856
632
923
-426
609
-586
-678
-393
-54
773
-582
175
-803
396
263
-641
-32
-59
609
875
798
548
-769
-878
452
-766
-864
-1000
-191
677
-180
-127
704
845
329
-452
179
606
619
346
-171
-123
323
442
-399
-855
983
-797
-767
672
-14
-163
159
-37
-302
-452
343
-482
-464
-870
-355
-352
-643
-753
283
-261
967
-384
83
369
507
689
371
156
676
712
438
319
561
-368
-634
574
-923
-810
-704
-650
-568
-108
-544
91
-629
776
891
-707
-231
864
940
-762
905
-844
342
-782
-945
-769
-504
-421
418
347
-546
609
712
-647
-44
242
-466
362
502
-805
308
-115
-798
-149
725
86
-433
-144
-524
-346
-329
689
-815
-387
720
903
-885
-487
40
105
-864
-71
398
147
-384
-798
398
929
48
781
580
605
-102
764
-798
563
97
-569
428
606
562
824
-351
-303
-10
-146
-844
-572
-684
-990
584
-488
-701
-44
298
-327
733
-96
-152
-721
16
723
-384
97
-354
-892
563
-329
692
129
888
170
327
135
-132
-774
554
-803
423
-69
-180
622
523
461
223
977
886
-921
787
183
390
560
-607
-432
492
681
-92
554
-983
986
-479
903
-843
-137
-137
-391
590
703
529
877
573
321
217
-462
-571
-244
-937
-556
-955
689
854
-935
-979
791
88
583
-147
139
-688
-799
-264
-431
93
-68
455
-37
646
882
731
-603
48
18
906
-293
877
-239
890
696
-753
513
220
620
267
-868
256
-520
840
-50
406
-871
-74
-627
-827
719
395
-538
-92
25
-680
-28
917
496
283
-193
82
284
-34
-801
991
-474
876
-724
383
875
-140
180
-557
-503
-122
423
429
-455
-662
947
-829
-726
-944
-953
-34
-90
161
-986
-910
403
709
-534
-952
968
638
177
567
25
-142
953
-334
-367
742
308
-357
604
-827
-408
-556
110
656
806
-714
-45
79
436
890
-668
310
89
-939
851
402
773
818
947
355
619
455
790
420
-149
-744
-539
517
480
730
-458
826
307
-320
701
-580
682
-46
737
-115
-335
572
233
681
35
-733
-589
968
149
-943
513
-913
783
-783
-47
-585
-824
311
648
-139
-899
-986
-454
-712
-179
533
728
434
532
-244
198
-131
82
-472
24
831
648
238
584
216
366
-820
519
-120
-620
-837
-482
830
-157
369
111
-37
-66
-93
-67
-636
154
-249
948
-954
664
-233
-105
-860
475
418
949
556
907
-84
934
-56
-908
950
-537
-879
-661
600
-496
205
959
-213
-209
-983
168
979
531
866
942
793
870
-836
680
-121
839
-986
-464
-323
676
-91
-96
-784
449
220
-693
-526
-89
-3
266
157
-884
-38
-447
840
10
532
-530
316
543
581
-963
561
-767
-983
827
-255
-773
630
-219
254
649
188
379
607
-996
247
439
-763
778
370
-860
-788
533
-538
-387
-322
454
689
-828
-399
486
897
-5
129
-39
943
978
-664
519
328
158
937
968
-522
-110
236
700
-850
540
-653
596
-413
750
987
560
216
840
239
342
210
703
-793
556
555
684
-627
18
-717
-205
-224
991
257
-706
-623
-266
-744
-458
251
836
741
-578
-416
-775
-396
27
798
-47
289
-812
-752
-130
-356
-686
849
-636
183
356
-213
-912
-999
226
-339
-826
389
603
636
-971
-444
349
-752
985
94
480
959
558
-136
-832
-89
955
-376
294
-347
-94
-604
-127
-829
-301
72
486
-3
808
54
113
-220
-640
247
375
252
-149
-784
-374
96
-465
-480
-760
21
133
613
896
-484
-541
207
929
-511
599
220
433
-271
60
-909
-680
72
-772
-324
-729
264
867
-84
807
-218
379
894
418
478
-966
333
-472
-458
564
430
-81
48
-163
794
987
602
-817
-822
214
-449
-75
75
-116
416
-110
400
-923
-931
785
407
0
-675
-342
948
24
-962
765
-87
261
22
590
903
178
-664
-771
606
311
674
-480
992
67
-142
320
-828
-585
729
-803
-585
417
-280
719
-451
772
-537
506
-860
736
725
-692
-967
-860
745
-889
-940
-419
342
-442
-65
-520
286
-339
-780
-292
-290
1
-204
253
-426
977
947
143
-676
-400
-767
936
182
-160
-332
-913
-507
93
-479
-681
594
-445
-599
-766
320
-180
-880
20
465
-150
-823
-923
-59
365
396
-318
-115
994
218
114
-35
265
296
368
-433
577
-794
-343
453
578
-732
867
70
-890
522
871
490
-827
-139
-259
-31
-277
914
819
253
776
-909
762
-928
533
-754
-178
367
206
-651
15
774
-352
-432
800
-522
-864
-554
-564
-471
293
-85
656
-746
755
-749
-136
-592
-635
-523
-518
-711
-314
347
345
-93
636
581
887
-825
450
541
-293
-881
897
-747
-229
-83
-550
124
661
-305
898
192
-704
538
-518
-802
-22
-893
970
37
893
-467
650
392
-269
-468
-819
-63
-510
-440
266
-621
599
509
88
793
459
655
725
-134
-700
-677
-989
-275
-517
-711
592
217
-523
158
832
-987
-336
237
249
-129
268
-179
-917
-296
323
-90
-134
-980
422
-827
441
287
-298
80
357
-749
-372
-621
-85
694
-715
-120
263
969
734
500
-182
-869
-296
-354
-745
-77
-281
828
858
-291
-115
-138
-939
27
-274
251
985
-99
-17
946
173
972
-480
953
414
-432
980
617
-781
401
-199
-501
-532
-950
-680
899
55
809
858
-309
-978
259
596
-309
-320
597
-847
-429
-214
678
459
-741
-382
200
-442
-542
-464
-547
665
674
426
-490
-103
-699
-710
342
276
401
-194
421
-697
-786
-197
928
493
345
-657
958
-412
-63
946
-866
493
-658
-680
-820
-784
913
870
290
-918
70
574
779
324
695
488
-13
145
939
415
522
292
-789
790
-873
-501
-684
181
-583
-292
360
820
169
-6
-481
-46
-261
212
-660
818
-253
-86
-278
-685
-299
621
-11
907
212
962
548
-449
876
-957
-972
129
76
-366
-271
679
-246
-677
45
4
234
21
-253
677
138
-252
821
490
-875
942
81
-306
439
983
738
389
-385
364
-93
-446
-320
649
-434
34
-958
743
99
-952
-793
726
-572
550
-489
-862
205
-331
-980
917
209
209
90
-135
63
-493
294
-200
-445
188
103
-158
-423
-645
490
-918
-947
284
-801
510
-578
-514
385
656
97
350
595
854
-975
-459
-186
-757
35
363
407
-97
808
-730
181
274
-180
83
992
-168
844
544
-915
202
197
995
-954
-951
822
-37
254
255
695
-63
-878
-364
-557
-902
475
138
-303
-180
-191
-507
673
874
-87
874
-47
-578
462
867
-529
322
-226
-707
393
-741
-421
622
-64
787
578
-938
-757
-142
-392
369
-856
-281
736
-907
-675
920
730
575
461
276
-26
981
54
593
517
-553
86
-216
-128
-810
478
-599
-990
-559
-849
-597
-112
-295
-671
-124
889
848
-493
802
-247
194
876
612
247
-673
832
856
670
485
-546
-303
713
-858
918
-796
88
-245
-40
-529
303
-107
344
775
813
-661
941
285
-70
-747
-840
61
441
308
370
290
-755
-724
-290
-119
616
463
878
720
926
70
98
523
-791
175
-981
867
22
750
653
139
-724
833
355
-496
-163
-635
844
-52
-972
-50
-653
840
174
471
-596
-244
-362
38
-726
788
57
891
894
-208
-728
261
522
88
-245
257
868
746
818
-704
70
274
-937
-893
354
468
239
182
658
-567
-528
230
-515
20
-275
560
-154
208
252
-584
-305
696
-728
-717
-837
-270
978
-559
-208
-263
-622
234
43
709
-836
-460
-34
681
286
766
996
-583
214
892
678
134
288
192
-890
424
-468
561
-488
855
-402
-917
16
85
719
-989
-74
187
145
-956
726
-865
-608
-341
404
143
-44
827
349
429
-109
-754
-791
774
-77
-999
909
288
285
555
-595
-912
-179
850
110
214
790
-470
776
693
275
498
-597
19
-153
220
953
-727
-250
657
81
-521
-979
-81
-884
632
-916
705
-64
589
996
-327
18
-184
-310
-996
824
215
987
122
-867
-517
-565
968
221
261
646
316
576
124
-537
21
-892
29
-778
788
66
415
-404
-166
-973
-623
-637
-192
-724
883
57
-211
596
-914
803
-952
-330
-287
-3
-534
689
121
687
-194
-243
75
876
-280
-7
977
484
-352
432
-816
-551
-310
-39
-334
-49
339
413
996
541
-551
-492
-578
-304
215
520
-118
-834
-804
-949
-557
-601
23
-283
-181
-520
-799
437
233
842
663
-824
-930
663
67
632
-670
412
598
-404
352
-38
644
-867
-997
-361
27
472
603
-430
33
479
631
195
-134
347
736
368
-829
-724
-280
-404
-34
-896
-386
-759
-118
-638
567
-593
-306
-966
-421
549
98
611
633
460
297
425
23
508
575
-687
-838
-635
988
803
-146
-249
-798
690
-798
-707
-616
220
-924
804
-189
-292
373
-902
462
285
696
-366
-458
-727
-660
628
-859
-352
547
128
57
244
-98
819
255
833
88
402
-351
-134
-564
307
-214
-18
-509
188
-174
-294
-594
883
539
344
-324
532
-106
-731
408
721
866
-176
-269
723
786
253
-679
-577
602
-70
883
-684
-634
873
8
65
-969
492
-720
-700
-197
-513
-713
-548
263
-913
91
-144
-572
969
-638
-472
-732
141
714
-919
799
-48
798
-513
-34
625
-222
354
-733
931
-308
-69
-701
-727
-865
128
-30
161
-907
443
-407
-361
-232
-823
726
-566
-739
-834
624
395
-931
-987
-860
865
-879
-267
-895
-22
618
-896
750
892
187
741
-621
-886
867
597
778
946
-293
-398
547
-157
-1000
-45
430
-341
877
-459
-151
-626
352
348
-42
-828
439
-473
-281
-455
-609
257
201
-712
-567
-717
-22
673
241
38
-679
743
-867
471
-631
-985
590
-476
17
66
70
-749
947
91
-394
-607
-537
796
210
-57
-77
371
-588
-215
-823
-230
554
-807
-355
500
-515
216
-239
-973
-225
-292
-129
-553
864
93
-269
-895
636
-662
-317
629
980
457
-773
142
744
331
41
107
-802
-947
-734
711
-574
-261
655
-57
-821
799
-632
-596
-843
935
491
-104
-193
-347
-120
125
-125
448
-868
913
-706
-697
824
286
-564
774
558
-730
161
545
-792
-285
-122
-739
-620
396
-754
-210
912
372
-925
-21
-770
-995
-766
-946
948
762
-592
471
-189
-910
-41
-800
-735
-241
706
43
629
806
-543
472
-129
-766
216
-333
401
-311
730
-774
-738
-544
-514
987
-498
-118
-981
-420
827
-357
-122
533
-261
-644
612
-633
-214
-153
878
-896
755
913
-639
-650
-982
983
-722
-175
-198
929
-27
902
-954
-748
120
-867
-626
612
-881
4
288
326
200
412
-920
931
-903
-95
966
-232
-540
104
603
-838
37
161
-417
-72
859
-693
-623
-823
865
182
-436
-924
-809
996
307
-898
850
-823
-199
-163
348
-990
959
-229
-135
-174
715
-681
-984
-26
513
-474
-461
-342
545
-345
-925
197
156
707
434
192
660
-413
286
-812
-704
-372
759
112
-8
-715
-730
-806
-93
-455
505
621
715
568
31
-240
42
952
141
88
499
376
-6
675
-705
-955
61
-619
-398
662
-223
785
-551
-878
-349
893
-877
706
-840
39
489
-416
-739
-826
555
782
940
-391
-871
596
-217
748
538
321
-395
-518
525
402
358
76
-134
-351
-763
-610
-621
-955
201
131
428
-249
-537
-81
-684
-491
328
562
-273
-65
227
-859
-286
14
-137
797
-421
-716
-650
-84
-614
-817
-911
-442
335
408
-228
673
433
296
-754
-506
-120
25
168
165
-631
-230
-673
309
620
381
392
184
-966
-805
351
-692
888
-905
-349
-562
363
-865
305
-326
647
-450
796
941
-536
527
86
891
-996
316
-354
-771
171
869
-986
418
-173
-643
-145
534
549
957
-381
-16
358
476
399
-619
-957
-378
971
618
948
-408
936
950
123
-914
869
-682
106
660
-83
-470
382
601
464
-547
827
466
156
-973
661
139
72
-997
-503
119
30
259
182
8
-13
58
620
-470
676
-304
-881
-694
-898
362
327
-475
-23
-254
-793
-245
-910
-676
23
226
-796
-957
721
-746
-702
-719
997
-82
980
621
-743
938
-708
927
-463
568
676
-209
998
182
485
780
-602
546
-506
-216
-631
-290
239
480
971
-753
521
266
458
836
-971
119
78
-653
-747
-280
863
-865
75
652
-888
214
284
-937
119
695
-944
-385
461
-95
809
-800
216
-922
685
-657
-950
590
81
636
358
-696
212
656
-537
11
486
70
-211
267
819
470
469
935
-624
-148
915
815
-959
152
463
-989
116
654
505
-105
414
493
890
-653
-753
93
873
-490
-108
17
262
634
-118
-627
-842
402
-950
305
748
-223
629
882
65
212
-659
58
95
-145
141
806
15
-90
-762
270
125
-15
-345
625
-843
-237
313
318
813
-972
-988
671
-865
-359
801
-160
-399
-651
990
366
-702
938
775
954
371
-360
-841
-452
735
-634
58
196
-791
-610
798
700
305
-367
-634
602
162
988
714
578
-357
451
-929
215
56
-678
-50
-558
220
867
180
283
733
913
-10
-28
-548
-469
-338
-74
960
956
838
2
206
135
-976
346
551
-73
255
88
110
-283
-938
156
-428
-125
-405
851
-334
-987
-360
-798
866
-417
158
-158
-421
-519
-890
-106
-425
384
245
312
-846
678
58
945
657
137
376
167
525
433
-181
128
-773
-125
-903
-411
-695
755
-266
770
983
406
19
-310
-97
-779
-347
-856
98
61
-754
928
129
868
42
-285
-267
-26
951
401
-245
637
65
-823
735
911
-182
444
4
-575
979
-432
750
26
-870
305
684
354
16
273
-667
73
-140
239
-994
964
97
230
837
-398
162
300
-115
-484
-626
843
-506
987
-669
-131
-376
276
-237
208
-132
-402
-619
-231
455
-332
-566
-108
-300
-426
-354
-406
381
826
-474
107
390
-976
-52
-101
982
51
-109
809
-430
427
-903
-214
-424
447
585
565
469
-569
986
-681
867
176
-648
-602
-61
-151
605
851
147
939
123
-743
-597
-507
-328
-990
-342
4
-9
-472
-584
-798
239
216
-136
-794
-502
723
109
-423
284
159
117
457
-642
427
53
550
502
-1
275
-439
-219
161
-22
965
-996
-812
414
629
-820
-725
-692
-235
41
-884
-755
413
-854
175
215
-168
975
-683
-512
643
703
-442
48
337
-402
99
225
906
135
-790
294
-588
-628
-825
-59
426
-249
295
786
488
299
808
810
681
-756
-915
793
408
248
-690
-712
946
656
-405
-170
221
951
-767
-254
-798
-618
646
163
-763
154
574
804
-683
-181
207
-290
-465
-423
690
-364
221
773
160
-603
-692
-615
-708
-94
-949
-139
-624
-131
15
967
255
-999
723
-394
633
612
-339
-308
-403
-738
-820
157
-440
-204
174
-920
636
318
445
-983
-355
129
-695
440
260
145
-175
-430
-186
183
75
-831
367
795
-989
219
-296
494
-608
676
344
-9
434
-175
998
808
-536
-278
-244
-132
734
-261
215
-385
-605
456
459
-854
360
714
-349
-39
37
-743
-681
-229
-890
504
22
70
-622
-824
-205
-700
396
778
-372
302
-94
-123
884
147
419
-976
-525
52
-738
-724
-125
528
-75
33
-805
471
-224
-236
-679
-50
-658
-206
-264
670
439
-773
209
664
988
-147
-50
-327
352
556
-262
-106
992
11
-252
-747
925
-150
-926
-233
-997
973
-111
-827
434
452
635
-298
113
-420
-318
-661
274
-591
-392
-664
808
798
225
575
822
-973
-672
-182
713
130
-513
-492
693
118
-534
500
-162
-480
346
423
829
-625
879
-934
-574
907
-473
385
-776
-657
827
-729
660
496
217
226
-953
-482
-964
466
851
-73
-25
-426
186
-254
-671
-294
770
-946
201
-31
-411
504
11
-325
-699
-781
-565
132
-467
279
62
553
386
-408
-327
-905
216
-462
-463
562
673
-898
929
415
592
-604
-855
-178
668
957
-973
151
208
-109
-622
912
-849
-329
-349
472
-987
-609
-234
-285
-120
-566
-875
-525
333
913
-206
831
71
-804
-240
-750
123
-466
808
-621
911
815
476
429
384
532
-25
794
51
-100
-989
321
-269
25
901
200
-967
105
483
72
-406
-831
-907
60
826
-635
-151
181
702
838
-320
-722
-881
392
775
-570
667
575
304
607
-27
310
-626
466
-660
251
-208
-147
106
442
-412
-741
323
-971
-883
990
-627
109
-465
875
-34
735
391
289
-271
606
104
-488
547
-472
-336
-190
-790
520
633
785
-684
200
331
-875
-499
-399
814
815
219
-223
-322
216
692
-41
359
-745
-561
-227
-736
323
664
387
-268
597
-980
756
-949
-24
-780
519
-361
384
-641
741
74
-155
312
721
549
202
-777
-887
716
-786
403
-696
725
367
21
-235
239
-747
-792
539
622
-174
-436
-618
-507
996
-87
87
-883
-827
241
-332
-783
-241
-194
-81
140
975
635
385
-646
309
-849
-477
-484
645
596
473
-105
589
-379
556
-548
-461
-907
-574
689
-837
-115
-373
382
706
-723
523
-411
938
740
-161
328
98
907
318
654
128
267
-147
432
-690
63
-865
-370
-353
548
-872
207
364
-196
-244
389
-144
370
-840
399
108
-328
-852
-184
183
669
-764
173
-506
-310
2
587
-236
891
-918
-778
-242
-565
634
679
302
-664
83
-211
881
-171
808
660
-249
-306
-222
51
-25
470
-643
-209
941
-675
771
-515
-431
-850
-797
709
292
20
-434
-606
-167
-996
46
310
398
-555
258
-454
-442
68
938
-526
469
612
316
751
887
155
97
735
-771
-248
-688
815
21
233
-540
0
-987
601
556
-825
-253
-779
-753
31
-284
191
-855
697
-849
300
-569
259
-739
729
27
-201
368
859
-276
-390
-467
-845
-274
341
983
319
857
400
569
-978
-872
490
528
412
945
-443
-349
-789
364
863
432
-877
897
875
324
-656
227
-514
806
-615
-333
-507
368
689
722
563
-309
662
758
-135
439
-169
-40
-706
116
-509
904
798
63
908
190
-817
-324
459
222
558
557
77
295
-232
-292
378
712
-411
-437
-810
767
-930
-651
-448
576
-177
240
-391
702
872
690
-593
-535
-291
-659
695
276
-738
-871
-216
-47
-64
-756
-428
892
-950
-24
658
-831
364
401
-266
522
874
9
99
-919
742
827
-281
-497
-805
592
52
-153
646
-351
734
593
-721
985
-144
-946
-282
294
569
-715
-888
-435
293
-239
704
-169
-218
647
-358
-357
-735
-953
803
-919
565
-818
-52
176
949
-251
-595
-259
295
-837
-425
946
629
714
-606
-418
-719
488
-203
-354
-938
-900
-301
-944
-87
-934
-206
399
814
317
88
-336
23
256
94
-88
839
-614
646
-920
-379
-237
585
582
-20
311
-327
-87
559
262
917
-560
138
726
923
-384
628
662
-857
585
688
671
-694
3
-974
-87
-314
-534
911
-841
-123
451
877
-32
122
-966
489
-837
223
138
184
182
-339
-680
805
-461
-645
316
313
-864
-195
428
169
-399
717
-121
377
-276
455
923
-722
481
543
-108
130
916
893
818
96
73
792
725
-466
906
-767
344
507
-905
662
231
110
-581
839
-562
-274
-489
-987
367
-928
478
182
-305
-53
-819
-570
-881
-632
-236
-745
258
100
-524
-359
415
-969
-489
756
-635
-769
295
786
-619
294
588
-22
-575
867
-394
-649
-32
796
-253
-633
-918
425
45
-241
550
-109
-589
428
-562
-245
339
516
155
775
-847
171
211
-777
-122
-831
-629
22
55
-327
-981
204
-559
-91
797
160
-2
973
-160
-69
311
254
607
-729
70
831
-630
71
935
366
-930
-272
-741
521
-394
-731
424
649
-419
16
-336
-359
-882
476
203
788
-150
400
132
-932
-267
-554
638
-697
894
985
-703
532
-967
813
741
300
171
328
521
163
241
190
49
637
-98
842
-822
205
911
600
618
-919
204
-111
633
537
573
-595
-618
271
-106
-36
680
-480
689
352
-734
800
-601
466
-639
492
-246
-971
661
369
210
-936
154
362
242
-140
-254
630
470
-843
848
-200
892
-410
243
488
-629
-123
174
-265
708
-586
112
80
-300
307
-107
-55
148
-496
-440
633
29
-772
19
-765
651
532
757
81
189
498
-946
492
325
899
618
583
466
-25
856
924
216
-319
677
574
-855
477
-630
-19
178
321
655
-328
100
-148
-166
-211
-50
60
-856
92
884
-628
423
858
-354
842
141
657
-690
614
617
-684
63
-762
500
335
71
38
307
877
-278
125
-36
628
-789
-181
499
508
526
847
128
605
-705
981
-114
453
-327
92
-398
440
228
-250
630
2
670
-72
433
88
-75
-767
69
-739
158
184
629
-720
805
-866
-191
-541
-463
306
624
-970
387
659
-392
210
651
64
620
897
215
-5
-893
-806
681
253
561
492
772
371
212
752
-797
53
541
-800
150
-153
-503
-970
-822
985
-292
-675
771
937
-407
164
168
361
-305
865
540
170
-877
-46
-812
-281
-346
942
858
-977
228
-118
-467
522
440
152
931
-180
-881
810
-916
136
-376
-604
964
556
660
-864
468
-166
911
74
677
-458
-965
619
-61
491
-378
-364
602
-887
-968
-304
-976
585
155
492
287
-175
742
435
572
-990
-344
-607
-295
-786
446
185
899
824
-879
386
889
-268
-929
-468
-758
845
-284
352
-535
-971
276
-426
-624
759
360
-832
798
-280
611
820
303
-884
-160
-969
406
965
-822
964
-359
-297
-329
475
441
839
-542
-713
-35
273
-972
-88
314
-488
-594
-193
353
-984
613
536
565
327
-630
-527
487
-966
-827
-551
720
997
-115
-508
-854
-342
375
251
-245
291
-327
800
639
522
634
351
-526
-971
-56
384
167
-241
69
552
359
481
670
-161
409
896
489
-355
-470
-944
859
-466
-662
615
964
21
787
-324
-72
-148
-970
861
-918
-935
-652
464
-826
-532
309
17
476
-460
745
155
228
-686
601
-574
-974
-346
121
860
-984
341
524
-384
786
332
-428
70
834
-434
-508
574
-120
-919
244
701
110
567
-655
194
-850
-143
-434
503
-736
-243
-613
-301
-125
-856
64
364
-841
-242
422
234
-603
-970
-526
-426
12
763
-369
513
681
245
775
225
34
567
-259
166
111
-911
-598
-709
853
-491
-493
408
416
518
-477
741
141
-659
58
-728
-367
758
-110
-769
298
615
985
106
352
-880
-304
-849
-794
-259
-689
993
19
-567
226
410
200
365
36
197
590
-330
-201
329
221
-683
-786
-112
635
255
599
806
63
821
295
252
913
382
675
-613
-784
288
505
790
271
-451
-694
-167
-531
-294
628
798
735
-645
175
110
28
-806
148
-684
-58
343
629
349
656
665
461
380
-752
-349
-91
-70
-638
594
96
-710
838
-814
-508
-213
647
-769
-122
-410
441
-135
304
-425
-930
-959
977
-871
-939
-415
65
-374
912
-632
655
798
625
275
-390
-529
448
151
824
433
-85
746
-298
-412
619
849
349
-925
255
452
653
-471
-265
654
-775
915
830
-895
-578
-784
309
134
721
150
920
258
-715
-450
-432
-972
-459
591
-332
106
-108
824
-436
708
-498
247
-764
32
139
455
10
676
320
502
468
-213
-735
884
945
326
23
-185
906
-268
-294
-276
-428
332
747
120
133
247
465
-932
-896
715
-130
-57
655
-175
-884
-59
-420
-24
-566
-59
-628
515
333
-263
56
861
-715
-234
281
-723
557
-373
240
884
494
-401
-784
19
641
-525
-951
570
-289
-746
-111
571
-793
23
992
845
-550
517
-104
93
23
-221
-753
670
878
-281
11
433
-285
-111
-327
-528
-78
345
-86
-380
-503
-735
-565
-714
102
634
703
-318
829
-302
-149
-952
278
458
526
428
674
310
-230
158
808
-962
-173
-236
432
-542
323
-685
-838
-38
-248
828
204
-614
-5
-206
151
-59
318
-326
-315
-55
-511
988
49
600
-912
470
802
535
285
-176
-971
-657
-923
-998
279
-224
-878
929
-68
869
13
-272
462
-829
-163
819
-650
-468
-207
999
832
-320
309
-514
-690
-877
-236
927
-452
-151
-373
-103
-421
109
166
967
588
-847
729
383
-918
816
-563
-155
-572
-177
805
541
-890
658
27
878
-396
348
92
-495
51
350
-435
329
-525
-608
985
780
-20
-323
984
639
-957
-392
989
657
602
-227
-52
-130
370
-621
342
-717
381
-995
850
401
-956
255
-342
122
-638
-562
-465
-231
-693
-16
490
734
461
899
-191
-825
-975
986
450
-550
-242
705
366
158
-773
-575
-315
938
-258
-689
-406
933
661
607
-494
461
48
551
255
963
-647
510
291
-93
-846
-45
724
-927
570
-583
795
-961
155
-816
280
651
-989
-225
-91
357
636
317
-299
-626
762
-832
281
-20
-239
-612
767
-997
753
-387
968
190
751
400
-956
418
545
-709
637
819
-715
413
-932
-921
942
-992
475
-759
381
-277
712
-815
808
-732
-733
-450
841
-93
-75
-859
-810
321
909
-109
792
271
200
958
570
163
-133
-822
-64
158
736
840
481
265
-5
-359
771
-531
-200
512
882
561
-461
293
-724
926
-956
-459
-532
927
85
-473
-591
644
-207
330
-326
694
-518
-870
-16
-107
-921
801
-848
444
-631
554
-109
102
-488
-976
700
410
-978
389
718
338
512
-976
-377
666
549
429
-947
-509
-876
-584
228
711
-498
324
-791
-121
773
534
-851
992
-856
-465
689
988
476
310
-725
-732
-24
243
323
259
45
-648
604
486
-192
-581
386
880
598
78
620
-54
123
-113
494
-969
206
-38
559
342
76
-243
-191
-287
-280
-668
466
-254
-684
307
-114
-572
319
514
655
23
91
994
386
990
-119
-450
23
-637
852
-371
-59
363
470
67
-409
-413
-213
-25
-681
-647
-864
-416
838
-216
439
568
-379
331
251
-734
-13
-686
-918
648
-669
658
-285
-195
24
455
397
-622
768
-891
338
724
-677
44
-793
402
215
922
-87
460
-134
-598
-955
-249
-534
602
-589
413
732
-934
-48
993
-601
496
-345
-896
-476
-279
316
339
-219
-166
565
-287
383
-428
-635
-623
709
150
629
686
338
-211
465
67
-717
582
93
-171
718
611
-302
-752
-909
-164
-71
985
734
-883
579
-29
566
926
179
-82
21
-864
-632
409
52
-894
-550
200
995
547
176
-447
450
450
-900
0
-66
-526
180
10
-485
-103
-178
-82
91
-904
-505
-505
-280
-396
-720
175
-28
723
837
254
-614
-926
331
448
640
-589
278
-620
-708
788
-460
688
112
266
41
-270
-701
-163
520
-318
-914
316
251
-29
751
-158
880
-56
557
-976
368
-749
473
170
492
888
622
814
214
-783
-315
30
105
251
295
255
-58
605
-33
-390
-803
-648
-213
432
-540
-758
543
-374
-633
-3
-762
590
92
332
-425
-739
33
38
784
698
645
-325
417
869
-816
-973
-121
-907
191
398
995
181
144
-570
151
117
918
976
-628
-511
953
-254
3
862
-914
414
38
513
927
957
250
170
-794
119
788
957
-725
542
101
385
391
-86
-781
-31
901
-433
-443
-399
884
-5
-982
-806
-69
587
839
806
874
-595
-565
472
152
208
-79
-478
-1
600
274
90
-816
318
-524
118
-509
52
34
-428
32
-618
-455
310
-941
-84
781
523
432
-116
166
-343
259
60
122
486
802
453
-200
-666
33
-605
62
991
162
857
392
712
87
273
-458
960
-811
177
-632
555
135
281
57
-378
588
-791
645
428
718
160
-953
481
-560
31
-668
-773
-829
-853
-402
-607
885
-14
470
748
422
-171
241
-102
-8
-749
-203
321
-845
342
-111
-192
-749
630
-873
-927
-177
-932
758
891
22
770
-264
532
775
-219
292
-396
973
-740
497
-987
277
-189
-439
-810
734
-48
-843
-370
-420
438
603
525
-999
-280
208
-994
-887
261
-469
553
-280
433
184
598
-958
725
-458
780
46
-963
62
-473
-840
-625
640
-153
842
331
-261
-923
326
878
-887
161
178
625
869
902
465
-594
106
-561
362
-958
-375
-380
-601
-914
-330
-20
973
168
240
-874
-94
-626
-645
147
688
-6
908
42
804
-431
-496
-33
739
-858
841
-834
795
-644
-442
-399
-223
-408
-386
-559
44
-748
825
-182
-884
-208
331
-921
-952
164
782
-916
932
384
-709
146
-469
-12
-252
892
191
-261
641
857
-742
818
-235
243
-305
647
-612
68
434
685
-364
168
-447
459
-588
429
366
-236
125
-762
-566
-975
-340
960
495
-934
873
-836
170
933
32
-261
547
-75
537
184
-86
-189
-874
30
-16
650
-199
-806
47
748
879
444
-793
-46
-196
279
-410
961
-972
24
-669
-696
499
435
-888
-90
171
-488
-375
-392
-408
101
69
-816
-319
-491
-760
929
813
550
-838
871
-546
200
920
-220
-769
-718
477
-76
-586
414
428
802
246
-380
845
915
-187
629
562
224
-940
-210
-684
274
-912
508
431
518
131
-354
-202
480
-456
438
773
-181
-70
-774
-63
222
551
855
-738
923
-26
-587
-835
177
-910
-187
447
449
18
758
-485
445
-569
360
856
-884
-623
-120
552
-69
750
