1611
-691
-823
-151
-208
748
-540
-693
418
-550
196
445
515
-659
-259
975
-193
-754
885
131
-490
-867
601
566
970
466
-388
538
-541
657
-481
817
704
-567
-565
680
-775
873
-53
-723
384
-289
423
95
-635
-401
427
385
-808
-596
-585
42
-886
710
-49
-36
268
-272
915
-514
-135
-948
-487
-103
-752
918
581
-260
313
-758
-390
28
-360
754
571
683
-977
-576
91
499
-466
-779
738
831
-538
60
-32
503
412
-811
-372
119
-983
689
-858
298
-611
455
651
-72
707
-334
502
425
-992
-633
-349
-939
677
982
879
-422
388
-740
683
-408
368
914
-368
-660
445
-25
748
647
870
-955
250
411
-371
562
-96
-911
29
-123
946
-246
347
290
-621
16
603
868
-356
-744
-209
742
-11
727
938
78
-975
782
483
-393
678
-557
709
-438
633
861
-413
-712
24
-676
-919
-489
-783
146
61
-74
-351
850
837
734
-410
-812
-862
-185
-939
-126
809
996
-920
-254
-990
860
863
975
986
566
-921
-138
995
-16
824
-741
-260
892
-823
-842
-693
776
846
-162
-602
360
865
-321
113
-974
-33
635
161
-26
-39
-917
-897
8
362
-32
-615
811
-807
666
18
812
-764
-877
186
-24
-804
185
-680
795
-800
647
483
-554
722
880
-512
-660
-954
87
550
185
232
13
909
800
-100
-169
-699
575
881
-836
691
545
-81
-40
102
448
688
-272
632
548
-197
547
-384
-35
379
312
-860
521
990
282
-997
-30
-871
-499
-719
-985
-919
-325
-45
549
516
-64
266
-590
398
-946
869
103
-552
-322
-721
-137
-398
788
-640
-992
401
365
176
-164
236
280
341
916
688
142
-563
850
-572
-641
87
34
-537
459
-660
-603
-188
-743
76
-447
-217
919
-158
520
-294
-513
-951
-46
73
962
-312
-758
-748
181
520
-461
-334
-892
-105
837
-223
999
-347
712
-20
928
108
187
310
-995
428
-670
51
-640
-748
-262
374
-136
125
-807
-715
300
208
887
249
-668
-376
851
-559
84
722
-764
901
166
33
893
88
131
814
-965
-761
-706
172
30
-97
-596
361
49
-677
499
-607
808
-758
414
-211
150
959
299
-839
-936
-750
-926
-829
-926
244
-926
718
275
-784
-599
-602
263
92
-785
719
25
-929
-736
-666
435
-4
20
-359
468
157
-483
898
-164
203
-867
-514
-409
-615
-207
-180
-157
721
621
977
832
806
-795
-551
468
137
470
-328
216
-841
879
462
322
-482
-913
56
-129
-832
-948
179
365
-255
573
588
-174
-501
-11
-253
-451
-255
-980
942
-377
-640
764
170
997
913
-747
124
-3
-454
-195
-971
-93
21
-360
-924
511
665
-369
677
-532
-412
-800
295
-417
-70
-61
-628
-478
-41
-124
617
668
320
-527
-163
479
-584
881
399
862
-978
-641
415
745
-236
-558
191
-713
602
-309
-725
-226
-311
459
-45
-751
-804
-130
569
183
200
247
-874
52
-436
424
-841
-890
35
975
196
30
694
600
-143
-743
-481
355
910
-566
-199
563
-343
-346
739
-368
-221
652
-669
-918
816
-545
-889
-774
-936
433
86
70
-246
974
933
785
113
-751
630
109
78
-441
-197
734
84
14
-407
-564
131
-390
-857
452
252
-348
-731
12
484
-1
985
737
500
-743
68
351
668
-806
131
-324
-552
332
962
-511
-774
390
316
-330
-441
-809
109
617
-786
-84
824
-453
-925
30
-636
567
986
635
129
-800
-274
-449
9
-571
945
174
145
-140
-130
-735
-2
-56
-134
299
-715
656
-983
-297
-389
686
189
-304
-421
-423
57
268
790
704
-636
582
180
-822
9
663
-168
-49
-485
-160
-142
-772
406
246
462
711
737
-950
-982
-560
911
964
-10
768
-572
187
147
209
149
-940
-755
-134
-968
357
405
965
43
277
-585
-914
464
386
-101
-262
-282
750
-89
210
-189
-714
305
-102
-227
880
257
115
-776
-207
997
-919
-535
281
479
-983
361
204
601
-813
502
733
-567
216
532
-856
-769
1
-304
-532
91
-485
-476
-60
-277
-382
774
289
-974
-23
844
-794
-987
-348
-86
815
830
946
252
222
388
-870
191
-77
-126
48
937
312
563
-92
-599
343
-449
-856
-343
-680
510
220
-624
-758
-900
-856
100
-35
598
693
-692
314
176
-952
-924
752
280
908
-54
-228
277
667
629
548
-566
985
-731
992
247
509
629
53
574
-36
941
495
227
-700
-620
-437
796
-30
771
510
952
144
-811
806
924
-785
938
363
344
428
779
-896
233
658
823
-644
215
685
-500
176
-178
-314
722
373
-37
512
-751
211
-692
-803
99
240
-422
-579
-829
-669
-494
709
-315
820
-82
24
-225
-782
723
372
-859
-912
-572
92
-669
-499
-413
909
403
478
823
-624
-786
-550
-662
-933
-49
-350
553
-348
579
-164
815
499
285
-629
171
-254
630
-196
557
804
-479
94
-528
-641
-644
591
-991
215
899
-32
-467
-136
-993
-748
-71
-432
-4
-102
-229
760
424
-524
-58
845
-761
-428
-557
-322
531
418
650
-732
-32
-868
-992
-71
174
-277
682
-202
-409
-627
-368
14
329
-811
-163
-816
942
731
387
-675
982
-15
-373
-89
438
67
-886
-671
-950
-902
-401
-839
470
605
-600
206
922
-364
-363
-192
-765
-789
-764
851
862
-368
539
559
-184
25
-91
424
514
821
-509
-92
32
-899
724
-162
607
-634
-801
-857
902
118
-819
-445
-58
144
-556
-425
827
510
-323
797
-891
314
775
113
544
745
-859
236
254
-780
370
-358
871
676
-299
-614
-521
458
-401
97
-138
473
577
-36
724
-287
-933
-192
147
936
959
-161
-33
86
228
826
712
-147
-137
-307
192
-461
-869
444
-336
-50
817
824
-475
-933
483
-35
584
187
42
-213
-197
907
623
495
30
846
430
-690
-286
169
-665
494
-123
59
-801
304
-996
-874
-461
-787
-65
846
252
396
701
-979
-338
590
848
-959
378
342
652
-141
-364
952
657
229
47
477
209
-233
-845
-16
523
-843
369
440
308
433
61
627
871
-968
-854
91
644
356
52
-873
692
-210
167
337
-595
301
-387
-305
640
-433
612
-191
608
-237
-963
-330
-739
-495
241
-214
-578
135
-386
-976
334
-767
351
-456
-611
-269
-774
782
791
86
-45
-257
-367
573
766
-488
831
-46
962
-596
899
786
-136
-846
225
738
563
-919
93
605
9
-887
-490
-453
-624
-648
108
-689
-524
-139
540
685
228
-844
-340
-922
940
-921
802
177
605
917
-1
648
745
345
697
28
-357
-326
-506
854
579
-462
916
348
-65
990
389
-436
805
273
232
567
604
-235
931
941
-613
463
412
241
345
-178
375
-88
932
-49
-599
-60
301
-928
12
-633
208
79
155
-298
-879
-338
-467
-643
-638
-714
558
-839
-479
581
793
-651
862
-698
-782
-972
-325
-117
655
-809
-820
377
-377
652
-563
-993
835
292
243
-748
321
207
-598
829
-665
439
462
264
-140
-635
-730
393
466
-365
810
-786
-328
-417
-91
-272
-548
345
-11
-551
278
954
463
796
927
-255
816
357
856
458
591
-818
535
861
-482
-757
828
977
334
388
114
971
-78
892
754
647
908
98
353
-15
340
-157
-183
897
-409
-198
21
-991
284
-186
949
-532
-174
838
866
-380
21
611
-581
-736
-561
682
174
-128
-677
-811
691
399
-331
725
610
532
-99
-307
-747
517
-198
-930
776
553
-869
-405
204
-521
-472
-264
651
112
856
980
-427
54
540
224
-103
136
536
-885
-832
923
-334
123
-76
-650
-157
74
-562
-726
202
-165
-932
-4
-896
407
784
-159
-170
-743
-586
453
538
386
142
-137
-583
361
151
228
-50
787
973
655
-40
-982
217
714
314
-98
-777
740
828
-331
853
-273
-113
-432
23
-356
-322
987
631
-202
-32
-304
217
887
25
730
621
411
672
449
-162
367
348
86
343
-251
279
892
-363
936
837
449
-120
582
285
-840
-221
-946
438
709
195
583
221
-780
76
-965
98
102
542
-929
-541
-615
199
-400
848
-894
242
731
14
42
-467
984
23
306
664
580
830
164
-199
-470
496
232
-867
638
854
464
-535
-826
983
-799
-386
-731
443
94
315
884
-390
178
380
-65
-30
-294
192
234
903
109
-855
-386
-619
297
317
852
610
-485
521
-771
431
41
-492
-933
716
-704
-143
-336
411
-826
719
-783
-36
251
-53
982
-408
-95
117
49
-694
-427
144
-104
-105
873
258
-255
-450
-897
651
857
731
-108
-877
-768
53
-58
588
949
535
515
-313
42
956
-64
-382
836
147
691
-769
-751
930
-562
368
-699
791
-743
-691
371
730
730
616
-779
126
483
712
-871
-154
504
-254
312
-124
395
