5731
835
-500
-10
-218
300
-24
-780
-959
-610
69
-851
-131
-822
362
941
67
528
296
127
979
-362
-419
-373
361
216
435
937
-953
-948
166
880
-206
720
-110
912
-311
467
938
-648
-960
-772
997
-107
939
219
723
-456
-459
315
-738
-13
-543
-256
284
496
839
754
-80
941
672
-714
720
888
205
-298
113
786
657
956
-18
-157
704
784
472
-725
159
107
807
336
74
-328
767
-743
-444
-634
-914
790
57
764
913
-919
592
42
982
-331
-884
263
-723
17
-990
108
-329
-119
676
-467
896
626
-708
-785
954
616
292
155
-642
710
-942
909
983
640
-510
-919
58
512
971
907
141
-388
-525
-935
441
65
-450
-809
666
750
962
903
-349
431
870
-389
430
-269
-39
648
705
13
-434
905
-947
244
181
925
143
439
-331
958
601
993
630
303
-389
-220
891
929
683
837
540
898
388
-908
145
-238
-390
-505
-549
-109
-197
-926
493
669
-815
469
-457
-196
-187
881
707
-761
-867
-440
840
-19
-810
336
-340
-547
-707
292
455
-30
486
-424
-142
-743
480
342
638
-463
-512
-870
-238
-578
-535
374
-980
-310
446
-349
536
-311
926
85
-946
-969
-978
-487
454
688
852
-259
-138
-629
831
-724
-516
-780
404
-107
-632
-683
-668
456
353
-784
697
988
-505
235
-881
511
88
697
143
-789
940
161
822
-238
-165
-547
-379
-522
-97
-542
690
-234
356
-554
107
89
619
-909
843
528
622
438
-556
-932
974
-556
28
-804
-56
266
325
-672
-762
144
548
-257
209
-407
-524
-831
-300
-119
323
-470
-612
420
889
-700
796
655
456
-489
238
-635
-113
280
707
-504
-135
379
-38
514
-237
-26
-577
-634
171
-956
-741
824
996
51
-38
-138
693
-837
-742
-430
673
203
-593
541
-223
785
-589
-175
-178
965
427
-325
843
-909
-779
963
958
35
285
-599
-625
503
-850
-578
-615
928
-939
-244
-850
973
370
-653
-728
626
-488
-943
-391
449
100
-867
659
23
-566
-607
20
373
58
577
810
-295
50
-628
548
873
701
814
105
540
937
927
-735
-475
678
492
-335
-788
986
80
-764
-725
274
-914
-427
-974
-749
-514
634
-25
-513
-351
-518
-403
354
339
-306
992
-788
957
-651
331
-39
-477
50
-842
492
-640
-208
415
778
-452
-506
-13
499
-296
-602
698
731
-618
79
940
598
-281
-702
-972
-813
130
-415
-305
-977
894
3
-191
570
-755
-427
692
-297
-875
235
190
-724
843
499
878
-54
366
-134
898
-90
-402
136
633
-794
-761
-985
736
-921
302
593
283
-869
-122
199
81
-624
-209
542
644
827
-355
67
76
-92
-432
704
-544
827
-635
-234
-64
-280
-376
314
17
-336
-620
588
-970
-316
377
818
-777
611
-791
-412
-959
-769
-289
-431
-150
125
732
943
-257
-90
623
15
540
731
720
-978
662
85
-22
727
-743
-774
51
503
826
-868
-967
265
216
731
-326
575
483
-117
336
-286
136
992
-857
528
-199
-267
685
245
-778
444
-939
-763
138
720
-121
-955
36
39
423
537
-241
-109
-143
-648
-207
-297
-162
-148
-531
823
246
-363
-299
24
-558
-531
143
-842
268
-378
-558
501
598
736
-626
-49
-685
262
-266
267
486
264
-917
-945
885
-44
278
-932
-183
-883
-143
728
-251
974
-414
297
-591
56
-267
-899
850
630
613
615
151
306
407
-476
978
416
-860
507
865
-776
-255
-638
-599
-623
636
941
-578
-119
-636
850
17
-847
-667
728
-89
181
-449
-818
-79
-791
-141
-616
-771
-433
986
387
-471
902
849
-326
-81
-468
-748
-879
177
3
-378
-273
-910
-910
810
-55
351
-638
802
648
489
-759
-287
524
-545
-12
879
875
-212
-564
697
-478
490
491
-687
-52
-670
-535
-39
752
-558
847
824
-364
-935
476
407
448
-606
-507
683
462
-230
-681
559
781
303
169
93
-764
936
-771
361
-381
363
-987
985
-923
-209
-878
965
-13
639
-985
471
194
886
396
-465
-404
-227
-465
-922
812
415
84
509
35
6
-435
-718
-505
-796
-379
157
43
-817
-793
829
330
-807
-820
-470
637
-437
224
-41
-564
-34
-506
502
33
-602
-414
-73
-168
60
-204
943
-829
422
-235
801
-679
693
-695
-981
-642
-518
229
208
382
437
906
13
-333
588
-625
-742
391
821
973
608
-877
-415
-157
-15
309
564
-454
-152
176
645
-685
238
-323
206
445
-538
-640
752
290
86
981
215
673
914
-407
-331
390
-361
-282
558
229
-736
-602
-624
38
8
-232
908
-501
734
-385
-27
525
110
-856
20
-877
-319
564
422
-476
-861
-748
947
-508
237
371
443
603
-33
813
798
-557
-596
-995
-600
144
-591
-957
-440
10
-877
981
60
-315
-524
780
-5
354
34
-96
462
334
940
-114
-788
824
-670
133
288
-192
-968
480
-39
-469
-634
589
974
403
671
-692
-564
859
796
916
-67
-271
469
303
966
780
-165
470
974
452
-539
-137
518
-720
805
946
-406
-373
-667
179
-958
-128
-220
986
389
-891
279
775
923
308
190
672
-516
323
516
-251
-517
-283
194
986
-951
650
481
355
-489
545
-119
-929
-549
958
411
-437
-2
-233
792
536
-607
-296
-356
-522
201
150
667
975
-866
977
646
560
-533
354
809
-542
963
692
-924
-729
737
-273
-316
-704
-375
-625
717
811
-143
-701
311
-438
854
801
435
575
-964
120
-344
-365
-635
285
189
166
285
-841
-139
-752
-112
-890
-285
38
393
-851
-856
-119
119
32
304
312
-930
409
469
-715
-920
357
-338
661
-250
-181
-935
465
327
909
640
-838
-733
407
810
-791
-956
756
-975
-604
-430
-593
859
301
-38
-73
183
-491
666
76
742
381
-789
518
468
717
27
-938
-847
237
7
-28
241
-848
514
438
-420
257
-332
-526
-126
-586
481
-726
15
177
644
-217
-441
22
-952
-527
942
326
916
874
422
777
-287
-854
-202
-245
937
133
212
-915
-307
-151
-881
-132
66
-284
475
751
410
514
457
297
-277
-829
-510
-65
302
763
-191
852
-843
-812
-934
415
-438
-34
747
862
-47
566
-755
-700
-999
-572
-362
-626
-860
814
-961
387
-992
842
-771
361
17
-495
911
132
381
-17
178
186
-620
-281
372
-350
698
276
211
-437
595
-822
321
-871
-246
-454
711
10
-659
196
-77
-346
840
855
-97
-715
140
132
-705
-918
-724
401
-841
125
708
-615
87
135
-809
-208
84
726
-141
980
515
689
211
0
325
581
209
-38
858
141
917
748
387
-480
-193
-400
872
-908
-3
532
771
929
153
-275
7
657
163
-9
208
-989
182
-998
-168
-258
793
-807
627
-829
-524
756
840
843
317
-994
221
-769
238
-791
-866
183
133
172
649
474
-104
614
777
212
674
-563
-20
-26
-1
639
-157
-650
-768
-470
279
119
-437
55
-62
-924
418
-768
241
246
878
-862
-412
-923
343
974
510
-661
-429
-822
320
-844
-342
517
-531
-958
18
-633
777
237
-293
742
-45
-249
-472
469
812
-195
648
-105
-398
-951
721
625
-370
644
9
206
790
746
-608
-964
-496
-74
-195
-237
-603
668
659
486
-659
53
-673
722
-596
901
289
-141
-792
24
-443
566
598
363
557
953
81
-968
172
-241
-474
-519
-302
-528
974
781
-545
-532
761
56
134
464
179
-508
832
513
-810
-282
9
182
60
860
-149
482
-353
-574
292
142
656
787
-953
117
224
-323
-83
329
973
61
-395
-764
140
121
175
537
-992
-243
-303
-472
-491
557
-76
-800
76
362
-50
190
83
-672
828
-140
-305
619
-4
-554
-375
-183
549
-99
690
635
803
-114
-780
-843
755
-427
-153
293
-777
-614
637
336
-250
806
651
728
211
-833
-652
330
552
-673
531
-397
-160
227
340
-237
798
-49
128
745
573
239
-572
-50
100
232
989
-594
149
-260
-606
737
-349
-243
557
-135
126
-775
-489
371
-675
-557
-481
-673
694
322
551
189
-308
-861
428
-947
22
-694
896
553
872
-538
-571
-497
-575
498
295
341
-96
167
-809
433
-733
943
912
-335
493
852
-808
724
-333
-665
821
-900
-556
765
729
-869
163
-988
-997
-310
466
-301
19
-439
-259
-97
-686
-320
-529
554
428
-172
485
-219
291
374
-306
-954
-111
597
-149
933
-735
-893
-647
673
-645
389
695
912
203
-668
-634
163
620
-15
-371
551
438
-858
-74
168
-736
-713
-663
-80
164
-809
386
590
-785
-106
113
353
897
-216
-161
179
-809
-127
-904
611
226
-787
-983
986
915
-820
-26
319
486
-70
-72
-953
712
-899
466
244
807
-761
-881
382
453
156
890
-721
-329
317
-870
695
912
483
-409
-400
-763
743
-947
956
45
253
-84
635
263
929
345
-295
312
730
325
-876
543
172
936
267
919
522
-870
369
9
167
782
193
634
-531
-981
-980
72
279
-536
-258
733
-791
-141
-562
782
143
46
788
-637
-861
-314
869
-654
296
-894
345
-262
-732
-172
-482
-983
-198
-17
661
-806
-619
-730
138
703
-559
220
-382
695
-494
-114
765
413
-1000
-727
10
125
-917
-455
26
-910
-992
399
-148
-431
382
478
-952
-164
490
210
-825
-44
-978
749
-769
46
-872
431
381
-160
-2
690
91
-535
-80
640
-127
-22
-490
-127
-169
421
440
580
-903
-608
-755
-7
291
-554
-422
-631
60
-453
-660
883
-593
217
593
612
-125
987
-191
370
525
38
282
405
-500
-689
616
-829
626
861
-588
262
-910
-164
531
316
-540
539
368
-630
-26
-765
-188
941
-227
244
800
-464
-407
-803
-931
579
646
248
-453
-274
-50
-96
-282
-414
-996
-945
359
504
108
41
-777
840
-49
687
-418
456
-150
768
-151
-689
493
-350
601
789
-463
265
-344
-999
-565
-158
-409
302
829
911
-573
707
460
-560
214
-514
-756
-711
-758
116
-873
-443
-920
855
-484
-905
15
973
-220
201
-96
969
-79
660
-107
-936
-577
314
194
10
732
-173
-764
-374
-172
-958
-91
-612
772
-173
-206
962
-944
611
-828
140
705
-116
26
-566
-650
796
-216
-418
-581
-559
-23
-957
-585
-669
-17
212
271
-259
-725
-438
744
-823
-280
-586
922
-24
738
-569
-737
-917
52
-695
507
290
-737
-325
646
-514
-890
234
853
676
646
-545
-218
144
883
705
474
-301
-146
521
557
-949
-893
545
160
206
958
-681
-568
-141
957
916
863
-771
-287
-909
-231
756
814
224
593
-974
818
79
-319
-329
-222
230
705
537
-256
632
726
-117
985
431
-116
441
11
629
942
333
-445
-385
-558
417
484
-553
802
-446
-844
-684
-123
-178
-240
-376
252
10
-80
966
71
865
-458
-482
-984
-339
735
-330
864
-277
284
774
838
223
122
592
-42
-13
637
-469
-138
733
43
-261
-397
-516
-475
-274
-22
-530
849
-699
354
306
258
813
-457
884
345
-247
450
779
677
190
627
491
-283
-774
-463
-201
991
-478
712
-665
-247
-57
-255
-383
-204
884
-561
87
872
231
-987
397
266
249
374
342
107
-436
-364
-486
682
-848
442
38
666
-718
-603
-896
846
-751
-195
-876
0
894
129
-800
-639
143
-944
409
-646
-208
-636
-888
-399
-56
393
949
-424
-93
780
830
560
-31
-898
-140
-245
42
-840
-334
494
-916
-280
906
-587
-125
649
942
576
-109
449
664
-661
661
947
807
380
844
661
310
-155
707
-707
-981
42
948
484
505
-36
823
604
-302
532
502
-98
252
-757
-934
-324
654
-954
-429
-619
-104
-737
728
7
-339
-482
-39
-18
62
487
702
-246
-237
540
-145
-577
-776
99
894
695
-733
-93
228
-430
-498
-56
695
13
677
534
405
208
781
649
-577
162
910
267
709
375
47
-417
634
937
-803
-117
916
-540
-857
594
418
-69
-199
639
378
-199
-717
-610
-338
114
-138
612
-630
728
874
671
541
-919
31
759
610
-891
574
-636
586
-163
-966
202
-329
-457
-711
-545
-601
446
-935
701
-149
726
657
-606
-77
254
181
-332
-39
62
21
-845
358
624
899
903
580
-773
-737
104
-254
394
-176
109
-163
-389
-303
-804
817
131
-698
31
-164
734
426
-616
-837
901
375
-533
-972
-231
-48
-726
-226
-997
-450
-546
417
990
-139
-368
-378
612
147
152
-342
-380
-843
-195
837
-83
133
-229
321
69
-797
-333
-71
283
-721
12
-785
218
161
807
682
638
789
-320
75
865
950
-432
-438
-210
-58
-512
-894
743
-345
584
133
-670
-551
-539
-99
558
32
-840
129
739
-751
667
-272
-504
-614
384
12
622
-885
-910
-714
729
-459
236
195
46
-99
-392
440
120
188
-1
-169
-699
822
623
357
446
838
-948
-729
-909
802
-179
-263
980
-752
519
-934
-531
725
-265
967
857
-123
-760
3
-73
157
692
-144
378
440
-153
557
-262
-735
-145
524
-536
-330
-368
303
974
870
917
126
37
-617
-479
-297
240
422
595
-110
998
-644
7
400
-259
-135
776
-208
-590
-881
-236
109
581
-370
409
-472
-864
823
-341
-211
248
752
919
820
205
-221
-271
-313
-996
195
650
-837
-877
348
478
765
36
-971
-215
426
-493
405
-886
-358
793
-657
223
11
-805
-4
-768
-202
-571
-908
-744
799
384
264
493
-274
-797
815
497
-859
149
922
929
926
256
742
-326
-973
-79
-370
988
361
844
155
695
489
173
-743
-334
716
-215
310
-454
163
-237
842
775
-927
314
750
-629
-203
-496
-662
291
-873
-731
-801
496
-338
562
-562
287
492
-63
-621
-236
-57
-7
-351
-282
133
568
891
-61
-397
-743
-115
-668
-478
390
-603
-708
815
663
385
794
973
55
837
-19
640
279
345
151
409
860
-83
922
121
148
538
96
996
-666
887
-601
500
583
820
-312
567
-151
215
-88
-154
-930
80
-792
210
-310
-757
583
-739
647
482
936
-78
753
-564
-754
547
929
710
547
-867
328
-723
-696
778
-399
325
-969
-350
-615
-648
20
-561
730
334
770
-452
-398
838
34
168
-605
-369
725
301
-28
309
643
-408
-107
-245
-876
-187
-160
-47
892
808
122
-286
-908
-183
56
-531
-493
589
703
-738
-52
-450
-172
681
-176
-505
-318
82
852
-819
-551
955
237
-915
-29
363
-88
846
-365
279
-938
595
-489
-512
-940
336
444
586
-599
-555
640
-300
-7
-676
722
-600
503
-341
-746
-688
-809
-633
36
-765
560
853
464
683
689
142
-299
-92
971
-642
-661
724
475
601
807
-815
-453
747
-607
-157
-178
234
193
248
-630
-629
515
317
819
525
-118
-752
417
-363
-448
-177
819
263
-934
172
-899
639
-278
-32
-307
553
783
808
-596
-173
72
-271
959
-596
277
-836
-435
-887
-114
-594
-149
-636
605
534
-461
-303
758
-709
-332
159
887
450
658
-201
-710
-663
910
-107
199
-861
496
176
294
80
-416
951
-525
136
-203
649
-166
469
-411
465
210
682
283
-211
102
-413
70
473
654
42
-451
-835
956
115
177
-544
-574
-235
91
279
-286
-890
645
301
-995
513
-891
-335
-852
246
435
423
685
-257
875
-276
853
379
-34
-790
84
553
-365
-909
-313
-206
795
573
-202
-638
658
-229
733
-779
593
596
360
-853
289
-285
456
535
234
-774
-958
-758
169
819
503
182
864
-556
254
-110
-841
-626
876
-566
992
819
966
-561
664
865
-914
482
-982
879
-631
8
669
259
353
459
382
718
342
398
72
-187
-433
442
223
-19
-658
-983
-35
1
-446
-2
-780
-141
918
-257
562
989
-394
945
-750
-94
-686
639
-82
119
411
374
594
-889
971
-353
-51
-377
385
185
81
-297
-711
-381
-919
833
-37
420
554
-542
938
-953
-702
-958
-724
326
-371
914
569
-863
167
-992
572
-741
-788
-822
390
674
-358
-323
562
841
-984
168
452
-669
144
626
-37
46
7
-59
-667
890
718
981
754
-59
-15
-463
-720
916
-756
37
-235
-256
750
137
-164
-614
-475
378
406
444
-711
707
-463
718
133
632
-297
-462
-465
94
701
588
-103
906
-116
1
416
453
-131
700
370
-664
-852
135
397
394
-289
108
-590
-845
-512
-105
152
364
-346
983
-292
-346
274
130
662
-109
-155
-334
-984
-764
-769
-832
111
112
226
-293
-820
-178
229
565
-948
-720
196
11
243
-420
-571
-914
88
584
-954
611
-198
-431
881
883
-144
-57
753
-801
-243
-71
47
757
2
-152
133
552
-194
-133
-173
494
-447
95
-416
-885
-626
-168
152
117
-770
-807
308
853
-895
-292
-360
537
704
830
117
824
302
538
-81
259
397
-464
24
20
764
98
987
438
14
523
309
-63
374
236
30
-192
590
-267
-554
-319
-73
892
-54
-424
-933
-243
965
-176
846
-914
-205
-592
675
-595
273
165
939
-664
-208
353
-216
-359
-231
-816
-992
-676
538
595
-772
783
-690
-948
832
197
-229
-28
565
246
245
364
66
839
800
366
90
273
-829
-609
-258
-863
-345
483
-77
-69
126
621
-706
139
-959
946
-356
634
50
-663
-706
-38
176
-991
578
591
-167
910
701
121
906
706
628
-174
369
-620
73
768
212
272
-654
615
-390
923
-170
-690
566
-63
881
317
997
140
663
-928
-787
-269
-139
-550
293
749
787
986
916
-432
-443
370
193
27
273
666
873
-612
-501
688
-496
942
-613
473
-418
-189
433
441
43
-438
-977
-597
821
61
-140
317
541
442
-232
-500
-157
844
-653
983
886
661
-999
450
-195
-486
224
442
755
427
530
-705
413
590
-611
-909
-617
439
136
-738
-659
-395
-127
315
38
331
-559
-285
-294
-342
896
324
-860
-824
981
-819
386
-96
-666
-471
265
-906
-786
965
-458
-524
636
-448
-769
213
392
110
-152
-179
-560
569
-78
164
833
84
669
462
-670
653
910
856
265
-417
620
-656
-735
561
-379
449
531
223
-387
554
625
835
-458
362
898
143
-485
827
-825
905
-490
-552
-676
19
-510
428
-902
-777
-134
-664
-806
-68
-80
-816
132
-393
-950
82
773
-32
23
580
95
-433
880
282
170
-236
-151
273
-952
129
918
-805
-409
436
875
-137
-593
-300
11
-964
-549
-457
-574
-766
580
-835
-658
941
-935
301
504
-826
363
-357
129
24
549
-798
791
148
649
387
-377
370
-507
554
988
165
-220
-566
-299
313
464
-299
-75
-789
565
153
740
-331
962
-566
-349
-300
793
-88
-307
424
742
-339
264
952
-628
293
-853
-384
490
794
810
200
172
-661
892
786
974
297
846
223
507
-450
-176
-898
-620
202
93
-510
-275
-229
-936
-961
-607
-904
305
-687
693
490
-297
-775
650
536
216
821
764
333
-92
443
-424
-88
-560
-558
746
816
534
173
900
578
-103
-76
106
201
-346
752
74
456
-778
403
378
-858
-704
-686
-166
311
-661
-431
-760
147
369
457
-974
-154
95
952
885
323
-358
-603
932
6
731
-258
117
-956
699
192
582
673
-486
258
653
-2
72
719
-883
-84
998
94
803
-590
-233
-465
-944
998
-47
-235
498
-148
-448
-358
-438
569
-791
99
-446
-14
891
-462
-680
-826
529
-398
547
-572
916
450
-201
266
-306
721
147
796
-390
-14
359
-595
887
844
-510
-659
139
-575
-582
-368
516
489
-795
230
970
122
100
-740
640
-538
-736
-786
-487
578
-404
807
-73
-50
282
871
270
613
-454
271
392
483
-292
-772
33
542
-602
-226
-541
530
930
708
396
365
-801
774
987
-300
-872
671
537
-928
417
-395
708
-775
733
997
583
-323
-595
784
933
316
787
332
-603
-237
548
-152
23
164
-212
513
-667
-722
844
-486
-795
622
142
395
730
210
617
-408
-6
294
0
-836
26
333
-812
467
-139
-67
186
753
524
983
-680
-430
951
401
-776
-849
713
178
239
-423
-686
218
-217
-890
335
459
-696
-155
-804
-296
-730
303
473
841
68
-964
-214
-456
-762
-993
-200
715
-556
-416
-59
-450
-166
804
909
-388
-740
586
295
826
519
-908
-821
864
-285
-288
-866
-331
-187
226
-167
902
880
849
104
290
-981
-405
-866
-651
494
821
-251
703
118
-318
483
848
-72
767
-472
963
322
-263
420
212
-771
684
-43
-417
-385
522
894
407
-868
612
756
735
-467
215
642
568
-7
870
684
456
-817
-17
720
-237
-634
-611
808
-599
-500
298
-836
-244
-486
-993
741
396
-408
713
-291
320
77
521
-879
883
15
-471
-392
649
-727
102
45
429
251
-818
600
697
426
583
-660
48
-776
-518
-663
715
718
-566
-15
94
214
-843
248
678
934
-762
-956
722
-634
580
4
635
-525
-246
-259
482
812
-316
-576
228
-791
643
-697
972
-85
317
142
869
382
676
-82
746
636
-223
-476
-227
219
-643
753
304
-410
-900
-533
611
-246
710
-928
-678
-170
755
938
-6
-810
-942
878
337
-455
-105
879
159
-659
447
991
-156
-211
-463
54
-121
833
-462
315
817
-397
69
-1
276
578
-355
-71
459
-993
-831
-516
-225
5
-37
772
-574
-74
844
527
204
-480
-256
-535
960
-850
585
80
-549
122
187
822
-104
977
-13
485
914
-529
468
-595
247
-679
480
680
-506
-678
-672
94
-363
325
624
404
129
-455
378
848
354
754
-515
-280
-614
-292
506
-536
523
-173
-486
113
2
310
-65
-257
-956
458
70
-93
-269
186
-266
-33
796
475
904
993
-63
14
546
534
-754
-161
-302
-896
-934
523
851
-510
508
990
-417
-632
-185
-694
98
-525
-476
339
-698
274
-725
-440
-160
-692
-435
-500
-425
74
448
818
-804
-526
744
-921
922
574
-17
-983
475
314
-431
566
-939
-68
198
-753
-480
255
684
-693
612
951
-831
8
-221
-711
-598
-468
-192
-605
-637
938
75
-138
-28
863
283
500
-853
588
-730
-316
44
415
592
-189
738
-518
253
-428
-992
53
-987
-168
985
-498
-397
-391
968
-49
-503
-544
589
-408
100
-138
-795
347
-344
-360
-267
759
-520
-141
-558
540
-252
-993
-65
-898
-993
585
740
308
-181
792
536
367
596
48
555
-280
214
485
179
-366
-117
359
785
-993
613
876
78
-657
-332
-484
-313
-814
837
182
-110
-241
776
-881
956
13
-148
906
-783
830
-247
51
-329
236
793
-474
344
283
-125
493
-598
271
918
-858
412
6
-897
-462
895
-699
-105
-598
223
-95
892
269
220
-540
155
996
-503
-64
-394
422
-416
-673
-393
775
80
-360
-399
-773
981
-2
-657
617
867
-942
61
-406
-962
713
223
225
-24
905
-799
-204
40
-675
779
-471
275
-105
-911
-356
314
-939
757
156
464
428
-423
-170
-826
-367
-75
920
-907
-601
657
-104
360
546
-896
685
995
458
-535
-37
-925
-309
963
316
-556
-791
572
538
361
465
246
-631
-852
-261
78
257
562
-740
-997
585
121
39
-288
911
160
-173
-227
-844
932
360
72
-892
-77
-349
-156
-301
671
-775
411
723
-431
-408
318
530
102
-215
5
-496
-533
34
293
-945
160
440
861
387
332
-607
-484
408
-514
-776
-604
-829
-534
265
931
-959
-728
764
612
-933
-555
254
705
-293
452
-181
-926
937
-43
-535
39
-978
-528
301
93
329
-865
-368
-527
-753
165
588
95
509
-546
-383
-75
250
-876
-763
585
56
971
-953
-541
-135
330
356
-24
397
742
659
661
-951
717
283
-508
-492
-500
-124
350
-484
93
714
61
-58
-767
-66
61
961
-746
776
-802
731
437
455
-248
462
-437
-248
108
-589
321
645
723
422
-454
532
-426
-295
984
-15
72
99
-532
-490
-732
913
120
230
686
-436
-173
-87
-951
-197
-504
-463
373
-1
-597
-340
562
-356
906
786
-955
984
-277
-562
-762
188
-345
-422
-428
999
579
-142
-874
66
631
-773
543
606
398
157
-404
954
-648
-118
-979
864
143
-333
-259
-481
-572
976
-864
-797
853
-164
793
384
-834
404
-539
286
-568
788
-249
-658
-526
-190
385
267
-677
-10
299
684
218
774
467
886
346
-127
-110
-514
-219
385
583
-421
-661
739
-830
682
111
707
959
187
814
-848
924
-807
333
-466
-391
567
-561
-101
732
710
800
457
701
483
-128
-998
949
989
-561
-230
-402
-428
-879
278
230
13
799
842
294
274
-518
328
585
-794
-52
-763
460
-234
541
-483
689
-885
814
503
991
-532
-794
691
-439
209
-441
559
-887
-830
124
873
185
-915
321
319
-290
871
687
610
930
-742
-717
-647
-4
668
729
-670
-130
-752
826
-205
-309
-90
-481
-577
-829
-515
625
-972
-340
-503
-113
96
-594
48
795
-988
892
830
818
-559
-566
72
453
111
703
413
-744
-787
24
313
-649
-382
-138
179
112
-766
566
-586
-543
-740
636
189
-737
-128
-757
871
-224
46
514
-933
438
-903
-394
-283
-776
11
-200
-179
-594
338
-157
-887
217
-456
-779
-231
332
176
215
736
715
604
-117
866
591
428
-79
153
915
385
-10
-590
-321
-481
73
580
-514
416
731
576
302
390
-861
196
259
-519
475
-950
-408
382
-710
-162
931
504
831
-276
-60
-824
-777
-537
554
256
747
-681
-558
342
345
858
-563
84
877
-741
-900
507
955
-257
-726
280
124
636
103
-353
835
756
333
-412
-405
-368
-767
-7
-817
-472
311
288
-187
-194
2
322
-745
-70
-505
505
736
272
-963
360
720
-738
-413
506
700
-207
-195
615
-507
-265
973
-333
339
528
330
481
157
894
-256
-986
-232
-309
611
199
554
-87
-671
-812
-774
-380
932
-946
390
916
592
835
175
815
271
187
-251
43
-74
-949
-917
385
404
342
-25
429
519
787
56
-702
-438
-470
836
-326
-193
696
-387
-533
901
-285
-240
774
-378
-697
810
328
-144
766
-458
-765
686
174
-9
-713
562
-148
-497
-982
657
-754
426
839
-645
142
714
-270
757
683
751
10
693
-454
643
631
249
665
-945
-270
757
436
749
-268
679
-511
-356
439
120
373
-695
728
770
601
673
-818
-136
-792
703
437
119
31
707
483
359
-441
802
-245
-147
-449
-636
688
385
33
926
897
-538
263
140
-429
827
-425
-453
236
-466
-710
48
827
264
-710
697
470
441
585
638
-389
720
-337
402
-88
518
-405
-244
582
408
-262
845
-33
-736
-250
893
464
-673
453
151
554
-839
-893
-211
-605
700
122
-327
9
-642
-659
-590
119
-541
-572
215
-48
-936
-206
11
-633
-945
-734
-99
241
791
560
546
-781
-778
100
-143
-763
-10
-712
715
728
-918
187
886
803
700
687
-475
-135
900
-612
-603
631
183
-937
661
-87
-807
-770
595
476
-368
58
639
-898
-153
-649
479
-270
491
191
-977
-785
566
-558
114
824
293
-766
-327
-10
-824
475
671
402
230
-448
735
-833
-677
-848
882
131
-209
312
-711
518
-77
530
-541
244
730
-198
-981
669
-670
897
-622
379
511
-245
708
-93
-574
-349
617
-572
-581
-897
-405
445
-472
-162
431
-181
536
-643
370
832
-880
889
817
479
553
-34
53
420
-955
878
553
705
-132
-418
489
722
-313
378
889
-126
792
-7
591
-41
804
267
-82
72
-338
-865
-576
-690
-686
272
-433
-472
-70
31
624
89
96
-691
684
-99
305
479
-452
-375
810
-12
177
63
-414
354
-738
-943
-652
-916
-590
141
551
-432
949
54
683
-948
159
-493
-797
209
-369
-895
105
-848
-929
868
338
-559
226
-246
128
707
294
-384
910
-131
-164
-353
219
499
608
526
-10
-571
775
-901
930
-287
885
-109
774
712
-263
-514
-924
-595
293
-231
-445
730
-915
923
-20
-995
411
809
-658
864
-771
501
-146
662
764
-464
-338
-655
-71
-272
-88
817
-762
-531
120
247
927
-986
-396
71
899
609
-920
-340
-717
175
210
597
-123
-739
-681
-691
-683
-425
768
-728
-951
983
-636
-758
-528
683
707
738
406
645
957
-301
-746
731
653
451
-99
927
101
-260
326
249
-937
-833
-680
-672
-803
281
-216
265
757
-578
-580
390
221
-430
830
335
-153
487
-919
-531
-407
464
947
-461
755
-237
-122
312
-338
-435
-100
239
46
880
87
-248
-477
-424
-405
495
-878
-613
-423
801
-485
-82
152
575
919
-764
-302
-436
-193
801
56
-64
-996
-323
611
31
-202
597
745
740
603
-453
-969
246
159
477
449
109
-742
419
195
158
-941
930
515
-607
55
-467
-602
-476
-971
124
-533
632
-535
581
-472
425
659
-490
991
-565
291
404
-484
480
-396
93
158
967
866
122
-113
-898
-599
785
34
-968
427
-553
120
457
-146
835
-81
766
464
-355
-472
-823
135
-219
979
-838
-422
80
-471
-614
117
28
-938
-655
-883
-635
321
-473
-543
-767
297
488
-776
165
254
-528
45
699
-664
-891
-28
507
440
-60
-984
678
-470
-524
-910
-719
-93
-425
-600
382
957
-961
256
663
-340
-563
-721
516
940
884
-846
-420
233
-468
-824
-777
43
307
-358
514
-276
190
56
-404
-137
-3
82
-323
-818
92
-993
-505
712
-395
45
564
869
195
598
-833
895
-926
-740
-545
-656
914
-495
461
-182
203
357
294
471
490
-20
156
-899
-519
-901
328
-979
-324
143
-502
505
824
-53
561
96
206
-788
-491
-457
341
-86
-255
5
790
-851
639
-213
-383
-279
-884
878
876
936
234
946
-500
-477
-524
-299
124
-979
428
-298
298
-341
-815
160
977
900
-916
-633
-783
993
-87
-515
-997
-160
-958
17
744
715
-361
-395
410
-416
-486
-534
906
605
-105
522
-657
-293
145
-414
112
227
-312
-582
801
961
-682
274
-950
4
-600
875
326
-434
426
-624
118
751
-485
959
789
344
-784
407
903
782
772
-801
-198
190
-707
-751
495
807
-38
897
-126
344
-712
830
628
-841
148
-988
202
859
-853
-788
430
-569
141
321
899
-428
399
687
-153
377
672
313
897
522
-652
-825
-983
-486
988
939
-153
670
502
334
723
-545
-656
-452
-212
-389
712
-599
-732
713
847
334
-344
-104
93
692
62
-365
926
-436
-809
-766
185
-968
-381
176
465
218
356
101
996
-425
283
-417
672
-89
607
-702
-10
347
-820
-823
-345
-661
23
183
348
-532
-912
-449
-846
-101
-128
-756
385
-375
114
110
-211
978
-130
-14
-715
427
-272
908
-903
584
-89
-844
953
759
-870
698
-999
-20
613
23
64
954
-223
977
48
395
-47
-85
576
-932
104
855
804
-760
-503
457
-258
720
822
329
734
867
-230
-956
133
-864
-14
-880
135
405
-715
-630
-849
514
-363
414
-84
-49
-482
-446
937
-537
555
-64
-213
864
424
-130
-173
-648
481
43
723
606
-902
152
686
-23
-136
-560
-905
121
220
469
-901
520
-32
537
267
-147
-230
647
-734
-675
957
-420
-571
-354
895
-572
-776
-967
806
709
-163
635
-341
626
-905
889
-256
-659
-547
-387
157
701
841
929
246
-233
-144
439
777
-356
493
402
500
-593
182
-379
467
-815
464
-490
-137
811
