6445
375
-464
92
-232
41
-523
637
-706
234
615
161
499
193
-445
-163
-872
-186
659
772
-954
-760
908
-139
608
-918
-239
-592
-94
75
964
998
-346
-496
-19
300
-427
-655
-317
-85
218
141
-841
792
402
-470
288
411
640
-931
256
862
-83
114
-538
-92
-836
745
-707
291
940
781
322
687
534
50
-621
277
-746
-950
-222
-591
-201
-428
888
-436
711
-861
-585
629
-934
-474
-1000
-886
-534
-631
-125
-44
123
-505
605
125
797
633
-612
319
747
-208
646
-534
976
-933
263
-383
-823
837
-112
-175
-555
911
957
-625
-951
965
-225
-739
-447
-176
120
-615
753
360
-58
19
-935
803
-314
-280
-233
-434
474
47
294
54
-619
-400
100
-908
-206
-596
17
-285
-811
93
-333
-161
-935
-534
-649
-500
-903
519
385
640
-790
-569
997
-162
901
-289
783
-448
-493
-71
636
688
608
-831
-261
-237
34
272
-370
-206
-781
738
986
487
-262
566
942
-32
729
-46
-287
963
511
-160
-300
-161
780
56
758
586
-331
571
-410
956
686
858
867
-297
-844
-511
-464
818
-435
-396
163
528
502
-892
-596
-382
-612
317
-109
-202
-41
-929
26
-343
544
-40
594
80
612
-422
825
-721
-816
878
-544
933
-804
-268
491
-604
548
-586
50
-224
-31
-632
-683
868
-345
302
556
299
871
11
235
17
-507
-128
-235
-553
148
-583
56
253
157
-624
-362
-609
-514
637
-44
495
575
-117
-550
619
-497
-185
-5
-646
478
775
-113
-568
836
213
300
139
-770
-393
-236
130
729
-147
295
809
-330
518
-744
-53
798
430
382
-395
-833
-392
369
867
-619
-508
564
-471
-220
-482
-766
-928
496
947
688
-549
32
112
-94
197
631
617
554
872
-350
-734
908
636
576
-210
-179
-133
-341
-287
73
893
677
852
-957
-587
877
277
-457
87
-959
440
380
804
-226
-561
757
596
-238
737
-282
206
563
-246
-428
-953
24
-962
805
-284
981
475
39
414
116
-438
924
466
174
-383
-349
289
-470
-503
530
315
-532
-105
-897
-733
303
346
-258
927
989
720
-395
990
-646
-300
139
902
-767
168
415
-679
-298
-293
-828
-685
779
-377
618
419
334
489
-392
819
-753
-130
-987
-602
-272
311
-905
798
37
873
450
22
650
-493
834
194
948
-627
772
-190
-96
665
-50
-339
343
393
-913
-241
883
605
65
-751
603
246
683
578
-870
-356
339
783
174
505
-879
676
-643
224
-562
-417
817
557
-437
-851
84
-613
478
-893
935
-196
-360
971
-116
120
-702
-727
-461
-43
-283
-247
-63
622
-632
904
-627
-380
100
-661
-491
-706
-28
-417
-979
286
568
-146
23
-14
25
-790
-626
-940
647
314
540
222
-211
559
220
-211
-746
-447
618
737
-151
-117
614
542
256
-657
759
530
-505
-617
-756
-221
-81
-551
-18
-908
-142
-474
-863
-604
-191
32
-679
-972
840
-346
-471
-333
419
-531
503
-232
955
748
348
-598
-711
628
-617
31
-661
-966
-303
-385
484
-365
427
-539
-851
-773
-941
-14
505
-815
-874
93
-169
83
479
-517
-272
-63
-290
-73
-159
-16
323
-610
-926
-274
378
217
-380
-99
257
-616
-710
-961
83
392
-514
-820
-375
753
-299
-414
119
894
-340
761
-174
-231
113
449
993
178
943
-421
481
-292
-399
338
706
501
-937
-492
831
-528
70
-272
-357
-527
-70
-162
870
868
71
-411
384
-566
893
333
996
-95
-390
-14
661
926
601
-79
-665
-54
-88
98
820
-58
-489
50
431
861
-324
252
261
-43
84
292
575
272
-652
288
-476
-939
-739
67
60
-537
846
-889
815
-417
35
-299
251
26
-580
-60
629
-623
-712
13
423
945
80
551
-985
983
-48
-973
-744
-774
224
742
217
4
225
-866
412
-786
658
-189
66
-201
-350
-740
-95
993
928
939
-745
473
63
-314
472
-527
485
-717
-973
619
-429
-641
-796
772
-642
299
-238
-534
-53
-13
856
-852
266
764
-655
525
985
826
172
-156
-694
107
-160
371
95
740
-856
161
-271
-267
-625
-490
479
459
-265
403
244
915
995
-500
-671
230
-299
-557
650
-955
898
-702
109
178
561
837
-468
264
-94
-159
748
857
-213
-635
-154
482
606
636
-902
716
22
171
-124
434
-560
493
-953
-822
-697
345
357
-494
839
-612
305
-775
-173
-199
155
-441
-541
-502
330
-279
-699
-863
169
653
627
-673
56
-266
-571
-352
227
-483
173
561
-593
212
-191
-896
-192
712
-522
687
89
-237
135
676
-357
-470
181
-945
-802
-38
-984
984
-355
-70
-380
-491
235
669
7
-202
-716
470
-722
-275
-193
280
632
-179
271
425
34
94
-423
-93
529
345
-192
599
846
998
299
494
-5
16
984
333
372
-30
-855
148
273
-767
-515
787
-633
933
-998
137
-513
596
-554
715
-770
957
-411
-50
-125
-994
461
-383
-304
947
-539
-471
-160
-100
-628
-550
230
-215
-474
-417
-506
-508
-176
471
989
-373
-555
684
330
-663
-279
-335
176
0
-302
295
68
-826
919
-916
97
537
881
-367
395
335
782
-906
-224
958
-316
-284
-630
-699
-862
294
98
645
562
37
-193
-416
219
239
171
716
-989
3
470
932
146
428
-716
-52
-942
-504
-79
-194
274
115
-539
454
-503
197
819
-858
583
916
475
-233
567
807
943
413
-607
-839
211
133
253
230
605
414
802
-347
-212
833
284
-814
838
494
-837
-73
729
724
360
-186
-558
925
-957
454
796
356
-793
711
769
-12
-705
3
604
-306
226
980
-130
982
-886
-4
79
411
-589
-844
-755
-831
-626
437
400
109
341
237
574
-388
345
-146
-999
784
343
-967
-698
-216
281
178
986
795
-664
528
-403
129
-176
-941
704
-498
-660
-910
26
492
-48
-623
-226
-28
341
-676
-759
-872
-498
962
23
-944
-534
64
341
239
-973
-808
-383
-607
-29
-321
-211
595
-810
496
819
-625
-918
976
178
-653
514
-769
-297
-419
-549
-857
295
-603
-762
-443
456
919
100
-191
559
347
752
-485
-796
83
757
692
803
736
-928
-778
347
49
-159
369
89
-70
523
-909
847
317
619
-205
285
-345
-219
27
241
-823
329
367
651
-367
405
590
361
-283
36
-12
162
-180
724
-119
46
-807
373
-934
-254
821
-514
98
730
-377
-727
868
782
82
-834
-152
-9
971
-274
416
539
550
-186
-75
-893
-676
35
115
-850
-21
-828
-562
847
938
251
-513
-638
215
-786
175
684
176
378
126
-305
-774
231
976
620
-815
-650
774
-317
-884
150
-76
-921
-84
134
-396
-291
273
982
775
-766
233
-314
-941
460
-266
896
813
-295
-37
-975
-764
-796
-125
338
232
-426
653
-315
533
648
-8
-341
144
359
-697
722
-148
752
-127
-468
-39
-117
-535
923
-389
-267
-908
936
-494
-619
-68
50
139
-896
-112
980
130
-777
-795
-481
-542
110
-82
-361
587
-504
915
26
607
926
305
-326
633
110
-322
-996
-886
416
999
185
-126
-860
-728
722
-601
55
-873
816
340
693
-739
297
593
-1000
-542
751
-517
846
692
226
705
-296
-493
-314
-662
-65
-755
575
-155
434
-383
-408
31
-726
946
916
491
366
282
588
417
-254
40
358
902
-838
408
279
99
-675
-851
799
-347
821
-451
-126
352
-638
649
-873
80
302
-393
666
766
523
991
12
780
-967
-546
874
701
-268
-390
-773
468
553
-957
306
983
745
-14
-284
-481
631
161
611
-897
923
262
-903
-977
265
270
-720
900
-213
-990
-370
429
539
632
911
-579
125
376
506
-736
473
553
853
299
-458
472
821
-331
674
-556
781
12
-562
937
-185
213
374
24
-47
-604
159
63
-321
708
873
-918
719
547
611
293
-711
237
-291
-452
-316
884
-263
818
-938
-663
-101
874
-348
-951
-368
-58
-857
407
266
-598
-416
-174
-679
715
-350
818
230
425
-771
-363
745
214
-421
-624
938
354
371
-252
116
-651
252
927
357
423
-597
-340
723
304
13
808
-119
-89
-464
66
-322
345
-885
478
-714
377
-274
-891
-718
974
-587
-131
275
-163
-138
-399
-292
771
569
333
-603
-849
599
-600
876
-389
411
957
-938
469
134
808
-317
734
639
426
-657
-770
-361
585
740
-335
-247
760
381
370
-64
-370
294
-349
-236
-27
623
-90
-500
529
-433
219
519
-438
917
-649
790
-456
-534
221
-815
219
386
539
233
-636
-862
468
-323
52
235
-539
295
-977
388
-537
-610
-325
870
352
206
-805
752
-251
-476
211
-645
416
899
-281
504
122
-635
772
-154
310
-405
-165
-544
-150
741
437
834
-966
829
-616
268
723
285
405
783
865
33
-6
180
-195
-777
-85
380
-202
-685
-184
290
-630
223
-630
445
-558
-944
-608
33
-968
-13
49
-811
85
454
-339
-480
-117
132
-651
-483
812
-616
643
-371
-666
-333
774
155
267
456
-610
90
-223
-364
241
155
-142
-405
-248
683
817
-563
-982
-919
762
-856
434
-363
4
487
687
580
183
-552
-88
944
100
-292
938
941
-635
423
911
902
-383
-809
-515
-859
252
-303
-408
-367
-551
-954
-587
-942
989
37
-932
784
-750
507
536
-87
820
-219
383
866
-149
998
-23
-907
-554
-844
-273
-936
-848
908
513
670
-270
-458
-349
-297
-331
483
389
-237
-78
-302
350
548
-840
-589
-188
-896
-104
787
811
133
-992
-987
-88
-120
-637
2
-48
-858
-718
-25
418
-149
-199
989
-371
497
552
854
959
-768
-628
-141
572
-668
282
595
567
732
263
-971
960
95
231
-482
538
-583
544
278
727
691
-454
-787
-317
-16
965
-212
954
883
-393
-859
679
-258
881
-804
-310
-378
-308
-225
820
-334
453
-447
402
642
563
-988
-428
125
-239
884
-903
418
-612
481
-935
608
570
-651
-178
545
-811
452
304
-191
-781
944
-836
588
227
780
176
-571
-330
-967
-683
948
920
252
42
-105
58
912
665
-951
-307
-760
632
591
-356
-211
-722
-993
582
-427
719
444
-441
-43
-362
-724
-157
-275
-193
-294
-850
993
894
231
283
-7
-321
-628
-802
-226
59
-70
-48
-188
-973
-269
751
663
508
-863
-193
-2
-632
-381
945
-755
653
-279
-849
-458
-428
197
385
-17
-960
-79
47
-306
136
575
387
97
-365
475
-71
971
-977
-371
-473
969
-578
939
867
-110
-818
635
134
908
788
-58
267
428
-844
441
419
-315
623
-156
968
-734
-967
949
-788
-98
229
975
957
480
112
-797
-409
837
311
-399
-697
934
790
936
328
904
190
-903
-405
-190
226
-118
-809
-712
-385
278
27
710
533
-79
396
713
262
970
560
-296
-615
57
437
-800
923
-169
-226
716
980
-707
875
195
-463
-667
-75
828
19
-819
-45
-436
-348
266
235
-128
161
-1000
184
374
-280
-192
-828
710
639
-574
-365
558
30
82
-867
-6
-149
-321
-27
-845
-511
46
-950
-722
59
949
553
-699
-334
388
845
915
977
398
885
-439
369
404
-160
-82
342
163
-217
-509
165
20
454
-749
-240
913
329
937
704
-344
176
477
-514
327
719
-889
526
-89
724
-284
-136
230
-955
645
-684
-100
-699
-828
305
-177
3
850
-318
-590
336
-916
711
-408
-869
700
-477
487
26
940
815
-313
119
181
-310
-551
-220
693
-933
-332
29
719
565
-245
169
-51
-779
-261
-644
-64
811
592
204
120
483
-857
270
15
447
702
-803
-129
-525
696
886
-796
988
-227
626
92
429
670
337
-197
632
-907
624
875
-634
-934
-362
-463
915
963
-287
-773
265
275
-72
549
983
403
-596
-422
717
639
-512
-904
999
7
-78
-596
-892
469
-379
-195
385
894
12
149
407
-351
-267
585
-850
-483
272
905
556
-320
-885
-589
703
777
-805
994
-158
95
137
356
-737
-725
-746
-54
-943
-161
797
56
-347
730
323
-388
381
564
877
155
-368
467
431
-441
802
945
-532
-243
91
-236
-17
122
614
285
485
446
40
908
-876
-71
811
928
-260
-495
-297
-707
505
-970
-228
-522
306
973
-706
794
-255
-936
124
-982
-593
-938
-769
776
-644
-761
636
476
263
-424
951
-960
96
-19
84
-661
248
652
-694
523
-399
374
167
747
872
241
-934
276
-565
752
737
-768
488
548
527
-182
708
667
-135
352
101
-537
-482
-470
-115
698
209
261
819
-99
-252
232
143
-752
-93
328
690
-597
-710
295
-112
451
675
-825
587
377
688
-820
989
716
433
-369
-254
-929
483
334
319
981
-602
-463
355
840
-119
920
824
-615
-285
849
870
-767
-960
405
357
-410
39
770
-132
474
-571
-221
-309
542
312
-85
353
499
-167
320
-469
769
-762
-380
-918
-656
939
-560
736
627
-675
-407
-250
310
-94
-204
445
-996
-735
613
415
-981
-318
-989
433
707
177
-72
888
105
-508
-348
484
562
-922
-15
637
202
479
498
-775
933
-622
308
280
-227
-780
630
620
810
196
517
280
-289
-405
304
-445
321
-16
-661
-711
691
-568
494
-81
268
473
-35
-160
-214
-166
771
-199
560
-23
631
-930
763
-376
993
-793
34
597
-506
-678
491
372
-402
-810
-853
-773
71
-247
358
441
-125
335
-444
-364
-308
455
-92
799
-905
820
-422
-92
262
365
-221
-621
-56
-879
554
-185
-533
-181
-140
145
-590
-899
-987
900
97
-276
533
-980
757
152
701
-757
977
-890
-757
-270
-382
-4
614
-184
-284
153
-101
-870
-642
143
-507
719
-279
-915
43
167
-882
-995
900
-977
-580
-58
-986
-124
-855
-609
-117
946
192
145
757
-777
-263
872
-136
761
-298
134
37
704
-359
-956
40
305
259
773
-809
-40
711
-343
139
-350
893
75
75
-860
-125
-249
-77
188
-434
28
4
-206
-770
-551
52
-454
127
-520
422
-104
-20
788
-555
576
718
-424
-53
-22
530
-635
126
-225
872
-705
-295
114
199
101
-72
782
111
-821
12
-985
294
-491
-705
15
-732
-733
-366
-231
842
-60
130
-830
893
136
-966
-432
225
-378
257
-742
352
-378
-92
-846
762
-100
-82
-213
-442
-63
-253
-165
-874
-752
-84
-290
-376
474
-611
-556
-407
199
99
584
5
554
57
-850
-519
-785
617
-519
-646
-861
-337
86
958
-688
121
744
-889
-172
-373
945
880
493
224
-87
-416
771
-870
606
700
849
-710
697
281
434
603
-1000
79
756
-295
-290
-327
812
479
643
-312
-266
190
-87
-329
-554
746
556
-646
-640
125
-843
-224
-672
-465
-500
599
519
749
-937
-258
836
-26
595
885
282
-603
-147
-415
579
489
-450
493
657
144
-79
170
-260
-511
706
-666
-642
761
485
987
-505
-178
32
-498
-35
223
-570
-216
-413
-196
561
-511
-267
-942
-20
-264
-2
79
330
-161
-234
-525
69
83
-773
807
967
378
298
680
174
-747
-38
-245
384
565
-890
453
876
-519
965
130
840
645
504
-413
-132
-305
511
885
939
387
-504
92
633
55
597
879
909
792
472
28
-28
627
846
28
-929
-592
-426
-703
-853
-472
-195
-116
155
-761
359
748
628
-68
971
209
-107
-706
-949
-338
-176
233
191
540
-7
454
749
-117
907
872
-89
-669
993
-525
-62
-615
744
295
206
-226
990
-54
-362
417
-602
-253
438
549
-724
-878
420
-851
-433
-818
-307
243
-272
999
301
296
-314
25
537
-58
811
-734
-451
769
390
-118
909
763
229
-703
-694
535
711
856
820
-250
708
165
86
861
170
-791
-717
584
-635
158
-822
-521
425
-118
56
-250
-993
-351
-821
283
58
-409
799
233
-347
-382
-185
-319
-597
-3
-743
728
-270
777
374
-477
404
511
-876
-929
828
753
-182
765
138
-946
776
-22
-941
-364
817
-323
-728
-513
-586
218
-16
-288
400
-589
-43
-103
-7
510
552
996
151
-382
-814
-621
-282
-709
217
771
-719
-707
-677
-934
-147
-891
-599
815
194
-262
-333
472
663
963
668
-98
-679
-430
-22
190
-937
990
412
-167
-963
-946
-872
-422
11
-159
-976
695
-878
123
-512
257
-165
858
615
22
-733
599
240
-986
-218
-25
380
-654
-73
-751
685
-592
921
858
161
-869
973
156
-423
-696
601
485
-314
-317
-591
540
-97
-440
-875
590
-112
669
839
-186
275
28
-169
156
564
-769
-323
-812
-573
932
593
-153
-597
640
122
-433
-582
976
-14
-165
-563
874
-685
258
-150
-638
177
133
457
776
-142
957
-353
319
-434
-220
-776
361
-545
767
624
-115
373
152
-593
-709
-343
-405
-657
486
748
966
395
16
-501
-653
-347
836
417
914
-268
-692
377
-593
585
162
-562
500
-132
-428
-510
-969
-216
225
-89
-541
-625
-545
-179
4
-101
-609
-647
-852
979
-887
478
-413
502
-815
-614
-261
887
155
-112
-991
100
618
141
-689
469
772
-439
-881
-50
-751
492
202
737
354
171
-753
67
223
366
799
873
441
671
-108
-145
-770
16
-766
-764
666
617
742
-362
-182
-130
315
-75
684
-183
267
55
659
489
434
200
87
38
959
891
25
751
676
385
292
898
588
-220
-498
823
-4
-511
-307
-966
-318
801
631
132
74
-750
50
-827
976
518
-853
272
-129
472
-478
-606
840
246
-639
112
286
159
-323
-260
686
43
918
835
-3
625
-871
887
-391
-871
820
276
-159
-561
-711
785
337
864
-228
-154
597
-363
103
660
-370
-759
-787
788
-285
-472
58
-192
-337
-938
-167
136
392
104
144
-957
-672
-989
118
563
-508
-528
-491
530
-62
249
171
878
951
67
570
-865
342
-601
-914
241
437
159
495
179
946
-727
508
-502
834
-997
-264
-542
986
-893
737
-397
439
-535
-502
-868
167
-715
11
-434
-982
-826
-753
-441
883
662
-149
-470
-343
807
-882
-616
-453
-231
899
333
-944
716
323
-999
-965
-963
-744
457
-675
-273
-164
241
501
-281
225
-455
354
995
-166
353
826
-313
-91
-510
115
310
-676
-141
-946
170
-159
-140
787
113
135
347
-201
340
543
-775
-485
-220
160
-297
543
-701
-272
-478
-685
-867
879
-255
-323
-783
195
655
822
864
173
713
527
-352
-182
-827
658
493
870
-803
963
-243
-949
-537
181
590
-808
178
585
367
-323
-577
513
424
642
-999
242
86
-538
163
-376
823
789
-755
-653
-930
-893
-190
-929
180
742
801
-334
-277
-448
-554
-801
48
-535
-587
791
701
-437
-398
95
-856
-841
831
-756
-405
-427
-877
-965
624
-904
676
-147
-759
-960
65
-176
-150
-23
462
537
-220
433
-612
812
-226
-25
356
-322
673
143
0
-14
-79
-878
71
576
884
722
-333
-204
-128
-150
497
162
-219
884
964
-761
83
277
-314
-166
-935
-45
-276
274
-340
-586
-380
385
-159
204
-594
190
-329
-281
132
-544
420
-47
-249
166
250
880
-376
-284
933
772
576
-904
-572
-436
317
139
-495
-103
-759
563
-753
-901
-104
-460
543
-537
-978
39
-577
458
906
-557
-321
679
-109
935
-46
-900
654
793
14
-685
-951
-103
671
804
791
-497
-162
632
633
-748
-215
-696
613
-196
-704
-588
-91
224
555
-977
782
122
347
-873
811
-999
-996
499
-506
-923
-397
86
915
-420
-838
592
-919
-869
-603
-525
238
968
-384
-478
542
524
-457
-874
487
478
-703
-774
-813
714
58
390
-733
193
908
138
101
-38
265
-976
-926
214
-424
387
343
-815
25
-481
861
373
-729
-338
407
-744
-855
-159
40
-91
932
-896
-530
-232
257
-840
79
899
-330
931
718
638
-396
470
-790
379
-803
-941
547
887
-369
799
778
141
962
110
37
101
521
-806
-549
-295
840
531
658
-649
-941
416
-494
-365
-849
-13
-667
-348
-632
-229
478
111
589
-989
948
497
-949
184
-887
37
-315
-441
-837
309
-243
-347
646
-690
786
856
387
636
-939
691
-94
-572
361
-865
47
-911
776
-892
164
709
-868
87
859
529
-863
-51
-482
-47
-252
-66
-179
654
375
-571
91
-681
276
-301
230
442
-325
-604
-47
-917
170
297
-752
-249
248
244
479
531
303
-701
-946
-547
804
-573
-835
-92
-365
-219
752
-396
-53
398
-288
-503
340
601
-978
-235
537
263
-908
-36
645
359
-6
-804
654
960
-782
571
57
443
-527
-920
712
45
-422
-573
-409
-990
-712
537
79
278
-969
-248
964
-644
0
209
-94
369
-208
-933
639
987
323
67
12
892
-142
865
717
18
-105
-969
-909
-320
-1000
355
-125
551
-1000
899
645
158
853
344
-102
-206
-305
-782
-806
454
839
795
-118
891
591
-15
-633
-838
-381
-965
321
-498
100
-516
7
160
-211
-843
939
-278
-108
741
337
-883
-65
-948
-71
941
-529
637
-329
825
926
-862
619
-727
-95
441
466
-223
618
347
-647
978
412
-67
-568
-976
43
672
963
286
480
-92
408
-636
-457
761
358
-477
-475
405
347
-33
441
-158
231
-165
541
-753
-94
339
169
278
343
-46
-156
-466
-948
-508
968
-425
255
86
289
18
-802
234
306
579
-349
-394
692
-753
42
-212
-101
-656
-383
-620
744
231
-917
-299
-300
-704
272
-350
976
385
-251
577
-938
109
-509
-616
-469
277
-617
0
-700
-498
-187
988
-207
718
-902
50
362
639
813
-905
-139
246
-688
-230
-239
-787
313
118
-269
-292
-936
811
-550
135
-12
-649
33
785
358
-867
-688
-978
657
-89
-993
-811
-963
152
713
-683
15
-502
-136
15
-298
118
-477
97
-811
-109
-111
-926
-728
-123
984
969
164
566
-425
488
-64
-749
-372
-666
954
525
675
731
-713
656
-837
884
-165
-432
-442
-890
305
878
254
-65
472
-357
-449
-424
-438
-604
-812
118
-423
731
-286
416
-936
-10
-997
-677
-508
-511
-928
-447
-34
542
-26
33
-922
-323
-477
191
-92
-154
-235
860
550
147
224
-288
-591
-501
-78
52
902
137
309
-932
84
-421
-320
369
-749
-90
-166
669
-44
-969
-308
-113
-718
708
690
-49
756
-367
238
124
-765
943
-24
-80
291
-401
998
341
-513
-460
-108
625
597
486
-47
764
539
-974
725
338
-595
415
370
260
437
491
-697
505
21
-844
75
930
-829
595
508
-549
-110
963
756
526
-199
144
148
17
418
906
-816
655
-991
-440
631
-923
-241
-535
189
-350
-430
549
-26
-511
794
450
-623
836
-597
-332
-769
-442
-894
780
239
722
854
-608
472
578
941
139
66
-640
-888
-357
481
584
-277
553
111
-98
157
278
-44
124
184
544
-555
-572
446
-476
-618
84
-663
365
445
359
-292
874
997
87
539
750
763
737
195
305
-55
-543
664
292
-995
-804
-998
386
-379
-355
-13
-878
9
855
-593
-632
676
233
-520
-773
352
175
878
-431
46
453
-209
263
-657
-713
-552
109
274
-589
-776
238
923
-80
-659
813
507
392
-354
-646
386
465
-796
-652
462
873
-298
329
-562
-337
-48
377
759
-561
-786
345
450
-283
314
-525
801
179
-864
-182
476
-643
-341
267
-531
338
846
-49
355
181
-303
493
-345
-279
917
620
-567
-597
758
582
-203
-567
700
825
-792
-415
-370
-905
-519
84
852
973
854
201
839
-224
-916
733
-89
483
722
-376
456
117
-477
172
554
56
694
487
500
-756
-308
-201
45
250
181
-707
-346
141
15
-822
-937
554
-772
694
676
-384
286
-97
316
394
898
94
-194
-526
-745
198
521
-112
-183
614
-146
175
670
30
724
-127
44
-834
-248
-247
438
521
-898
-282
561
-696
-88
959
-857
-772
898
121
-297
-997
552
406
134
-405
-203
40
-618
797
-487
-396
737
833
-667
-767
-925
-953
742
319
402
-554
60
-796
-837
-843
550
193
441
-986
-195
484
-236
819
569
599
-668
-240
643
-27
129
736
-904
365
-199
260
166
-129
-596
-898
-634
-445
280
-460
-393
553
-420
-897
-525
202
715
-365
624
-178
-737
-839
-619
-761
70
-1000
-922
-645
318
-253
270
79
649
-468
-663
-178
573
-395
715
505
-805
-793
224
-216
-759
-981
-943
-865
-274
86
608
-469
-22
467
768
-724
96
728
275
685
-128
361
-926
558
-139
843
-781
707
-280
-63
778
101
-305
-461
-722
438
86
-835
230
-926
920
148
-224
-63
554
338
190
-728
420
-110
-722
-160
-755
776
-43
-98
850
167
311
-399
370
102
949
939
-519
173
-685
838
-297
-471
-27
-152
-259
-145
709
81
675
525
356
-975
-103
636
523
-9
232
434
-132
-876
259
852
-118
797
335
-680
305
-977
589
-840
-748
-467
400
403
82
-315
-16
349
-669
449
-151
583
900
778
-528
-135
-499
262
-252
-596
-884
50
141
-604
880
-5
-861
218
-397
-683
-963
8
-668
975
-331
958
-239
-530
-347
-335
974
901
176
275
-252
326
-897
-338
169
-829
966
73
-681
-371
-989
381
668
974
-606
-622
-834
-382
656
-446
616
-49
810
687
-138
-507
624
384
489
-464
-164
790
215
-645
-951
557
738
-369
946
511
147
586
-375
-318
-797
682
-304
-990
-922
936
-57
-999
-236
257
131
26
933
991
-185
-19
-119
887
-383
100
161
380
-989
140
973
-895
93
736
-973
347
820
728
457
-940
641
-770
799
-612
-536
-79
-468
602
307
434
803
641
139
-964
337
926
643
-47
406
445
816
-801
926
-822
697
305
347
565
-761
-606
337
-144
-567
284
733
-126
-649
702
-493
270
-272
-467
210
541
882
-319
-458
695
309
-864
731
-575
485
-776
-936
305
-341
-842
799
-739
-282
-412
-384
529
539
-754
629
335
966
-859
429
960
940
-771
440
345
-625
129
-260
281
717
134
-750
862
197
-915
192
552
-298
-926
-364
-91
614
-62
761
-724
-931
-503
873
261
-836
-519
880
-315
380
551
-56
983
-745
-785
-793
-826
-451
-297
-623
-617
100
113
-886
-141
896
-549
-820
-605
379
352
-558
-284
-399
561
271
-567
-246
894
-690
-160
-683
-418
-681
541
45
-513
586
-558
618
-809
283
-864
151
377
794
327
-404
-317
605
425
728
-317
-435
-115
-148
-694
-470
96
982
-71
908
-906
-631
-360
-137
-979
-811
310
-199
354
41
778
-12
-595
610
-57
-797
-952
173
463
314
-3
-479
783
-658
893
-78
327
-290
396
340
173
-883
-662
-515
-745
957
909
708
-250
906
282
428
-541
912
162
215
273
-631
-791
-775
738
-169
-734
-470
-618
314
341
-809
990
-913
227
311
942
326
-191
901
-192
-34
-673
-50
950
-33
525
-120
247
275
227
-388
-101
114
-130
-734
-654
-648
-309
-248
238
213
956
-257
1
386
679
-61
-592
507
382
612
263
-803
345
-331
-489
189
415
-287
-534
-798
-876
-491
695
-128
-116
-499
81
802
-930
127
-550
-157
-380
734
-524
777
942
-324
360
-257
870
-928
848
798
174
96
-978
775
-11
-438
-384
-273
601
437
-485
-569
-921
-161
-444
551
542
-846
-530
743
81
104
765
842
-582
-777
329
-953
252
44
-514
-475
-190
784
-992
-622
-765
761
-612
-192
-26
896
986
237
994
570
959
349
894
-955
270
-890
-40
65
-2
184
993
-984
407
599
613
795
582
518
328
811
657
-174
-388
-559
-620
232
-529
394
-679
308
-526
947
133
743
-972
941
975
260
-820
-68
-3
343
150
-14
855
-430
-748
99
556
358
-730
-764
-317
-694
501
21
-118
235
-231
873
-230
-864
106
830
-900
345
883
365
356
404
594
-689
-228
-325
-100
-791
-84
669
558
-954
324
-409
-433
720
-196
607
513
203
-445
-387
934
782
611
87
575
-66
-474
311
175
-423
610
-85
734
-420
-193
696
-615
66
-278
-564
-297
-695
530
-865
375
114
159
981
-507
-139
-526
-701
379
847
423
-117
916
-71
-584
69
-276
-74
-228
-564
-781
-631
-948
-845
688
48
997
498
802
-383
537
-559
-958
-257
400
-641
324
-199
-771
-625
-356
-337
-917
544
334
-238
-842
-216
813
855
229
-644
773
-728
741
-658
805
-569
962
468
-509
784
-994
129
979
714
916
82
-573
889
518
-441
-642
851
162
651
48
-388
-861
82
-856
689
-828
367
953
-610
527
-401
587
-404
980
-683
-624
75
229
611
320
-729
718
-798
-587
-486
-382
-882
-269
-658
-144
-368
-17
-867
964
745
240
-409
74
-264
-461
-721
-562
-295
952
691
-1
987
538
-811
-430
-933
-468
235
-14
-926
-865
-224
996
-392
416
404
985
-141
78
-169
-243
304
-567
653
-707
317
934
719
-154
-832
191
926
-393
-232
871
-844
-856
-402
875
665
756
935
-572
-353
738
697
-102
970
-254
7
626
-1
-158
843
-217
232
-528
-145
583
-510
-790
696
308
995
-47
-80
-773
-965
-452
655
-111
-330
617
228
713
458
766
917
467
996
238
-143
-897
-470
-25
-530
926
748
-777
-27
41
-389
591
214
-133
-234
-144
-472
-727
-98
-190
833
-350
549
-636
-657
-766
-233
989
577
160
-44
-479
485
855
-246
-993
878
-494
267
215
-895
-991
-944
825
-644
-248
970
265
68
-714
48
462
-758
115
970
793
266
210
-807
835
-529
-666
-287
79
246
401
-124
879
-259
-57
683
-173
280
-222
404
876
-320
-801
947
-690
-376
997
-298
-572
989
486
-870
-83
-295
573
-365
356
-891
311
-420
-115
153
-129
315
619
689
-158
-288
31
621
-655
490
555
-523
-780
198
117
279
-197
-331
663
303
-880
-648
-685
-447
-792
-181
-925
-26
-439
-933
-722
-607
-634
165
615
925
453
557
-976
-187
769
-408
604
-529
-421
934
-607
230
-341
-865
684
546
-363
-327
-849
38
647
-493
-891
-346
-705
337
-89
-349
569
501
-329
-987
-587
102
-567
164
-41
-512
-751
-638
-360
-968
-761
-56
-422
-951
663
684
-247
-896
-859
812
45
-304
-674
-342
-404
-13
394
-893
-900
638
-274
-387
-170
880
-962
701
-890
583
479
-509
767
-849
-23
-606
-4
775
60
-192
-160
993
-630
-922
-161
-410
130
500
86
-268
605
997
597
-826
-271
-102
365
398
-637
-203
-189
497
89
-668
4
-209
-738
408
260
205
-402
18
799
305
-591
249
160
-854
-715
74
-113
-535
451
444
469
799
820
-66
348
-235
669
-880
98
658
-907
427
-692
573
791
-274
-714
447
226
406
360
403
-546
344
229
-67
602
-306
653
-315
-239
909
802
607
298
383
-920
152
926
-111
934
718
549
-693
297
-900
-823
119
279
-159
380
-368
944
-244
-458
-264
-863
502
486
966
131
-164
-295
555
-832
-536
921
751
-187
-277
605
685
-653
-215
-482
-440
-32
992
793
344
-85
326
-768
-508
412
735
-404
-643
-967
-56
-659
-507
901
963
401
-709
226
-657
147
148
-792
-61
-789
-440
-178
551
-972
486
277
318
634
324
405
-156
226
-809
-690
337
-556
-229
288
-857
-685
-353
-458
141
973
913
-643
904
-691
-590
883
-973
814
-411
107
107
810
889
-723
378
-831
928
265
606
-683
251
556
-540
-222
709
-709
806
-277
777
860
-641
159
-912
-331
-265
139
315
-500
-704
377
-679
333
-341
166
-891
234
647
977
-896
908
-825
-498
486
536
-1
-565
-528
-483
11
-838
-11
282
284
-259
-259
445
-688
-192
292
469
-964
496
296
-855
697
778
655
-863
313
766
-41
402
-172
865
-213
-520
131
-958
623
651
232
-460
-439
164
536
-918
-596
153
391
-318
-846
-396
-914
824
-411
-158
-997
123
-742
-297
437
844
74
-706
-871
-734
-450
894
246
267
71
969
3
909
-24
254
920
267
656
-994
-417
339
-200
635
680
-812
-331
-820
-301
-932
938
-50
590
-977
237
901
379
-731
756
624
140
730
444
-342
590
697
-762
-52
495
706
-338
431
-226
792
234
192
558
696
-853
-867
374
-285
787
-660
120
-852
-589
-822
-132
-659
975
-912
120
644
737
-766
894
-37
519
706
-910
453
-614
-959
550
-860
-212
-523
308
888
-211
-234
-984
-350
761
883
712
-762
-111
-462
-768
-465
261
436
574
636
667
470
-409
-56
-977
964
596
-424
664
-488
-467
13
546
112
480
169
300
974
957
462
-992
57
993
-94
971
304
-611
31
89
303
387
951
-466
-342
-563
564
-461
-202
-775
-115
-229
311
-171
-555
848
436
707
398
495
727
-311
-517
-131
336
-632
-797
-876
-887
678
976
-817
-828
746
775
-338
33
244
51
261
252
86
-214
-729
-957
275
-751
123
804
-573
-405
-712
-875
-16
-804
-253
-466
320
-723
785
-48
943
-328
-789
473
408
-350
126
479
351
-648
603
-566
719
-878
66
527
747
821
-795
166
-989
565
844
621
-411
471
245
629
109
-540
-586
906
299
-839
545
-319
336
-53
-830
-790
-44
-231
808
372
-346
442
-466
959
721
325
-252
573
-200
447
783
146
174
398
601
-229
-60
924
-234
667
176
520
-347
-897
-906
-105
208
-685
822
-264
128
-402
993
-684
-881
457
905
-220
299
269
5
-499
68
-343
-211
310
67
-413
-648
10
-282
918
-592
553
556
-679
-257
-199
858
-463
72
713
-601
-340
-812
-330
-694
158
7
-121
-66
474
878
99
-928
582
-840
-781
-635
-928
606
-767
378
191
368
-577
-903
-878
-642
693
-316
-283
847
338
-46
67
306
275
739
645
927
242
802
279
-488
598
-794
332
-383
264
-844
568
-823
-554
-859
-981
-444
752
560
-722
999
-897
340
422
800
-379
563
-11
447
848
494
-497
900
-247
-727
410
-42
601
27
-465
-195
-358
869
-466
-994
843
-596
782
113
-2
469
-479
-753
-900
332
885
509
-344
960
-729
992
-96
-434
-957
-100
207
601
630
461
-432
-461
164
257
-163
299
6
448
-522
35
-149
200
-338
252
655
-54
-962
848
777
-133
-3
572
30
-1000
791
-504
-973
41
-535
-763
959
992
815
-126
735
863
741
-422
-557
979
394
797
262
-688
-637
-263
684
-246
-900
-555
52
606
-488
763
76
-965
-151
-608
499
-47
267
769
-887
-140
747
-197
515
684
-922
-666
-981
252
844
127
501
684
-557
-543
-740
22
951
-209
-198
682
-161
-287
-346
366
267
329
872
38
-631
593
-120
-453
535
-782
-11
651
-397
-445
945
366
-577
380
457
-256
496
-570
147
-705
-971
978
368
451
244
-382
929
900
-640
968
565
-131
935
73
368
-724
-504
-259
-504
386
370
534
537
381
471
858
40
-977
-33
814
-827
971
-183
945
329
-244
-420
179
671
130
-100
-160
-145
714
600
-915
-939
-376
-960
350
961
948
468
993
-681
-658
-200
-181
-170
-769
-860
140
918
-418
-313
65
762
-485
-965
-57
406
811
-541
503
218
433
-318
-414
523
694
-267
442
-93
772
672
522
623
4
-905
-429
215
66
834
788
-182
-246
-428
-218
135
-254
-123
161
344
-332
506
-994
-7
86
166
731
23
679
331
852
211
-808
777
-812
117
260
343
791
