5207
-206
610
-583
-186
291
-929
-440
872
-770
-565
-671
990
635
-258
987
-862
-935
-290
770
-251
-484
590
167
260
-607
305
-469
121
-274
-964
-252
382
-213
954
169
-788
-905
713
-736
-686
-439
481
-383
-112
-732
-603
-889
-909
-523
386
883
571
108
36
940
344
645
888
887
-332
354
108
-914
-839
151
-77
160
883
-271
-443
-778
-496
-973
434
-227
964
255
-201
-859
138
-290
-311
-11
692
492
607
8
643
-877
-196
-552
-894
18
57
-603
-531
-903
-239
-814
-897
-444
-698
77
25
-974
466
169
-562
688
-584
-422
11
-89
664
-244
-988
799
-479
-224
346
302
496
211
392
-78
-809
-915
-403
-106
-358
19
-28
900
914
330
-850
-568
-876
121
-303
700
-276
-599
762
485
-365
204
-657
57
415
183
943
-708
969
-403
-86
-970
-134
-455
925
226
63
-473
-619
325
236
-32
165
505
-771
-655
195
-170
-393
-425
204
-996
-916
-759
152
-897
78
929
-312
-81
363
-984
540
-894
262
-803
-399
272
503
-814
-841
460
-584
916
-63
906
304
-956
438
-559
669
519
-972
623
938
390
100
595
-112
-573
-72
843
921
281
-31
-326
207
-658
-514
518
131
-216
-66
-53
-294
-471
-474
127
706
-376
286
787
562
461
-362
787
175
-967
-201
-757
507
64
-92
293
807
324
-290
819
-535
-209
-729
-779
-102
-356
-994
-296
310
147
57
108
934
159
177
-288
154
-18
55
-309
367
-572
900
778
-383
-916
-593
193
-646
221
7
-928
777
-732
-544
-508
509
676
459
710
256
-9
-787
-268
401
-209
337
-294
-807
605
730
-275
736
125
577
-28
680
-868
957
-749
-122
-472
-960
-619
417
530
797
-203
-813
306
408
585
-404
40
406
156
-618
-902
-236
-986
-892
-161
67
314
883
-890
-784
-723
-542
580
66
622
-18
920
-627
-890
342
-579
611
428
318
-533
714
-539
-818
-726
-375
-41
554
821
667
921
173
951
-554
473
110
740
-378
-199
485
-762
-205
423
247
-205
-863
823
-276
535
661
575
290
356
661
-306
-246
-46
-216
298
-304
84
-387
-394
-647
-567
488
28
181
-756
375
-260
947
25
-958
-607
-172
171
353
508
311
471
-857
-416
-588
591
-196
761
197
244
-775
953
813
-149
477
721
748
-262
156
-152
187
-816
-122
667
754
414
-698
-815
-982
854
337
826
-228
-914
-98
-573
-233
-143
197
457
49
-574
-640
952
-747
830
462
-818
-117
-835
358
881
-75
133
201
569
-683
-21
416
-677
844
358
-700
851
-675
-462
93
-290
864
590
962
-239
-349
-253
-241
-22
-421
-111
-427
257
-456
727
-389
-182
-154
782
-974
986
-672
-877
-954
322
-609
928
576
-915
655
-394
136
339
51
-615
120
231
-977
-568
396
596
979
935
-266
-818
-536
347
254
-1000
227
913
806
66
-154
715
603
780
-378
728
199
475
-297
511
-940
-314
595
-376
-757
239
137
-9
378
-759
-94
-282
-156
-406
496
-851
-381
702
-273
-383
-216
-859
269
-250
-221
842
294
882
62
833
-505
784
-109
653
-172
702
-178
91
-666
452
-866
638
-468
256
-827
600
386
434
-658
721
703
-143
702
-201
184
-87
547
-925
-702
-126
-743
-973
-491
94
-485
570
-916
830
-697
352
72
1
-262
503
-380
379
347
91
292
222
148
581
-90
-249
538
717
939
-73
-82
-535
-721
-148
971
326
-45
-804
912
-879
-436
-850
344
-605
68
853
-604
-569
511
537
443
-839
648
115
-632
-259
-983
-171
-527
873
394
-252
712
-767
-912
884
-54
237
823
414
692
-248
-934
352
102
151
527
929
-640
259
688
-513
249
-186
724
-841
878
-274
508
-383
-649
753
-855
-747
-379
-738
570
750
648
539
-381
137
-35
273
58
-327
-540
336
811
891
704
-337
940
-751
232
-684
826
718
826
364
-718
-643
303
760
-308
-290
-790
-91
961
941
714
886
333
-512
-690
-224
479
286
-88
-254
46
631
490
174
214
-589
-739
-744
304
-837
-575
779
463
-818
767
-382
-554
97
-902
-86
840
-281
531
-463
391
776
620
-662
-562
929
-780
449
-326
807
241
549
67
697
972
-761
440
-286
-762
718
552
136
-119
452
-387
-732
-327
-608
-653
894
665
704
-217
-348
457
-269
-614
423
-451
161
837
-846
-710
-152
694
599
297
228
-856
-40
-226
57
673
159
-590
-320
613
-805
748
284
-217
631
-578
-712
992
-488
-773
687
-808
-525
855
-73
-703
57
903
-246
372
737
472
-61
-61
-992
-965
-302
573
759
-547
412
-960
-888
-555
-62
-360
550
39
-965
981
201
-26
-463
284
-277
150
517
820
786
926
368
-576
282
668
936
-308
-977
-29
-789
17
291
-560
-53
563
-190
-485
-555
665
848
232
-497
-708
-694
172
-610
-664
770
493
-751
705
529
-205
350
-161
-648
810
-153
649
615
825
-103
-608
393
797
608
-574
-6
-961
650
191
311
308
-265
888
-944
-733
-135
-445
-356
-15
-594
699
425
-472
-41
581
333
790
-139
493
-417
-558
703
190
-500
201
322
353
-378
631
-571
-227
-1
-463
-313
-771
510
-562
72
-673
-228
246
-863
72
-994
339
912
85
-449
148
692
-468
425
-63
-686
817
447
-440
-62
4
-806
-202
-711
168
-770
593
-333
335
-535
-126
140
64
-681
304
12
-165
-203
-489
-755
-141
144
-664
-38
746
-791
-902
-10
618
231
-962
421
831
-583
608
-869
787
871
745
-257
961
19
273
300
347
226
802
596
759
-143
8
65
212
-235
-907
-438
-342
755
561
-722
80
-39
-706
432
-105
487
-471
-321
83
238
-419
240
937
-157
-607
506
-620
831
-270
846
-622
-106
299
-815
-916
-46
-832
-328
-814
-132
-821
479
164
-921
-883
5
910
-967
-842
184
59
6
-528
-40
666
634
-714
315
-898
35
-126
-3
15
617
-445
-63
414
571
-963
-584
789
-408
-710
-724
301
-794
-321
858
-871
82
586
-309
-176
21
-585
909
-840
-530
-126
130
-274
-494
-426
101
-622
190
-524
-188
910
-92
80
-370
-825
569
-347
-117
-131
-230
184
210
285
934
-806
331
805
173
534
-318
519
-669
283
244
167
-336
-924
346
-929
-89
323
-657
945
-383
348
159
380
966
-787
942
-968
199
-565
-302
-468
-182
-216
717
415
771
-559
299
-469
284
980
405
253
-991
415
-384
-503
426
-558
341
-389
-442
790
558
-840
544
8
-55
-573
-447
-258
508
939
690
-854
181
-382
-613
-740
-531
312
205
193
-343
422
393
554
891
-330
155
248
-340
255
166
-526
-914
927
-339
-967
466
546
-229
-445
-619
-321
224
-45
999
465
137
618
-118
882
507
-857
-813
-589
171
170
-704
185
13
630
-970
66
391
212
757
-875
-879
644
-566
808
955
-609
818
-662
-341
-728
-538
720
849
544
999
909
-839
-919
839
523
-755
-78
-830
454
708
289
183
-809
-149
-224
727
-497
830
-306
-888
201
612
261
278
-750
596
988
103
100
551
386
-135
558
971
555
651
335
849
616
901
-783
-843
-962
-892
259
-136
-23
166
-65
731
138
-66
906
-951
-517
293
-247
-703
-445
-163
-991
-449
-364
3
-553
-266
-462
-895
-954
-931
126
429
-802
995
721
529
-806
-608
340
-537
-966
873
972
753
671
-785
-45
867
-651
469
-95
-514
-54
653
666
-247
717
-482
960
-178
98
-957
937
398
-255
-141
924
226
-850
456
-475
-913
-636
-338
-600
661
635
443
-14
900
393
-923
891
395
244
36
-169
-961
852
309
-69
-331
599
-120
557
556
671
888
677
-534
-970
-476
-304
-687
497
-882
627
205
962
-657
-708
-803
-744
580
-621
-501
-766
794
-512
-534
-688
194
-697
-805
922
-480
654
876
-982
630
863
-850
996
-232
-248
-399
-490
428
880
-514
106
608
-684
32
-616
615
-944
-768
-200
-223
969
252
-74
-698
214
836
494
879
-561
32
215
946
-434
193
220
840
802
-445
133
284
-237
-709
580
850
-288
531
-244
-79
-957
719
604
-658
822
907
-968
775
750
147
312
-999
757
14
-454
-929
967
-616
-957
-488
-669
-357
-301
-846
433
873
839
-247
-382
-327
-809
6
770
875
-609
518
10
-726
-613
-632
50
-835
220
-382
660
-375
967
-671
445
-761
541
-53
-468
445
517
340
-788
-996
-220
-680
47
38
767
-293
416
-167
984
603
-566
-979
-12
-450
519
86
333
478
816
-475
355
653
-988
753
381
-569
-172
478
669
723
-838
728
178
325
826
366
775
-813
-159
637
696
-286
-294
-792
-219
60
800
17
991
784
-259
167
208
-137
-640
27
-729
78
-51
673
433
85
367
-960
739
-333
-887
853
147
723
-550
795
678
-705
-514
239
596
-745
-927
-781
616
110
-418
-143
675
530
-410
-215
-896
6
-148
-103
-589
-19
-994
-87
619
709
830
320
70
94
-946
-138
852
-186
-55
-698
-413
450
766
-49
-487
250
-104
-167
977
-878
-503
-753
-420
129
853
-164
-7
832
-262
-106
-257
48
-802
706
198
56
-15
882
310
-998
273
546
680
-671
476
-949
872
666
-433
49
316
-917
-995
-880
-306
420
348
686
-827
465
-902
812
-894
-743
-755
-450
-266
550
135
-491
961
817
8
518
117
-279
413
393
889
976
-633
335
-919
675
-9
480
-53
147
-411
-863
221
-780
-33
-945
889
-110
-114
-310
298
619
-347
977
441
-114
-765
-730
880
845
-344
-787
671
113
-525
262
-819
267
-694
-523
6
-78
211
474
723
-322
239
434
424
-656
807
-950
150
252
-770
-885
-239
-620
-619
-682
747
-494
382
-36
-145
993
-935
379
-166
-711
-694
865
612
-619
411
382
-3
371
-499
90
338
215
906
480
-178
-532
-378
150
-611
840
-12
-790
636
123
693
-214
-228
660
715
864
518
-320
-293
-168
-232
-32
-831
-208
877
-11
-563
795
75
-549
732
-783
-58
367
-478
663
-750
-97
-510
-346
-122
764
-416
-133
683
-274
429
-565
51
-299
466
192
-713
407
-472
740
873
-885
484
664
-408
-288
592
274
114
-966
-972
-830
-380
-261
804
255
12
-166
851
-638
80
-13
597
782
615
731
-366
-789
-843
221
166
798
292
-506
437
-858
909
-70
-884
-202
454
-783
995
314
886
753
-962
104
-252
-408
-957
-556
478
-201
-859
-385
-91
998
367
-19
724
-1000
-819
978
434
140
260
985
877
-276
-494
-223
71
-26
-272
452
797
-475
356
740
913
-501
-958
132
505
461
-381
417
112
187
-866
796
59
-294
-990
453
166
-320
-154
-780
-643
556
-825
839
199
287
289
-492
-964
587
-439
-439
-73
518
-538
-264
-746
-117
208
-728
-290
-83
-223
-70
604
681
617
-903
-250
583
-915
108
240
844
367
28
987
-368
-631
-147
584
519
-814
187
26
62
-205
833
744
83
595
761
-14
513
446
-565
827
391
-251
20
-139
116
-161
-683
235
530
286
100
-953
332
-884
-892
-652
-660
947
204
-403
-107
-52
-186
-940
682
207
454
623
-6
121
-715
-131
521
-4
281
-249
-596
-192
562
-783
192
551
852
79
359
670
796
581
-16
-128
-463
-730
-734
725
-695
318
341
-233
-107
331
301
-219
-774
422
515
736
-532
368
-654
-942
-296
-377
555
879
783
-680
-330
-892
683
30
-219
-836
415
168
-634
690
-81
233
662
-864
568
921
-611
-235
878
201
-247
486
113
-444
506
-597
-581
944
-985
-150
569
340
396
-495
-925
4
17
-36
313
-489
-648
-265
315
-886
-430
702
277
765
670
-944
358
-421
239
417
204
-489
345
542
-194
-975
552
-340
630
392
-595
650
584
394
-378
197
-77
439
745
217
562
-604
-611
-108
-225
-405
213
-185
438
879
-839
343
706
429
530
-816
742
702
-798
-856
-86
345
830
113
319
389
-358
440
-623
-820
255
-981
888
-341
-661
-776
-677
791
-363
-32
770
889
315
42
-458
-54
-758
-252
167
-518
-679
-508
665
201
-94
844
588
312
895
60
439
-966
-115
-94
193
485
847
892
-933
69
178
334
221
911
-840
-465
331
530
852
-898
596
905
-591
-366
520
-418
542
-290
-429
-904
410
355
377
517
-168
-272
656
-509
-369
-395
261
729
337
853
-596
386
390
570
-41
-631
4
-990
-206
256
781
-25
473
-454
-859
44
-441
-119
943
211
-916
449
195
-245
-823
-724
366
71
-517
-713
101
314
18
-407
-985
-2
-162
-957
255
836
-91
771
-957
-314
-526
-621
44
-231
-131
-754
-270
-178
-829
19
531
854
658
-399
-945
-91
-765
499
-893
-480
149
149
-384
-447
690
-844
632
-263
-640
-43
405
-843
-186
-693
38
-583
264
460
-378
-376
850
-451
-6
-682
-819
-119
935
37
-816
-639
670
315
-90
-595
742
-971
-952
-896
996
980
-344
186
216
246
-135
760
-105
-736
-595
-10
-655
-457
845
-796
847
318
-369
278
-741
9
599
373
-949
-656
572
771
779
463
-379
748
-682
-6
-448
-729
-367
398
-625
572
-300
467
160
400
710
493
792
492
788
-590
731
156
-275
-810
970
19
237
369
-903
-309
148
66
-52
810
-942
190
-803
848
-446
209
-835
-451
-928
-332
885
976
376
911
-329
-519
765
726
518
672
-798
399
526
-305
184
-76
-318
-326
-331
804
945
351
-483
868
211
152
-816
146
-27
734
832
-982
-321
-681
-611
-223
-625
464
798
159
772
725
926
-246
584
-867
-703
333
122
787
-974
-329
-984
559
-310
-752
-602
-748
-625
246
-291
-542
855
726
851
-501
439
71
898
147
-964
640
-712
-368
453
153
491
753
123
-50
-810
219
798
-976
533
559
-418
-714
857
-329
595
-670
-40
735
-871
910
-348
352
-869
372
134
-633
123
893
55
101
683
17
-885
-896
-245
77
826
118
847
371
-116
593
780
-549
-975
-234
271
-585
442
-152
-277
677
631
-967
-547
-163
-418
-927
-147
-198
-619
-73
339
854
-596
-84
-780
141
634
439
-456
-364
466
875
953
-846
-703
-860
-295
604
711
-304
288
-81
960
139
-399
-218
254
-621
88
-340
517
587
-477
539
66
-550
394
963
265
259
540
-890
202
-785
-969
736
46
-666
468
-844
-668
-547
-931
-607
674
-38
-821
883
202
179
-752
-362
-468
660
-338
-682
210
-210
258
529
332
317
-911
62
-713
-142
77
695
-20
32
723
978
-29
-254
-779
462
131
-279
-529
-72
295
819
-120
940
-914
38
-297
921
-306
669
559
797
966
505
361
736
351
-551
-356
237
319
836
-724
-629
938
675
-788
-54
-220
-420
-335
-408
967
409
292
899
-546
374
-573
-887
204
-519
-826
875
-372
-595
-311
528
598
-281
-981
-939
778
681
833
531
236
-700
-873
-551
924
-360
740
-120
352
231
425
-546
401
-280
-425
185
-561
56
-310
-51
82
-998
-859
865
-98
-209
-165
356
833
561
871
253
-51
665
-951
512
-35
-992
254
12
-43
-493
618
337
-406
-817
-667
751
507
924
223
-119
-437
519
-207
489
892
-905
498
-147
218
32
-510
-193
145
-170
-57
114
347
-391
-863
792
-742
-273
140
528
335
0
994
-979
196
-613
698
370
-180
-699
-607
842
149
-367
227
-972
455
-965
982
539
-724
-449
-220
947
700
311
803
479
-397
577
146
-768
-527
158
322
-616
799
263
878
381
697
-709
777
-8
-724
771
787
253
685
54
-553
470
339
-328
996
392
66
493
-794
-378
565
-756
48
548
535
-210
-727
932
-130
-730
512
828
421
554
621
777
389
-400
-747
669
879
84
-807
211
-232
53
-804
-557
769
288
-785
209
306
147
-869
240
-621
-124
651
116
375
362
819
725
661
281
944
-176
-524
523
-482
-921
530
-470
576
168
913
-438
-241
923
943
-797
882
-572
-80
764
-297
89
-822
-749
-293
766
-531
-407
683
220
-531
-102
-696
96
637
-854
-223
-321
842
75
-305
823
129
-933
770
-831
-722
474
835
-957
-206
-966
-986
690
880
-17
-785
580
-700
470
-643
739
752
705
87
910
437
-880
50
-727
-902
-868
476
-43
-436
-676
-504
-389
-318
-901
-538
673
524
641
-338
-161
632
109
649
-661
944
52
813
272
579
931
-557
285
-274
-687
150
-550
-281
-144
473
486
102
274
470
988
-671
999
159
451
802
-12
995
-44
-361
976
-561
775
-955
-615
-99
-250
-694
132
-338
771
398
993
512
597
-987
-260
364
397
-892
879
190
-312
-915
-939
594
-67
88
697
408
966
-912
-51
323
379
-760
-872
163
-375
-1000
759
605
-270
-152
-205
532
47
-553
-173
-9
256
-728
-216
487
739
-790
758
754
867
723
147
705
-8
808
536
-518
412
-885
-940
851
958
-126
624
468
-433
-576
-995
583
-54
-622
154
207
801
-440
-895
-446
210
-83
-287
181
88
709
486
-62
-786
995
-348
664
-562
772
-861
-864
120
-229
756
647
526
826
-958
13
-852
650
756
-968
5
-281
-721
358
-920
250
-88
685
866
52
390
609
413
260
-874
-399
581
-842
-408
-354
939
665
-441
-998
-685
250
-698
472
-248
-110
-986
-858
800
73
324
244
650
645
79
-208
259
-349
695
-193
391
-783
-255
-391
549
357
343
-110
-708
446
-212
-303
193
837
-963
751
-557
735
211
973
-315
642
533
626
586
881
715
720
560
-138
-35
-94
-94
267
266
180
673
-235
-60
783
-755
894
56
16
-946
46
715
819
943
-844
208
-975
122
-458
743
-13
-898
531
-129
-558
60
-847
-308
-51
-766
345
836
-890
718
-597
-893
-7
-459
126
-610
-710
668
152
-188
-22
-846
551
-335
854
561
250
972
492
-231
207
-752
-422
-931
-167
-920
293
-391
797
-509
-29
816
-887
504
981
677
514
-381
-955
-945
-327
-788
88
464
394
-439
-865
686
720
-646
-672
464
136
-974
124
69
928
-187
-867
237
-724
-915
-994
411
-283
999
-665
450
-338
-134
-525
-867
-907
-73
319
203
-399
-196
-286
-185
798
-925
244
-346
-701
-520
908
89
-916
-297
-198
818
73
-140
541
979
-766
612
81
465
629
280
-967
-56
334
-54
-538
-295
513
-641
-799
798
647
557
-773
463
243
518
174
-100
-448
-381
430
-470
105
-596
754
811
-476
-29
-518
134
-788
352
588
597
185
-953
206
-387
526
998
546
-855
-993
106
729
-977
349
706
-587
20
848
-485
-208
-53
48
138
450
-72
831
-728
-909
-333
-10
-121
446
248
-293
931
653
-148
-356
276
871
-230
939
288
627
11
-411
-35
215
611
80
-236
322
-712
-527
-543
-174
942
152
-25
770
-274
-88
976
68
-859
999
-814
-569
-152
846
-866
101
-107
-371
642
-980
117
-321
253
-697
526
-283
50
-200
-523
433
374
116
-191
-623
484
-150
-534
54
272
418
639
305
-599
-81
-105
505
-985
-144
48
-309
355
936
356
-738
-570
-648
137
-383
378
806
-921
-364
-612
-275
-412
-128
-621
-400
907
-732
-549
-884
668
125
-774
89
637
-976
20
-628
-67
983
-471
60
-999
711
987
-705
840
-214
-930
-239
-671
-3
264
513
924
104
521
551
-554
949
788
933
-450
-449
474
-550
44
937
-184
749
849
647
-793
-932
-38
-803
385
400
222
515
755
-371
103
-607
702
-253
349
-643
56
532
462
750
-481
-317
-614
-165
-370
901
298
-779
-8
-73
-544
-946
240
-309
-806
-731
-165
544
736
896
174
-260
333
-876
-399
569
-805
-669
-587
-662
423
-350
721
-791
51
-42
-664
862
-678
859
167
-67
222
929
-966
-963
189
163
46
-207
-558
245
-975
-844
712
521
54
-826
90
46
324
573
437
-154
910
602
-321
595
-515
-966
224
-115
-566
-491
-210
-446
600
-714
-840
970
173
760
-632
-922
402
-23
-917
-11
-480
-659
-291
466
-646
242
893
-578
-199
43
944
325
-382
-644
-255
624
132
113
150
614
-690
939
-706
783
-83
-312
-394
295
851
-50
826
-68
307
612
57
132
-599
-308
-878
-51
-393
-895
-293
-110
-359
-807
-208
-153
970
-153
312
-510
-336
-96
-941
694
882
-633
63
381
618
-617
634
-815
309
-419
-942
-729
358
608
-424
-424
267
30
51
446
568
196
97
-905
351
-839
88
409
530
-328
283
882
191
-1000
488
459
-23
-407
-18
-663
-793
957
620
-897
38
-127
-620
931
90
423
-82
-837
626
-974
-631
516
-248
-868
140
351
328
39
-181
-199
552
510
37
901
342
-585
474
-281
240
-967
-582
736
251
-684
153
-319
-841
-976
542
126
-854
229
-309
641
137
-476
6
-600
-186
322
-202
796
-126
-913
-774
-97
163
198
-541
-175
961
-733
449
-450
683
-325
859
-905
23
189
-696
-132
662
-316
-5
260
181
709
876
-744
-672
300
-640
130
257
-787
-982
-387
-746
857
-949
985
-447
-416
-699
-531
40
-787
-722
553
573
290
752
-280
72
192
205
-130
241
-861
-369
788
826
-823
734
189
-392
605
-182
931
850
116
-328
-301
385
-813
138
130
648
539
39
634
670
451
202
-714
-698
0
-378
774
720
-382
118
558
376
398
82
-959
43
-28
-274
342
202
460
-435
-236
760
-318
516
640
781
-725
89
-65
717
-317
569
378
803
-187
-376
-498
886
70
-684
876
254
942
-349
836
320
-732
-6
936
564
565
-337
-64
904
-640
-794
-341
445
-15
728
108
-241
8
370
296
787
981
-438
234
-264
515
-676
577
-16
-818
-622
888
232
-798
-974
767
-765
849
-271
-677
-139
-687
-907
-649
-517
160
-791
-796
-600
676
-103
-651
-711
-61
-691
96
-342
540
275
-671
498
-191
-75
-31
-727
-78
649
334
-885
454
-633
792
628
376
-459
-456
74
444
526
-980
74
493
914
771
-613
-540
311
898
847
-665
-147
672
72
-85
943
-715
679
-217
-364
105
79
-312
-267
108
361
234
426
354
-912
186
910
-552
-388
773
401
-648
-404
-533
-597
-828
-292
102
-835
931
-266
257
-76
-763
-507
-457
-985
229
229
-102
-368
138
183
-756
-361
-407
-352
173
202
-821
-208
641
889
-121
-464
-643
61
-276
-124
446
-887
748
-31
-569
648
-1000
840
-555
54
-540
-704
112
-981
-153
-286
896
-686
-398
-34
-823
-648
-822
-565
597
-449
516
-629
-115
-974
284
-884
547
-909
17
-981
303
-256
-832
-12
-620
500
44
756
-433
-38
-105
-97
-69
109
144
-963
19
-22
745
-752
-507
695
243
513
-145
-595
-552
-568
490
912
261
-455
-769
-801
-190
-325
890
439
-432
-955
426
882
782
578
33
-371
-921
-397
-546
-729
587
499
-107
-747
-184
-954
-216
914
-746
-726
788
-828
-180
-768
-229
-198
658
644
-823
865
548
-409
965
6
543
894
358
789
-69
-621
-897
384
709
-199
-567
-84
-984
286
251
-923
-265
41
184
-814
490
98
-122
419
803
129
838
711
-84
654
245
474
-658
616
110
187
-768
-319
201
-309
139
-282
-972
193
838
-867
285
379
-926
-521
57
-33
964
708
308
448
-38
38
437
940
-340
-242
-979
178
-623
-61
653
-863
987
-751
-831
-581
528
429
-324
-520
-267
727
193
375
-871
440
571
-769
-276
491
-550
676
-886
-440
91
-90
-520
-789
-222
-637
-550
-316
-794
940
334
295
-310
-156
297
275
932
517
795
192
-389
-115
-31
-271
-798
-426
-664
249
-53
740
-343
-549
122
-665
357
697
-169
-320
-210
-802
431
112
447
695
-968
875
777
-293
-625
-324
747
-20
704
130
622
998
881
552
-646
-972
923
-189
-535
402
-202
-124
614
12
-447
525
720
166
-886
672
977
37
-176
243
293
122
-638
-704
-934
-641
691
73
819
-150
-531
168
-888
686
591
-475
398
-559
901
273
303
-775
371
830
165
239
525
33
-728
-171
-299
-672
-799
-365
338
486
906
797
9
6
133
529
251
-84
-58
365
-597
-322
-451
653
538
673
-156
274
-351
728
-415
-130
-134
663
-280
-85
-869
887
-671
203
-31
914
-319
139
-683
509
695
817
-131
278
806
-636
994
35
522
-550
-136
-823
-775
-948
-176
-978
871
854
678
758
-123
683
167
282
-808
390
-396
840
-430
-917
-677
-109
255
27
120
378
781
854
616
-506
920
235
165
445
50
811
-877
-59
-916
-52
-347
210
4
201
-515
-545
-725
71
847
123
-207
402
160
299
462
645
-816
558
-944
825
-879
206
221
549
947
929
372
516
62
-769
388
324
-437
-50
-728
90
-112
394
125
-622
-954
-992
-942
756
-553
-983
-389
-829
473
868
-206
688
-974
-740
-854
491
472
-519
145
-183
6
-350
50
-735
12
816
676
-288
-732
45
-413
-660
12
11
233
358
165
898
-456
-696
215
129
854
174
367
-314
966
514
-426
-968
175
623
-497
-911
123
647
892
730
974
304
-899
-914
257
-183
-345
-320
842
474
-803
-359
666
233
-290
681
915
9
506
-609
-541
717
50
724
-95
827
-853
-607
131
-805
495
-704
377
702
272
832
-166
-276
138
419
-438
-571
-316
-398
180
-631
-846
640
-22
644
330
683
-138
-303
-848
47
715
607
113
868
-691
-255
-392
-472
-726
655
-511
-808
883
-151
-216
647
171
-740
-531
-127
316
541
-346
185
160
291
624
95
-446
897
180
717
-767
-735
-446
-160
-258
-532
-435
628
-109
565
99
-72
-752
-987
-154
81
-253
-655
988
-757
-109
-535
-240
-630
-486
666
-446
206
-404
626
594
228
-440
-557
36
-215
-598
-544
-64
505
-86
-603
-982
854
117
820
201
293
-507
106
-971
243
224
432
418
-43
250
-84
84
-356
952
408
574
-650
930
-822
890
-383
-28
-973
-665
635
-238
-508
410
38
613
697
35
-313
982
137
-306
797
853
742
913
-290
-122
671
488
-675
617
-538
987
24
517
987
-871
158
449
918
580
-770
990
244
72
-710
164
345
-903
811
-264
132
-72
-355
-521
480
-879
843
385
678
597
-74
676
-480
31
270
-684
777
404
-845
-587
-432
-788
773
-939
-597
920
616
-952
951
879
-268
352
-834
745
-152
73
146
-89
-738
223
-603
-660
-406
557
-341
940
60
947
-441
464
-219
-333
738
-349
-970
-296
635
125
-893
931
872
841
455
-573
-694
996
193
-432
927
933
-20
101
944
739
781
87
283
712
453
-474
875
304
982
-576
115
237
-525
-820
-214
-533
-832
425
543
-613
696
372
238
-98
781
-944
123
-512
729
869
43
974
836
935
-45
-923
47
930
664
281
364
-369
548
158
-911
-922
-262
-313
-591
-768
-15
936
-358
391
-275
842
-770
748
731
667
-263
-75
570
704
-159
-207
551
-328
-612
-279
961
749
-837
-395
28
314
867
536
97
180
876
218
2
934
-461
528
458
-691
-230
-199
-45
108
192
-57
161
477
-261
56
-500
149
240
401
-660
723
325
-378
653
-411
-785
-408
-287
-138
181
-837
-380
360
-859
-365
619
474
-348
-101
230
950
-207
-703
-347
682
931
-751
694
-800
577
93
-532
108
352
182
-485
-222
-409
73
-928
-270
318
-151
-770
-767
-651
581
-477
-843
-255
-411
345
588
-175
-362
696
-358
-881
592
-568
525
881
609
-939
-386
-241
104
-245
-665
-16
-273
-575
827
-547
-970
-398
102
471
40
-890
-237
212
716
-689
-12
20
-837
559
737
434
552
151
-768
901
305
714
477
711
945
-591
-10
45
847
359
262
677
-986
612
-900
-98
402
39
23
-799
-140
-723
-976
-3
-734
-66
-348
688
-50
-522
365
-175
17
17
316
458
-812
-864
-492
164
-229
824
38
-614
-593
-503
517
384
-746
572
-699
-804
96
-458
613
34
305
-199
-282
-723
-490
-390
567
-519
-618
653
-945
-754
-186
-852
-458
-969
-295
-345
527
-367
-845
-843
246
191
-664
-296
114
394
-235
79
648
869
-198
-219
444
846
-317
-762
228
865
-766
-974
379
-105
-117
-150
318
91
-164
248
406
-499
-458
459
-205
-912
-36
735
-958
-978
151
987
-821
843
819
4
-103
