2134
-855
-156
568
395
364
719
719
-487
261
-703
859
-740
-581
-505
120
-799
690
-916
538
-570
-9
-934
-92
814
-506
877
51
-511
-151
835
603
-977
541
-832
-149
-699
-462
-18
-529
584
335
-670
690
799
-753
634
-82
477
300
-30
-190
891
-778
-187
766
421
-512
433
110
-357
-296
-701
-495
-137
385
-334
213
-322
-961
-169
-864
-817
174
554
269
745
-306
-664
-894
442
335
-624
730
993
-538
-323
340
53
-71
157
-106
654
109
913
431
-591
-615
237
-328
-662
-490
-113
86
514
-778
988
-160
-273
-899
-154
295
906
-687
858
806
700
938
405
-73
-910
-203
-89
-992
144
-101
80
776
-958
-679
-170
-470
-339
-469
-551
-283
-796
746
-259
717
358
80
-889
642
644
-412
-93
986
544
-730
-926
-754
386
328
449
-978
340
886
-92
226
-691
-924
913
-274
-37
-429
489
-896
-951
48
658
937
912
57
175
790
-182
-403
897
-677
-607
383
-970
-709
390
-523
-656
-810
878
-461
465
-225
-57
944
290
552
232
914
19
60
-426
571
-388
553
-461
-401
514
-391
-848
688
758
-581
-204
-920
-41
867
69
-318
152
-470
-702
998
-404
163
691
-145
-787
412
-872
-965
-357
-403
159
-242
-286
-576
-575
931
437
-868
715
145
855
672
-37
-555
504
-567
752
370
172
-912
324
-383
935
499
566
70
-347
878
111
898
-810
422
967
-833
-922
882
368
-453
-997
-218
-449
819
-56
-819
683
-277
-818
194
-274
488
-191
-901
248
91
-439
-189
851
554
-129
35
594
-596
711
972
-190
784
878
371
946
714
488
-807
223
124
508
-490
872
-739
-132
-846
993
137
-292
-433
-126
-555
-109
679
399
45
975
637
643
-948
323
530
165
-378
-164
663
637
357
609
-326
-496
-721
-888
63
294
-416
-202
-868
701
793
-882
977
790
-619
747
146
-482
580
297
-14
-121
-538
413
-466
404
-91
532
755
404
959
-23
812
-619
-785
-208
-340
-262
-121
-912
-971
-233
-52
-290
-813
441
318
-860
825
850
-349
352
837
34
815
-663
609
194
977
-324
745
298
-627
-316
581
-493
498
-904
-510
598
375
415
49
82
567
718
-421
173
597
-78
-1
498
462
969
-326
425
-22
-165
322
228
398
662
-65
469
-350
119
-282
-387
730
-892
-908
863
-685
-26
947
403
-341
820
380
-265
-963
-422
553
-816
232
-56
741
494
-516
583
-685
877
-16
-601
552
360
242
-572
-570
-632
-260
135
181
378
287
-919
112
-418
159
786
-758
-85
-165
-593
491
16
-457
-431
-469
550
968
466
793
-286
571
-653
-840
-330
114
-543
711
199
364
-57
155
985
-256
-132
-36
-762
726
716
889
110
98
965
-888
775
78
744
-306
-762
-190
335
583
310
-925
-754
-653
213
-779
626
414
671
190
-154
26
305
-887
564
778
-913
-556
-520
-115
626
-618
-48
-699
425
-592
-448
-476
608
-833
435
594
-338
219
171
574
-584
16
-423
574
307
550
-536
-204
-905
735
276
-465
863
860
24
363
252
92
-571
470
-775
-525
718
320
42
-894
-576
-850
781
297
224
-773
-349
-554
588
-340
-568
232
563
-786
-707
757
-400
-753
903
-844
-879
757
-367
-361
-297
-257
828
809
694
694
-586
528
604
-337
-680
303
-753
80
-422
-149
-962
732
49
440
265
317
601
911
29
845
45
414
-57
-623
259
76
954
371
-267
-137
812
986
-54
668
202
760
-637
-302
-468
784
-575
-700
772
929
499
713
-289
644
-963
-526
-594
-930
-411
-737
-834
866
-25
878
-397
982
-791
209
660
672
-184
-725
399
-178
-159
839
797
639
-308
356
-848
-128
-958
561
-983
358
383
769
551
-251
802
971
-374
-148
-494
385
-827
654
443
715
-495
13
-538
704
766
-28
-826
144
-748
-895
735
864
-808
-723
-79
290
-901
-774
306
-623
-196
136
25
374
-146
-509
-970
986
68
813
-64
-167
-744
-845
-234
-945
667
-945
183
178
598
10
-930
-117
-736
-757
820
498
504
545
73
-651
386
41
733
-556
335
844
489
477
-972
-921
-357
-785
-307
-280
510
637
-614
-157
-664
225
-649
670
557
-135
810
-833
576
627
-186
-592
-806
145
860
156
19
-663
65
553
749
-4
-614
290
-991
-911
-173
303
-751
877
736
-13
44
-687
-501
-942
768
-721
828
-899
745
314
-249
988
936
394
990
-490
31
-455
55
896
-776
-211
-423
176
581
610
480
460
-845
-141
800
852
760
-507
-154
825
-933
-47
233
-40
-926
-437
159
-985
646
-461
477
-581
-988
824
679
596
-371
-940
-251
917
-260
792
-554
980
231
900
750
682
-769
-669
331
375
930
-559
277
421
832
-998
-124
295
-918
737
844
95
-122
-887
-637
601
-33
-460
-301
535
842
-171
122
-919
-45
-492
-370
-184
-667
-339
-369
144
-263
709
-75
904
-906
731
152
943
-761
-601
911
453
634
-654
720
627
-876
97
533
-664
-414
-881
720
625
826
-971
-507
131
-176
-103
198
-776
-716
721
684
-828
425
-510
-303
67
-991
985
-342
-238
-253
949
673
70
383
464
258
-516
-312
488
-357
-50
992
-962
742
879
-575
-455
-829
899
935
-840
-82
-610
220
659
208
-824
-533
-260
-158
953
54
424
-164
-425
-317
-348
267
457
-463
-107
-191
374
-695
288
-634
-305
-625
643
-324
-474
-153
302
336
314
964
209
-244
-624
-549
788
-630
-577
215
77
-525
-920
86
545
-10
-384
-143
90
-636
-868
280
881
-809
-584
-644
-855
451
-972
902
-984
-283
-469
164
210
296
-751
-940
-941
-938
680
121
73
267
63
395
12
918
88
187
-229
-535
-188
-157
-60
271
766
188
656
461
273
-647
377
929
838
129
-664
-841
622
-902
-65
-533
56
81
400
456
719
-602
-584
895
-717
835
-676
339
-413
-675
494
753
-908
-684
-532
190
881
117
-459
424
479
-690
-599
-498
-502
-559
-932
427
802
658
-202
-498
636
-213
186
-555
-106
-705
-591
872
-901
10
930
66
271
-953
401
857
152
-804
753
671
889
784
423
369
-292
-195
-435
-196
138
768
-209
320
298
-994
-923
-755
-811
128
-786
10
578
414
-811
996
179
-278
-269
-973
426
99
-560
-231
233
-885
-873
419
-299
866
118
962
614
545
607
771
654
-942
958
-790
195
620
710
-546
-581
-371
-710
381
-781
-31
-859
192
28
-785
-441
298
386
-462
221
218
-38
596
-324
-129
-808
806
921
331
-118
189
120
800
821
951
703
-536
-6
588
5
-255
308
-689
-995
-252
64
66
-567
-186
-455
233
157
776
736
711
114
-663
-587
246
-877
-820
-252
-942
983
756
398
724
-421
-405
-477
-499
699
194
-919
-488
-19
131
-612
-190
267
354
562
-27
-213
178
138
-240
860
372
688
-430
-881
-695
-385
661
160
345
516
-216
335
-387
-774
165
15
214
-792
-447
-53
-896
-701
-911
-976
753
33
-902
-725
-948
811
-863
111
-142
798
-991
131
-328
-401
-70
614
-957
-728
-25
-64
272
-108
-264
-42
768
-190
654
-295
320
409
725
-372
679
-183
-21
-928
953
857
-849
-1
-391
-717
-171
433
-725
184
374
941
-921
65
-461
608
985
19
186
131
5
-834
98
-84
-137
194
-367
-636
553
367
-243
800
-769
952
846
350
-292
-94
162
-434
391
-193
267
282
999
-335
467
-300
651
-323
-993
891
-841
-658
514
-248
473
-829
520
-181
-486
-922
803
-626
224
442
-718
-542
-401
384
253
-338
767
-970
718
-943
921
957
-471
-528
-276
933
-532
768
764
-537
193
-766
698
-242
944
-378
110
211
-319
-387
0
-12
928
735
-185
945
-455
-523
-935
435
-365
741
-367
-216
-791
280
142
-481
-349
233
872
140
163
-116
189
-103
476
-744
570
778
-739
578
-699
-469
-198
-328
39
-792
603
247
887
761
270
58
-511
-953
216
-785
-202
-449
-839
887
-995
899
-642
-230
167
-425
655
485
-576
591
488
-559
274
-366
789
689
-77
602
631
-104
654
875
611
-732
-241
206
-838
27
520
-278
147
304
593
-771
884
-782
268
700
-945
210
-154
-907
-87
143
810
733
294
-545
127
987
-992
-932
-878
-944
-185
408
-482
-207
658
847
935
-526
691
-760
535
49
-663
87
-272
124
703
-238
-960
-352
514
-882
210
944
-529
517
928
-594
779
918
-202
217
316
794
-413
627
-588
254
857
-755
-657
-462
-269
-735
978
540
598
588
579
-550
640
-554
-905
275
573
-225
694
-536
473
-968
267
-84
-752
-501
151
124
-336
-664
726
-259
304
814
137
770
-438
322
834
-857
-109
478
159
541
284
-215
413
-367
561
-193
109
619
479
957
-764
-192
642
-533
-563
981
267
-714
-775
865
-527
297
-185
-787
-81
631
-978
458
347
792
806
383
-169
814
-969
974
-48
-78
-86
-14
980
-768
-581
-936
-95
364
816
-506
456
863
835
204
-432
546
939
-906
-458
37
105
-741
-942
797
-82
725
886
-1000
-790
-371
-721
46
-577
-862
-162
-538
-540
-746
-544
-846
534
709
-935
8
-904
195
-720
669
-437
-895
20
-960
504
476
-564
897
-918
-830
-693
460
-422
97
-686
6
-974
-834
-368
-61
114
319
789
561
897
950
-380
-732
475
586
502
-465
569
371
460
364
-241
-942
204
200
62
427
-612
206
-630
864
-371
-322
-347
-645
-97
794
-598
887
-302
781
-170
44
972
744
-671
-235
-681
986
843
-433
514
860
785
33
-265
-10
910
-253
541
-879
510
220
-44
-630
766
-564
-35
528
-353
-286
348
-102
-774
555
454
392
925
136
-236
-828
-348
-982
-150
-540
226
-451
-463
848
14
862
592
-662
-629
-710
970
-513
224
101
944
200
246
772
-601
845
512
-649
404
-265
-140
-297
-76
-80
-553
-761
-967
890
-328
106
126
-680
-190
705
-517
-195
-443
175
932
671
-754
155
-788
871
-29
625
-201
25
-165
-890
-676
-6
-390
181
-615
706
106
-949
258
0
388
-757
-991
820
78
975
497
845
367
-3
342
-544
-498
-671
-493
-111
521
-308
47
817
-127
633
-302
-363
-878
616
-615
-34
-48
-807
569
-598
-852
-282
224
-377
-633
-803
614
559
46
-503
-141
53
579
220
-293
-278
444
-197
-412
987
-380
-538
680
-373
-528
-254
422
-183
-148
-139
-622
-866
-188
-994
93
485
-817
-786
-785
679
117
-601
481
226
993
703
919
453
65
928
154
395
-854
-592
-428
449
-423
-455
692
-107
-476
-12
-222
-146
-465
-282
-739
898
-629
-713
607
392
521
26
-670
363
-884
174
-901
359
-277
-735
997
-941
-138
-324
857
-805
80
79
-135
-824
75
553
-548
-866
-686
-189
-125
-797
-929
218
90
551
173
472
523
-300
215
46
716
499
-33
256
-984
-456
588
-259
859
-532
-886
249
263
-475
-651
585
-636
-956
688
410
229
-438
-417
30
661
568
-138
884
127
562
-808
-653
45
446
-15
-558
-167
287
767
-665
-273
777
363
331
579
736
454
839
-177
594
-626
13
309
-835
336
-172
-861
510
103
-399
196
215
-222
703
274
28
4
604
106
-421
309
191
-264
-203
-890
-903
-79
125
258
519
-32
-292
223
913
344
159
-892
-941
-8
-354
-331
-699
764
-183
249
840
-816
-847
-307
-752
687
272
225
-871
-374
-522
-464
-441
-75
225
-451
-562
-901
536
56
218
-575
-780
-160
652
-712
315
35
450
700
-565
785
514
-182
