7215
-976
359
-308
314
766
-610
130
-303
-125
-865
881
-444
797
-121
-462
32
-414
661
108
-865
-459
980
333
-586
-763
-891
186
359
-317
406
-975
679
845
-705
-937
298
-68
315
339
-342
-618
-221
229
-809
721
-138
-315
-696
-443
-363
-252
-48
-83
122
-639
-997
-998
-871
-470
-393
-605
815
-548
880
812
119
-934
756
850
380
-410
-651
-255
-648
255
-708
-797
74
855
-837
117
694
415
-741
-281
407
-383
740
-225
-784
650
-389
-549
80
290
677
897
-13
-151
-454
-475
-971
640
85
279
609
145
-456
533
600
940
-996
-476
-803
-704
-507
-873
109
386
-428
58
-403
-404
199
398
-37
-795
-709
176
-634
345
194
664
-294
-795
-993
-661
-509
401
941
382
3
-102
-240
-904
142
571
387
402
562
-281
624
-131
-139
-954
911
-992
119
874
662
957
950
684
-674
383
367
760
-42
-590
-30
626
480
-129
-241
163
570
403
-67
756
791
187
-918
-507
-852
-211
172
187
439
358
-987
-732
281
204
581
104
932
-961
281
-626
-625
897
738
-969
470
830
81
-948
-546
-134
510
687
-9
-794
-329
576
-661
-273
-411
63
-509
-477
-373
168
568
928
-200
640
-634
-469
-21
-454
893
330
838
663
161
975
588
-1000
-190
97
820
209
102
-8
399
-789
-159
69
-234
-282
663
588
444
-774
408
-289
642
792
234
680
90
-990
-907
-606
-508
-77
-809
964
-108
-436
183
988
756
796
-521
-348
661
811
-589
932
225
36
423
676
-324
477
637
875
-535
740
-206
-279
-439
-744
-406
-691
622
-768
-70
100
397
428
596
735
914
-58
-80
319
765
-444
-379
-816
-389
-210
-713
943
-976
-170
-310
921
-385
120
228
930
-420
432
769
-673
168
-365
464
832
-468
411
-453
-931
-367
418
292
988
348
218
-38
637
743
-506
-5
242
-742
-183
-205
558
777
-887
851
-984
183
-625
-547
700
-360
-466
364
974
900
190
736
-980
-377
-700
534
688
-427
736
-953
718
-229
658
-953
96
512
25
-211
-548
-21
-614
835
-658
-146
-343
-909
-649
-976
-265
849
610
-247
-983
-216
287
582
-368
332
686
-356
554
671
-519
889
-811
-113
-354
278
-373
-340
824
-487
703
-489
809
-538
-638
-586
966
181
257
-363
815
-320
-497
-298
89
227
-261
-439
-566
566
878
102
401
214
-397
-665
607
-833
403
179
-778
-650
-372
789
620
594
-419
555
-405
-165
752
282
-567
-869
293
847
-721
130
-825
241
441
213
-258
642
-39
-538
-368
-925
-393
974
100
151
617
807
-347
432
523
471
639
-602
572
454
457
454
-155
0
671
567
-314
326
794
376
990
-49
-978
756
-602
669
689
152
-629
-438
-301
155
-201
480
-818
988
363
-281
91
-470
235
138
-370
-596
-42
739
-816
-95
-96
-683
983
705
734
-440
244
899
877
-242
-216
296
-17
-204
-636
-92
195
-219
603
989
159
264
-602
-309
-515
-422
-59
480
432
-362
-35
961
546
-575
722
178
427
-702
562
-272
48
110
491
-568
165
34
426
-235
656
-551
961
-905
76
-866
-684
-786
-74
-213
-959
-443
-168
783
825
348
304
735
463
-498
-292
-845
-564
722
-828
737
-531
12
531
647
-310
-861
-636
369
-509
750
-123
731
777
-153
-54
-751
-730
145
-47
34
122
134
750
-334
-413
-103
-621
414
56
59
381
683
386
-231
-323
919
-457
-590
-127
-399
293
710
847
-379
24
697
797
-273
-280
-57
80
-191
321
418
-864
256
-784
743
-332
-648
-889
319
-849
639
-354
705
-474
-361
151
-492
876
125
-389
-253
253
591
-411
-103
-909
315
-981
667
-712
834
933
-971
-71
187
-628
428
291
420
608
867
-82
-173
-139
506
466
-182
155
-112
-727
-551
-791
153
-61
-643
-714
-838
112
-681
67
145
990
456
376
274
111
360
778
332
-331
390
-331
-661
-99
569
-756
422
-842
52
650
456
-564
-424
-588
-340
150
-284
-723
-223
-808
-792
-43
-435
-843
631
-673
-722
-908
731
654
11
-530
-494
155
-662
722
373
-75
42
469
362
-826
768
-343
191
462
-896
73
983
815
-767
494
-366
-508
755
673
-108
-402
908
-546
-665
220
685
193
428
150
-636
-17
637
-42
-517
212
670
164
-35
-732
850
973
969
448
714
111
-577
216
104
132
503
-393
626
840
-895
655
770
-872
407
-974
-519
-391
-50
-870
36
-462
-596
-346
711
-216
723
705
-907
452
-789
-992
-62
-14
414
-696
608
889
-627
-166
341
898
-608
-436
-626
662
475
261
28
9
-804
-267
-515
909
208
-705
-730
-571
357
-700
860
919
-630
-612
962
-980
611
835
-228
-185
-551
-641
833
-241
-914
-502
704
811
926
224
58
25
49
-539
141
-100
365
420
-320
224
-280
144
826
954
-741
-295
-530
-944
145
446
-783
-782
-129
505
747
324
799
651
-885
810
-236
996
-587
-193
338
-337
135
321
-795
392
-278
-180
-769
-389
-252
481
-304
-230
122
915
173
-245
258
175
-125
-772
-314
-523
-123
820
-603
-201
-750
-633
-893
572
194
-315
-111
-590
-98
-753
-472
-866
127
71
-274
577
302
212
683
-823
827
-785
101
-304
-950
285
775
-602
-857
-728
-304
-826
-774
-852
-168
919
-11
-948
45
241
-485
622
-340
922
139
-614
-340
-468
505
-822
-701
-251
-818
-642
-676
747
-202
591
-48
458
263
-387
-447
827
-15
-680
-58
578
-95
-345
560
724
383
-375
-804
163
24
-762
-447
-280
-394
816
-983
860
-358
-773
-788
307
-868
550
-761
597
73
38
-420
490
156
830
179
754
711
172
190
-194
-928
-493
107
766
-407
-112
546
-824
535
411
-322
-686
-476
-548
-567
-180
560
-73
-433
-531
243
-602
-811
-680
845
-190
-606
-86
-866
-450
-645
-461
-47
-592
-131
-513
947
364
-669
-608
-750
462
584
282
464
-796
262
171
7
-74
45
932
-474
435
431
-472
217
985
-760
-416
-760
240
-822
488
678
-636
967
-422
617
590
-184
-747
57
-578
666
-935
-31
742
-120
786
883
-426
-621
-33
-40
-721
719
-578
85
-170
-249
-779
-759
632
17
287
547
-316
-437
242
-32
490
-123
105
-942
-386
824
627
-148
-40
-748
823
-919
-741
87
-287
-595
944
-583
-786
579
830
-459
-416
-970
984
-78
-930
-661
-652
832
651
-661
-29
781
-190
207
-430
-809
859
212
-548
556
-244
878
329
509
207
24
744
-687
812
969
116
533
227
-62
-490
962
-72
340
-393
-665
-485
559
-593
869
-430
566
847
-150
-490
78
-873
148
55
-892
325
311
-867
-290
-660
-742
972
-519
-147
-932
195
306
-284
516
-815
417
17
-762
164
-96
-527
609
671
-775
-152
-923
247
-531
-82
834
-613
385
-557
507
862
850
544
-199
675
217
-868
-803
35
-854
-217
205
-179
406
374
-896
11
609
-52
149
-340
126
-702
-612
-556
6
563
72
-867
-137
-426
140
919
985
-552
-941
-621
604
133
588
632
909
-685
-206
704
87
491
761
-829
294
117
-348
-802
199
256
-780
335
700
91
-373
-737
-708
-366
655
140
-138
728
-439
-366
-299
-499
-323
326
-1
716
132
511
-424
-700
-314
161
644
-463
-333
-425
-246
-570
304
492
-764
889
911
-602
-206
-996
-234
-208
-674
803
-174
-973
-950
-185
837
128
630
886
730
508
957
260
-663
57
127
-654
-314
621
-518
793
-268
-752
673
-45
-713
951
-193
-985
887
40
-44
639
-752
-806
-578
-665
679
-885
-61
-940
-697
-99
-725
911
-152
-34
-214
653
257
-910
59
-804
-43
911
-488
492
-263
-683
581
-153
-59
888
-51
639
777
299
597
898
-569
-85
-708
860
414
-299
-236
506
887
-107
538
-890
-696
-20
16
420
646
-771
716
-552
647
-492
-694
-767
-731
947
-419
534
-849
-501
-382
-212
41
-221
245
17
932
-24
205
-456
761
-366
-798
209
-242
846
-737
36
-341
-483
-606
826
-570
664
145
456
-150
94
-569
-631
-266
60
203
-57
-478
584
449
534
333
442
810
333
-191
824
263
-174
-728
988
-533
464
584
868
-450
807
42
117
-627
513
-552
301
-625
941
100
-940
35
201
-795
-658
597
-880
876
-496
415
622
-778
-868
716
-516
666
-581
552
621
98
21
435
292
-266
-368
196
-81
-221
-701
-902
404
-389
-42
-322
630
182
360
692
644
167
-548
784
30
-215
-159
-762
53
-136
381
-518
-834
-116
373
-379
-621
-881
-340
-823
-265
-400
-875
-628
-141
704
-122
96
-159
938
379
83
-28
-656
820
-894
18
640
173
-856
384
-27
-920
-619
-136
26
408
378
-39
-999
-100
720
123
-238
199
392
-546
279
232
-579
990
884
-181
-123
725
604
-629
135
-995
94
754
-89
-80
39
718
941
-738
848
690
-589
618
392
582
-19
-814
-291
172
-542
-999
676
-655
-599
162
-504
75
-769
-533
-945
117
-540
916
87
180
246
-102
-896
-603
294
597
-493
-202
214
682
368
-787
883
-915
70
425
784
872
-182
307
264
-208
411
-256
-443
-134
252
-730
-754
-662
-816
-920
-278
275
-812
560
692
-464
-954
-823
887
477
-76
294
-248
579
-961
-79
-189
-946
943
-348
318
477
767
-754
-342
886
-280
-302
391
995
156
-254
663
781
873
-828
651
-541
78
-242
153
391
729
-317
511
5
30
474
961
-863
85
311
687
-996
-134
-328
82
242
-664
-402
693
-460
335
-858
-224
-67
-447
-669
383
451
-723
314
-255
347
-941
-198
444
-727
-57
901
830
-845
208
112
63
289
256
-669
162
-348
381
797
-454
-288
78
-521
-199
887
-750
-493
-28
-765
-423
529
850
-833
390
-867
-829
-990
-596
361
-723
314
-90
-861
482
-111
355
-782
-194
-305
430
626
-292
-533
-469
-54
-41
63
142
726
-34
711
-842
502
577
805
822
98
-168
-587
-605
216
-253
-376
777
-668
-884
-161
-247
891
-855
-346
413
595
765
362
813
226
654
-680
841
978
-47
-620
-330
-786
609
-461
-138
-68
655
389
672
727
52
66
-450
-329
-559
352
-779
-497
-937
-914
576
404
-557
369
357
-123
33
552
265
-486
-351
125
207
589
343
-917
283
-897
860
-969
741
985
978
-36
-359
177
69
967
-612
-635
-307
-580
393
-425
-976
594
696
564
-251
-990
480
770
-126
-761
260
-410
327
-286
41
512
355
862
-472
612
900
938
-770
789
957
968
496
-753
-801
-238
300
81
-38
-972
747
630
-371
-135
691
895
393
-603
665
-450
67
748
-268
337
-231
-642
-4
-247
668
368
-112
7
-21
72
-713
-494
64
613
-129
119
-636
888
-702
-323
-451
-733
-522
-221
680
-772
595
713
-670
-403
-817
-680
272
524
405
-209
862
194
837
-533
-524
43
-332
-574
373
-679
-796
748
-207
116
-289
-386
-837
-654
-403
644
-780
943
-59
842
374
-167
511
-312
-499
-949
824
-248
-785
-348
911
517
-723
-141
396
258
945
-558
768
-429
359
-52
-408
428
-472
-405
-853
-187
434
-958
-365
-858
387
660
-504
-779
-252
464
440
-327
499
-374
-189
-567
-72
-186
-990
839
-535
307
103
-126
-71
-318
-800
412
-693
-862
949
-406
-108
-566
-991
-799
526
-494
-578
-797
361
382
-39
-571
-467
-473
580
-196
-646
-120
-390
-44
816
978
973
-979
-181
300
-5
-174
-906
75
879
-73
464
906
852
-50
-277
374
-299
-378
-879
121
-833
-191
305
273
904
625
648
-308
760
238
651
514
85
-970
608
-434
-642
65
77
666
-67
192
-200
679
447
-478
-435
966
736
-557
-290
582
-337
945
565
362
689
-324
948
-362
417
-855
-722
982
-91
291
782
219
11
-897
133
-413
-269
858
289
-636
-634
-47
-39
-444
-556
-4
-427
-920
668
-88
874
-57
-700
17
36
395
-312
776
-869
-269
-705
-906
552
-936
217
-755
-815
-566
-844
919
-592
229
-514
-514
690
-410
661
631
571
564
362
-180
550
-19
-700
948
-102
-690
-735
896
-951
-898
-985
-859
450
-505
-503
-238
118
-814
85
365
296
-353
-486
-866
-851
382
-313
-169
-94
-99
30
-994
-163
110
199
-391
12
899
-255
-43
-358
-359
-301
499
-544
927
417
528
-456
-319
954
-977
-676
-747
334
-683
-131
-943
237
-704
-32
-857
587
-43
482
895
367
-475
-291
-161
970
-549
-286
-775
-619
-860
-106
-111
-924
187
474
-310
-585
-751
834
940
-82
278
-361
-93
-116
438
-25
-265
-923
-845
906
68
353
138
736
-299
803
-443
246
-318
-302
973
808
-909
-458
633
848
-48
719
999
-436
263
703
-122
990
264
-616
-402
-643
-176
-560
764
-104
337
849
-130
427
314
-35
-937
-454
152
-194
-368
570
969
-772
460
-737
-424
-937
-427
720
330
180
-600
-361
-204
661
-86
-124
391
305
86
529
601
995
180
944
-543
-867
-601
-623
-881
-819
-45
208
-90
792
872
-389
630
83
560
-143
-246
657
849
-299
-613
567
-320
82
255
699
355
41
-94
858
-736
789
-353
-120
119
-224
475
-93
488
558
142
-416
787
-729
158
183
-549
-190
138
475
-443
157
-927
-591
531
266
-932
434
-441
275
-498
379
278
493
-393
-382
-788
858
-801
-509
-539
-344
997
-392
-433
808
-316
663
346
265
-481
-443
-184
-317
-199
-744
935
-961
-813
-533
-104
-397
483
954
859
-484
-227
509
857
-108
-927
2
-99
-509
-623
-157
608
-431
-804
-602
-911
-567
-548
659
-547
-567
-567
-512
-480
71
8
168
-296
-802
931
539
-607
-74
486
-193
115
305
467
-284
-731
49
-653
-76
-628
-857
618
121
548
-810
405
489
857
662
83
589
530
197
-947
-609
-773
295
52
818
-706
686
-843
731
254
-506
411
-900
-337
967
593
-766
-907
-579
-702
212
807
676
-721
748
831
764
-292
2
-62
-420
-472
276
262
-301
56
114
-555
-566
239
-747
-995
790
267
-816
-879
-711
-706
750
-241
168
503
-853
-386
999
-898
335
-300
864
-839
597
738
194
-547
905
685
870
-268
16
-70
157
167
-110
-75
358
968
850
429
715
-385
558
-992
731
767
737
-146
995
500
-42
-500
-651
60
-936
-968
330
-977
820
756
-173
124
928
-175
955
993
693
-727
9
934
519
-375
-686
-489
-235
-71
-869
-948
284
698
203
-169
-922
715
607
-326
576
-601
-312
258
-439
654
-881
484
-203
-897
-888
-302
194
591
356
-935
-541
120
128
795
-169
561
123
-988
446
598
437
955
546
-860
-301
615
-736
819
-928
171
-582
-448
605
95
-523
582
-696
301
253
-743
-582
309
-279
638
731
93
665
170
160
-583
28
-282
-972
-445
990
716
-235
-345
718
-928
-987
221
-963
510
-990
963
-206
-228
-993
838
267
43
-432
654
-530
768
597
84
-98
-663
-898
-320
-983
926
669
867
-626
374
-744
-515
300
35
-515
940
997
555
753
-221
-95
-892
-255
194
815
891
-662
-840
934
-608
259
81
234
-574
936
-803
-405
-845
-942
-160
-585
-217
-111
-881
-865
-434
-885
-99
-586
-356
974
-654
-122
546
-110
853
429
138
267
134
101
740
-774
-277
162
-744
-286
-108
804
503
-632
-947
-68
291
675
880
266
183
-381
-556
-827
452
-401
-10
501
-614
358
-254
394
575
151
926
815
591
-452
-925
-376
0
513
361
-215
-176
515
-114
241
61
307
-77
723
-623
441
-845
5
-7
758
417
97
912
-14
77
-279
-356
-909
-494
599
-939
639
655
339
93
-759
-208
-387
993
-217
-424
-518
282
916
349
-484
-336
-223
-943
186
-180
327
568
-801
856
24
-405
-82
-586
-413
-441
419
122
-155
-126
-860
-812
-643
-979
-778
-450
200
-721
396
-418
667
419
-342
-312
-416
-113
-903
420
-361
-785
707
-265
669
431
-643
-943
378
66
405
50
868
-15
-208
969
-319
-637
54
251
-102
725
794
-500
652
375
129
-2
-920
451
-492
659
953
-694
-335
-400
373
-259
-101
496
-851
-555
337
33
639
-433
748
512
-661
-360
-142
-532
946
832
904
297
-550
542
437
580
-354
-992
-799
-114
-894
-403
876
-633
-716
378
-773
-488
751
-859
-371
988
393
-543
-276
-68
-436
510
-322
-682
-78
900
171
873
-359
380
185
-928
-362
187
-156
-440
-490
-212
-791
-384
543
-807
977
-340
165
822
875
-986
-200
-246
338
578
-293
-422
-130
-885
-33
468
-906
-273
446
-651
-45
613
-124
-281
-209
598
792
-645
892
911
56
79
-830
241
-78
204
448
467
-257
846
-652
-731
905
-63
613
81
222
708
-643
976
557
253
-235
247
-468
-727
968
-580
732
254
-599
536
596
639
-991
-693
-197
-581
-48
-217
-654
754
-891
-326
-851
-875
-904
315
-447
233
293
816
-903
519
-797
-198
451
292
-686
654
-921
8
452
160
264
765
-590
254
163
-218
-353
934
-236
-327
-423
-267
-696
-245
475
205
989
-970
-960
930
182
777
-493
-926
811
-68
-446
895
-819
-497
752
26
566
-434
-343
989
831
-541
-544
564
-485
-344
597
921
641
-729
466
-964
-169
-240
-844
107
-855
-282
-9
83
-775
470
-6
771
273
-251
338
442
36
-987
-453
909
578
692
296
166
810
-750
-981
-85
-326
-756
177
506
-351
-358
693
447
118
737
-380
-14
290
-11
832
-880
456
-417
318
372
644
-297
139
-959
865
415
-85
-50
-699
-597
-702
335
-313
-544
91
157
801
-1000
837
-575
-608
-321
814
114
-600
542
-104
-296
565
706
-280
972
-596
-889
-483
-114
-545
886
-227
338
16
680
187
649
749
-362
69
-889
-599
399
730
550
-196
-235
617
23
-864
756
948
752
28
-720
-957
-234
638
778
341
-56
-639
894
-510
437
351
-740
812
-548
287
929
-205
-146
-241
-734
135
-126
-771
-603
-712
853
-849
-548
26
795
-621
-290
581
583
512
-13
-536
-526
-341
507
797
731
-634
-916
24
556
-190
295
-535
661
806
390
641
-552
344
-28
257
-544
439
648
685
510
-309
272
944
-687
453
22
-551
945
576
-783
3
521
729
-517
643
863
-294
-278
-486
785
-847
-210
-102
989
-672
-730
-394
-756
-642
399
-718
269
-21
89
729
-102
608
-840
525
121
805
452
-504
161
-740
-339
-414
279
-390
368
-932
292
742
-706
-680
-924
410
31
-244
398
967
898
811
-309
917
447
-317
133
-633
-244
-170
781
-563
-632
-128
761
-765
-393
871
776
615
-629
1
291
-296
827
-353
-381
185
227
-154
329
469
-169
-514
-387
525
613
-60
886
317
902
-182
-862
-820
-639
510
-28
-414
205
632
904
-140
208
909
67
282
712
-383
-149
-110
869
-151
-864
206
-62
223
-57
424
-818
-530
-47
-715
-821
-52
828
-969
914
-392
646
397
-463
-279
-679
389
-877
-842
-121
562
-86
-316
-749
-311
-949
-854
393
756
166
400
-308
505
400
-282
-437
805
-801
-591
542
-254
705
-528
883
520
-423
-51
607
800
744
-338
323
-637
292
603
-19
-383
631
475
-24
-995
695
55
545
69
-115
160
982
192
-684
-36
701
656
320
-837
-113
967
-231
167
576
-682
835
-838
539
17
330
475
-338
894
863
592
799
892
-694
935
602
-272
746
-257
312
698
193
177
-531
-714
549
-900
-434
127
-892
814
317
-546
119
-658
387
240
-63
534
-551
-107
549
-881
451
-508
802
820
-342
-467
-900
-616
676
631
983
468
881
71
98
73
757
274
302
-429
-243
-519
-998
-674
-64
-524
477
-942
-876
714
-210
922
-823
-805
-813
-13
-42
816
213
864
-530
-101
620
602
894
120
-244
100
615
629
188
-372
530
-34
-402
910
-251
-16
464
946
-848
-64
-274
214
-412
372
306
-473
-463
-210
170
776
490
-70
371
-571
488
429
295
514
503
764
225
812
-927
-513
-519
-959
-923
-6
-320
955
228
-837
-487
775
-328
275
-878
-412
689
731
511
423
525
88
433
-596
-718
136
-665
-922
587
-516
193
-681
-258
-560
973
-964
486
709
225
-96
594
-608
-813
-927
937
188
-184
399
-392
218
-425
-784
-231
153
25
528
673
-352
-288
-618
-377
71
321
-494
732
118
47
-829
-789
437
582
-891
-433
-717
112
-969
203
451
519
-198
-22
144
232
-682
116
721
352
-89
665
-617
-122
324
861
-173
-683
848
144
804
996
-823
137
-2
51
-194
718
-153
132
398
771
-260
980
171
-964
592
69
-658
-31
-684
9
36
-19
-719
29
469
690
322
-577
853
-674
191
590
-236
-622
-523
-179
-32
84
801
-509
538
995
-725
50
998
-302
783
-495
556
-236
646
-984
-181
226
-781
-88
493
-853
-518
-155
-618
-119
-933
-686
-314
-164
-804
295
-834
-683
-188
160
-305
-463
820
805
285
96
-224
130
867
-575
347
-942
737
-84
305
141
608
459
-451
731
-619
-42
139
-861
-268
185
-664
-347
-692
228
-715
641
-432
-688
-277
546
86
121
520
842
136
44
631
-230
-263
910
-562
-130
-735
870
769
228
329
-728
-349
23
482
-49
-579
892
943
-314
-777
408
67
228
100
-628
-347
-734
378
686
-384
-839
126
-187
519
-579
-546
-943
-459
624
8
-844
-269
452
-903
-351
-429
369
-145
-944
-679
-225
687
-998
426
-543
947
343
156
526
-293
-270
845
141
-492
-474
415
-932
887
-920
560
157
40
640
-664
190
-354
485
860
-781
978
339
-560
322
737
892
-662
363
-900
-136
-271
658
431
-662
-989
-741
734
610
822
-784
954
-888
486
-14
819
-885
-243
-230
-264
790
-671
-86
-885
-133
-568
565
-496
144
-682
743
-413
-349
887
-206
88
-454
136
903
-178
427
175
-403
-883
-907
-389
-255
719
650
150
459
-853
-359
-122
-856
844
-420
227
-119
160
-885
-972
887
252
219
-190
706
461
310
238
-939
-39
-520
-594
-729
-732
-253
-286
-608
815
-416
901
-779
-950
-93
447
-269
970
-983
151
-203
310
1
-42
-95
347
420
-937
-571
144
-270
218
-839
-204
-758
664
-479
130
854
-240
-558
662
-575
784
-946
442
422
-17
-98
-342
-250
-201
-485
630
997
353
-136
-715
978
-535
0
-299
-910
368
-745
273
-937
-321
848
-996
786
-839
-869
-54
530
-886
472
-642
-9
-804
-803
-738
-344
-280
-817
339
29
441
896
-756
186
460
-618
641
-535
115
260
213
259
345
135
901
-38
305
-145
-386
630
-89
-264
123
826
392
-28
331
594
973
710
-895
-452
-271
-338
165
-640
-476
-788
40
557
-119
611
-747
-159
234
155
546
148
-277
643
-986
-206
-4
929
-843
-189
807
-585
-586
-311
490
884
837
-27
79
-60
-459
-825
886
550
-195
384
164
312
-493
-667
-860
176
-697
-94
172
89
-202
-359
155
-632
-258
502
-625
571
865
736
-573
989
723
-274
-459
472
366
691
229
-185
-59
263
-87
935
149
-780
701
682
-569
250
632
791
-750
-417
-341
865
653
359
-78
578
-830
139
-611
724
-770
-807
-488
332
-475
200
-459
420
691
-522
-692
548
813
721
793
-452
-250
-498
-61
240
-451
25
653
671
564
713
869
402
779
-433
-726
-82
875
587
-885
854
575
651
-661
-287
684
866
-880
-829
625
832
762
-854
-551
-461
-255
-600
461
234
-665
-665
-505
-142
300
-2
130
319
481
-401
893
-151
196
729
-914
-992
586
-847
771
-483
714
-711
883
358
982
794
-348
-643
-779
915
-619
583
524
125
283
-316
939
-438
458
-656
-221
-198
681
565
-571
-342
-568
-870
566
489
-947
-660
46
-648
537
615
880
126
-390
-928
980
293
-151
291
-48
-876
484
-667
-907
-246
438
-203
902
36
-158
-540
-141
-821
495
349
563
589
-403
130
-992
582
614
-651
460
-181
879
432
386
962
493
2
-40
-159
-395
-553
208
818
108
-750
45
352
541
-455
850
866
-471
46
-490
624
-248
293
996
-186
-675
-186
-865
-764
952
-127
-861
415
-266
-23
790
840
-637
-561
734
87
367
-148
-404
-444
333
-678
-891
-879
-840
-912
-686
-89
-847
520
-755
-356
244
-706
-900
478
41
679
-694
463
902
427
816
-356
433
657
851
-900
-126
374
-89
962
135
-726
370
750
562
-377
155
-138
621
894
-607
268
798
-400
727
61
-907
38
-835
694
-270
157
714
738
-237
-735
325
980
-581
325
-573
-834
79
781
-341
300
-6
216
-890
-112
-304
-691
-974
267
895
784
-203
420
129
721
894
280
-818
178
583
-882
735
323
-202
133
973
540
819
605
152
-394
469
-49
803
-202
-315
250
525
-937
532
843
-950
595
744
-24
864
-82
785
281
-50
335
-646
531
230
-69
-532
-621
332
-513
92
-45
374
874
-188
-708
339
374
-962
488
280
17
-947
194
-651
556
-954
-387
375
79
844
-179
-170
902
90
-842
206
685
-696
-832
684
-541
529
-284
462
-914
875
-11
-515
-981
-139
-371
390
-16
543
-909
-221
256
435
-42
681
-599
-991
-55
875
-562
-664
91
-773
620
-639
-463
-832
-228
405
947
676
-268
-433
592
52
41
-516
-130
75
854
-689
-350
120
34
-623
-104
907
320
-874
-416
-577
824
954
549
145
-418
218
139
958
796
-785
-812
-437
-975
660
-368
-610
-43
-343
-97
-726
8
-815
-205
376
694
-202
-585
-992
-839
477
134
-89
-357
355
-455
-14
597
-842
-879
-615
761
-368
573
-633
-903
174
-440
-338
-61
-240
-989
-233
-695
153
-165
999
673
-715
-906
-515
758
362
-673
-552
-392
-73
-309
453
103
138
-489
-411
-617
958
672
797
-96
-991
527
472
357
-589
-593
279
-305
282
-548
-583
-586
-557
-70
901
923
243
-753
36
-779
-549
-658
508
470
650
-623
454
-199
-292
-238
161
602
464
-906
-320
337
-72
-74
-354
701
-647
332
-350
554
659
390
445
-226
794
-22
-304
-459
-654
647
987
663
-791
323
-64
-189
607
582
-842
-373
657
98
-790
-837
-14
542
-257
7
234
-98
-474
720
185
-80
-999
-510
-748
117
-303
413
208
873
359
-322
-611
113
-249
106
745
881
-719
-698
582
744
-822
-362
613
-232
-705
-208
-383
485
985
-804
-759
-86
-852
347
-219
914
-375
928
-582
698
980
-945
-712
448
-672
289
256
439
629
-255
371
-53
-652
-810
-202
427
-671
349
386
744
-609
627
247
-152
138
124
-111
-841
-130
-13
-205
715
965
286
847
291
-643
-692
263
299
743
942
-562
-546
-372
-144
-168
521
330
323
512
-776
-68
-136
-344
-65
744
602
-949
871
-190
985
-561
563
-386
239
-570
-130
611
-816
179
947
331
243
921
-377
598
135
-545
7
-18
-700
64
-262
-491
-960
-369
115
-678
154
88
-970
-917
-826
-254
-924
-716
-411
64
-475
-234
929
39
448
67
610
-327
618
950
-272
-208
-967
-913
-155
-794
611
636
-274
273
40
211
-594
860
-8
187
815
960
-813
923
806
419
-180
-678
465
-521
857
166
-416
-862
-439
736
606
-451
770
660
586
-986
694
22
-810
-975
689
-296
779
603
306
-648
-73
-930
-381
-538
436
-607
-441
164
150
455
-32
-618
417
-120
-422
232
613
844
71
127
871
115
-393
807
-131
994
35
236
149
-119
86
741
131
832
26
-54
-235
-866
-229
-826
532
-100
521
-745
265
-754
-385
-574
-470
-63
-805
356
-832
963
-902
884
342
219
-831
148
-800
-359
-150
-619
-379
-680
-375
442
715
-848
890
69
174
120
650
-450
92
-263
-434
-397
-464
-242
291
40
697
520
627
-769
-714
541
1
-573
-784
480
385
510
-300
-516
-585
987
-581
-390
506
-362
-40
546
933
-593
446
157
-774
-691
492
-407
-461
-993
-491
-362
-282
925
-592
382
356
670
-695
-638
783
-381
-270
463
694
-208
-966
-689
414
27
759
-901
942
-787
-813
766
-265
421
-143
-155
-178
892
-214
-909
536
-189
824
529
-511
-680
-161
787
-24
-248
595
-91
-373
654
-22
868
586
-743
622
-23
-197
-980
382
-672
729
239
19
-985
-599
387
-517
49
-420
899
419
-997
-678
-874
-731
582
-975
-959
-597
-925
137
-968
-97
-35
579
373
754
-945
-226
-911
677
342
805
-320
135
-591
-56
442
123
-74
-155
-509
-763
814
-476
171
33
-912
796
-527
815
-693
-939
403
-689
-547
-517
-831
550
-303
-981
384
362
229
45
-502
208
713
-849
-206
-705
788
-726
613
320
336
-734
588
-635
853
623
974
-621
500
339
99
429
489
-200
563
462
-748
-713
-916
163
-191
327
-686
387
51
-799
817
-229
655
956
-225
362
-844
-263
-915
-202
-871
829
827
-342
703
-410
235
685
150
92
-819
-65
779
-282
-598
482
270
870
-739
963
737
498
523
148
-275
112
851
-329
-529
765
449
440
288
-710
-644
-968
-894
547
495
-334
901
493
-347
108
-422
-564
-531
236
79
-82
-163
660
-711
-632
803
348
304
346
583
650
36
305
-724
-880
333
922
709
866
-992
814
820
-606
-963
526
414
762
117
-900
474
405
-151
131
984
-741
-770
-139
-34
519
-211
671
93
615
-937
-662
675
608
165
-559
490
347
621
-758
766
-49
-223
20
155
860
-575
-405
-780
449
-672
938
-880
-421
-363
925
-497
459
-888
-302
-869
-189
-564
-612
-214
-771
-484
868
735
-121
462
524
432
-34
-428
801
258
-666
993
29
640
148
808
357
347
-87
-464
-538
619
651
-699
7
740
945
-888
635
-316
-566
230
21
-984
-741
-379
-248
990
-732
491
-518
-250
-419
-631
-75
-383
-622
-395
138
203
984
453
258
-362
-405
-617
34
76
-427
190
-646
805
301
-250
394
-391
-950
-72
-751
429
627
986
-732
250
-860
-258
24
284
-113
-102
-692
-890
-388
344
757
706
766
755
-217
822
708
-478
-531
531
-135
-527
-746
-394
745
987
-36
-271
512
612
-446
-444
32
-253
-135
-891
542
-244
-961
-801
-998
843
-347
438
794
429
-405
808
162
-8
-902
271
81
492
365
628
123
-543
189
-227
-33
79
312
-905
-908
844
-611
511
-251
463
-425
585
-843
-204
420
660
561
745
960
405
-959
-779
483
-801
-5
-40
-301
-299
340
-786
-457
230
275
-627
-902
727
741
-195
24
734
406
-729
936
-374
274
-666
566
528
-584
-166
636
833
-536
812
572
71
457
-436
653
574
-23
-250
-177
-17
-654
147
12
712
-27
123
382
23
502
680
-73
21
372
517
-415
-81
-285
-730
98
-992
-696
-31
763
619
352
-918
-819
83
-594
397
-423
13
-657
-524
819
-163
27
937
-910
-130
-230
-379
806
-450
-912
598
-794
-523
-121
335
886
886
743
137
-846
109
613
-777
457
-359
-123
552
136
883
685
358
17
492
152
955
-951
214
932
819
-213
-104
873
604
716
-763
-91
-278
-484
294
441
823
-731
-764
-150
-441
612
-910
-236
-982
-975
-154
2
747
-996
360
-654
-474
-346
419
649
-74
489
-23
131
955
-27
964
-348
202
520
726
-960
559
586
-718
20
-386
2
-93
-609
647
-8
682
-368
-312
-265
469
909
-4
94
683
-115
609
-188
-572
-605
-824
326
5
-953
133
831
-439
-525
118
226
747
-649
816
855
657
201
452
-512
-846
-100
-831
-538
935
-340
3
-811
-913
788
-470
769
173
156
-379
-189
860
-526
-995
-668
547
-109
734
-236
68
-826
-752
87
-562
518
68
238
-574
234
234
622
-254
211
863
-274
741
881
-381
-862
40
146
-568
-689
-321
504
-425
-822
9
566
237
-462
144
391
915
263
111
-485
-421
69
223
-2
-346
-319
906
375
706
750
-255
714
-511
-915
345
-502
389
527
111
-129
407
695
829
16
663
-975
-908
61
749
-742
-119
-213
862
554
-163
284
-678
549
-508
-725
-558
697
758
338
552
484
100
-40
382
-154
-365
-823
640
-17
-652
-429
-2
-107
-268
-133
2
-525
-66
-693
-880
-623
-673
-104
906
-116
770
-349
-429
483
-119
428
267
-675
669
974
697
970
749
844
104
-492
978
214
8
-415
835
711
101
824
-668
93
-59
-674
-231
518
650
380
601
-428
935
-561
-50
-3
751
171
-840
-942
-166
252
-527
906
369
59
-101
570
-520
-646
998
-717
763
428
190
-904
65
676
-784
-742
717
184
941
-718
-188
145
439
282
105
530
-199
-72
83
-477
244
-136
-736
-375
-637
117
-445
115
256
196
216
564
575
-914
-792
-872
-184
-921
-487
52
402
-897
-899
-833
-917
-315
266
103
868
-557
890
-639
585
-246
88
-255
431
955
-117
402
693
670
-192
274
701
931
543
-163
68
611
304
293
-675
594
390
-261
92
195
-167
44
-163
-809
834
107
293
-508
-529
327
369
318
-890
-696
-501
309
-938
-84
-934
827
-358
-632
-887
192
119
-323
-448
284
-524
-455
798
504
-711
-281
-263
537
-881
-92
396
442
631
991
-274
485
-409
236
883
-451
-512
-380
956
-853
427
-275
42
4
481
258
-688
-621
218
207
-394
952
-579
507
890
364
262
145
161
-208
693
-67
714
-351
-621
-448
932
730
0
800
-762
951
-408
192
-996
561
-300
-553
-30
746
-612
911
-104
119
-310
988
229
-11
170
-922
-248
-439
-3
-91
490
904
445
-7
959
-864
-901
-781
-484
-719
964
788
162
572
-526
352
-232
214
-850
-707
295
-648
372
-226
-722
951
479
-905
118
-229
-541
-612
-128
430
-663
170
-677
-413
-860
-302
-527
-448
339
-595
321
-247
-352
-31
-905
698
-651
-481
-281
-815
878
181
-54
-858
169
311
287
536
-662
-363
-94
358
91
985
-487
422
993
-913
-613
469
970
449
-356
-868
-494
-18
500
155
20
663
205
-667
333
-266
-69
407
-803
586
726
678
295
-541
674
-76
-904
87
-832
-257
-140
287
829
-538
571
-494
632
537
747
587
113
-100
655
-407
973
695
-26
563
646
-579
814
-570
335
-745
206
220
310
-3
-29
-21
-286
800
898
-281
667
183
-771
229
-696
163
-399
701
-764
-303
747
-662
-310
-468
-326
754
48
157
32
781
-256
-736
-973
740
496
-940
288
983
-125
238
-129
-998
-519
-677
113
781
641
32
486
247
-321
495
139
286
41
-711
80
470
203
922
-408
276
474
613
-695
-803
-186
813
548
320
-184
-866
-146
-372
-725
-954
-787
15
119
-829
-705
-707
808
-759
-749
-407
829
-704
971
-29
29
-776
73
686
-764
-742
-906
-980
-310
-531
-191
-535
-267
994
21
545
-971
380
228
-545
-387
223
223
-605
561
868
55
-930
811
-874
-418
877
-552
972
103
304
-385
915
-84
246
-622
424
526
-265
-691
447
-346
-563
827
450
-342
656
343
-342
-852
957
-48
115
-612
-142
118
-881
-242
617
610
-743
-938
334
-638
-956
-624
-770
705
-672
-916
974
-844
185
-810
565
-639
-260
468
375
891
342
-136
-849
-696
298
309
761
-477
-33
-945
-583
413
548
-357
395
-689
593
-123
-888
-262
427
-559
817
-49
468
-343
-404
955
253
52
760
602
-392
392
926
-627
382
390
902
773
-934
788
-221
319
688
-855
572
-102
-578
929
168
227
813
-129
245
834
-285
562
-651
-515
-423
-384
-74
906
-908
-448
909
-958
290
-892
-322
-767
-77
275
-694
186
-46
868
277
376
-514
374
-30
-993
313
-483
174
96
604
758
294
-405
-139
-148
758
591
174
-973
-177
365
283
-430
-844
-757
96
-338
-798
-268
748
-831
-583
-388
55
-311
-325
482
227
876
-17
-386
417
-359
-270
-727
-380
-453
188
524
-326
279
266
529
-244
-524
365
726
67
-342
239
384
-827
-910
861
-869
683
910
-475
127
-304
322
29
495
200
-673
654
779
-6
-319
-469
-714
-852
126
994
-942
-838
286
13
-74
-990
554
-75
513
286
957
725
-743
-593
88
-458
604
-13
-846
-852
-696
403
-244
844
-234
540
-254
488
-944
-984
941
-599
291
-889
917
760
-608
-401
-556
905
-819
670
-586
-156
-263
-377
-788
609
-292
-655
208
-561
204
392
995
226
156
-883
370
-57
63
417
807
-204
858
842
-820
737
-376
-753
378
-739
791
-42
496
-929
415
-985
-178
506
467
-595
417
-549
-912
441
601
-734
-318
610
998
-725
358
-211
882
-712
-630
-252
215
381
-863
38
369
-409
611
860
670
809
-448
-829
-78
693
-107
-997
-264
-172
-841
-405
178
594
957
-738
-255
-599
-806
-146
832
520
-185
267
-389
639
431
248
-963
-502
964
387
-89
-568
-976
-401
700
-666
-586
-336
857
525
262
722
-190
597
-689
-138
-616
788
558
409
774
-216
5
899
923
-804
24
809
562
-422
-528
144
620
-290
-830
-161
-161
18
-982
831
936
27
-687
370
-419
-1
-419
-771
429
514
-857
467
-712
-372
-56
-481
-581
648
-451
-755
3
-837
-278
662
947
351
43
215
289
588
373
-275
570
242
-230
-529
374
-635
-804
-729
838
-427
-487
-530
-422
-920
-748
-829
-369
118
5
-984
741
626
-954
-854
63
144
782
330
676
-665
363
701
674
-715
-24
-100
-702
-423
-146
-247
-490
769
423
-705
-289
-336
173
164
-516
124
-479
-962
-900
849
-440
-977
68
149
800
-274
476
-711
-640
67
20
-999
-291
-113
-203
-399
-263
-554
-78
267
-363
378
-644
-391
-265
757
581
747
40
498
108
430
-172
-967
215
-686
388
-651
479
102
632
-428
-27
129
-867
-726
146
-192
-273
770
525
-633
472
387
949
326
679
506
-338
954
-245
554
-39
-996
-674
-3
-949
858
543
-699
703
864
119
-413
824
-365
94
227
-769
-246
870
-366
-389
889
372
558
654
27
607
440
-485
-197
-943
24
438
-305
-118
-882
996
-878
452
208
-734
-900
882
613
-799
-96
-687
492
-114
-589
656
-646
-464
132
-900
-18
-597
428
4
-237
225
-974
-356
-735
984
523
972
448
375
253
552
299
345
223
859
-3
-204
-593
540
570
804
143
83
-116
-111
-147
133
-87
191
237
602
-835
115
229
544
-310
19
468
-360
-296
582
-640
414
-134
859
-836
119
991
-666
-542
-221
-78
133
-862
-463
-737
-704
-537
18
609
879
-382
-907
77
-731
-330
-94
517
858
719
867
-758
-825
671
571
-815
-581
-121
602
304
-790
-498
-199
-570
-956
753
864
-124
660
-921
-584
556
767
848
-118
628
-84
-791
981
119
515
-129
671
-24
-834
286
-957
68
108
-732
-887
-477
260
855
115
75
647
-209
-445
-703
318
-927
922
332
786
-295
363
-312
-21
-108
-114
356
752
-505
17
169
-131
512
745
-889
-157
967
454
-259
-39
-448
324
692
-432
-896
62
-631
868
-808
-835
390
430
483
77
428
86
745
-335
-257
-330
-579
525
-146
682
218
-991
445
548
724
-538
-303
108
-466
-703
999
-172
-872
644
433
41
114
148
782
-427
305
-683
-395
-142
348
721
-146
361
85
967
733
632
879
