3041
-21
-469
-485
-364
-225
-347
170
-36
131
-147
-218
828
465
-243
895
334
-359
-653
886
-165
-98
8
-491
-810
-835
-401
-372
553
-565
-103
665
-954
538
-203
67
-848
-504
294
179
963
-315
-452
-16
717
-50
516
-875
256
-517
-213
-911
624
-79
-786
-757
-906
164
701
-288
807
-371
-163
-421
767
276
-515
-225
247
-341
-847
132
-762
-250
922
812
-381
122
-986
896
-728
-591
-861
380
-302
551
-753
-317
-683
389
940
320
-948
-952
479
-325
-417
492
-521
453
813
-742
-614
-992
-520
651
-805
-867
273
696
952
675
88
16
-320
-679
405
229
-334
-160
85
627
192
720
732
-546
-301
-35
-183
-537
-56
838
-969
922
-969
763
-785
-137
692
312
-389
-773
126
-926
-250
555
-923
588
-705
-851
730
422
44
626
222
435
106
516
908
262
307
8
530
-471
-55
495
-454
553
94
271
552
113
182
473
-516
1
-412
151
-297
-38
-367
20
-534
-151
-180
695
-535
30
635
382
-49
585
527
-253
-101
960
790
-947
633
286
137
-314
-789
-597
-810
756
373
-988
56
-105
761
-841
818
750
-713
-434
283
646
774
69
-574
-49
48
793
-893
797
-217
-97
-286
-104
-155
399
-316
32
-302
187
-322
-350
-417
-849
-811
367
-961
-841
-492
-513
597
727
699
145
551
-389
500
653
146
748
-766
857
-344
-516
-990
452
-91
-578
291
258
176
-43
-782
-507
812
-233
414
-540
829
893
-293
779
599
890
-174
766
626
-523
341
-901
155
-827
671
811
420
-55
682
-619
700
-799
-661
-848
249
908
-328
-958
881
-945
473
905
-105
-274
572
-619
-717
-406
-974
849
-261
919
-72
-404
-547
217
-144
296
-129
587
-883
-114
-371
-229
-530
-116
-911
-283
929
365
-223
-198
553
-301
482
477
810
707
-821
315
657
61
-588
132
929
-698
173
602
248
20
939
-139
800
-347
-819
-112
-495
-836
-547
-540
-29
938
-447
-898
-334
357
-335
-832
-726
-841
372
-463
-334
-634
627
993
-331
763
-241
-818
171
641
-626
-420
-650
-676
368
-652
648
-348
928
-484
-462
-788
486
911
-649
51
-311
-568
-784
647
-847
432
-360
689
987
338
551
-80
998
487
557
629
75
-716
-140
793
-183
-820
887
-89
-930
322
-463
681
-46
-129
974
706
700
-340
959
-91
-776
-339
-759
449
97
298
-980
-966
-312
219
-175
452
-906
128
189
-82
654
570
-141
697
-229
570
773
-348
-231
803
234
677
-880
-386
-821
-202
-629
890
840
330
-89
-946
-488
475
711
-563
-979
801
-876
821
-442
-368
545
612
-338
543
460
439
-831
-720
-15
640
143
97
-999
-925
601
-514
-81
861
-679
-431
-941
530
-706
-312
344
802
-620
-144
-1000
-218
-126
-749
-569
77
861
140
292
-18
906
611
-500
25
-415
745
889
446
189
-431
600
745
-208
-359
-456
-199
-237
180
-450
-948
858
-714
-602
-887
582
987
-188
-471
-987
740
472
594
-652
-481
-609
178
324
50
-890
900
922
-493
730
-654
976
247
251
152
570
-75
687
480
-205
230
898
672
486
908
971
-52
24
636
858
345
50
-279
446
-689
-276
-257
-989
-455
-635
904
568
429
-1
862
-1
-750
392
974
-915
275
-573
965
481
-33
-556
-198
-127
42
875
135
-944
516
-312
630
365
900
861
-540
628
849
705
-636
-905
-4
608
-413
-8
-83
-304
467
-787
520
-706
310
502
-788
343
841
-486
888
-717
-918
-803
-118
-821
328
927
325
-613
294
-386
367
-653
-533
43
-187
679
745
-886
251
502
279
-637
179
-152
-931
-603
184
-959
-852
-278
89
482
-888
-906
77
15
-12
9
-633
-70
-712
-364
375
974
688
920
-646
-24
596
-678
-480
976
-640
-142
552
-506
751
-893
266
22
-887
117
320
-210
-602
734
-830
-505
109
-913
-451
286
-466
-422
175
871
553
530
-591
-217
393
587
-351
176
336
-560
-213
938
783
-605
164
12
-46
-962
-493
985
999
-631
-483
-121
-39
773
-437
444
269
-267
985
545
488
428
-243
440
-101
881
-238
-118
-116
-17
737
-375
658
-871
331
468
445
-293
805
-359
943
-981
-543
-732
-85
190
-219
470
-839
919
-950
481
450
987
610
159
606
-640
439
227
664
-828
-132
-169
-245
-951
-685
532
124
814
91
992
-253
-23
-830
-430
-682
-560
-913
-79
948
-473
-427
730
252
931
613
577
-233
-243
-381
-82
-408
322
-702
136
671
-392
335
-112
-924
-245
903
-780
534
-458
-794
788
96
253
-35
241
-668
550
-321
689
120
648
8
512
-342
-661
-837
640
512
863
102
209
-944
57
-572
91
441
424
431
-856
-403
182
-129
-897
-581
682
148
-21
-195
-38
444
-342
-853
157
-463
241
121
-642
226
-83
500
445
-900
260
-331
624
533
42
-753
-489
-587
287
443
-259
242
566
-19
218
-186
753
-862
-107
655
344
-919
-89
867
-968
-949
251
829
504
-968
-767
344
38
927
-782
615
752
922
317
383
-769
932
832
850
-354
-664
-477
169
504
407
-722
589
447
597
-102
274
953
977
-619
832
725
431
63
-641
620
36
-782
782
610
126
-98
-528
443
-931
642
-476
-726
33
119
752
-843
-271
-234
-22
-220
-731
-310
210
-167
417
-816
-914
-791
-929
187
915
-24
968
868
-786
163
-274
670
-147
-937
473
503
-388
-849
-132
-469
127
-566
-173
51
-823
171
716
218
-345
-454
623
-848
252
-488
555
424
506
-673
894
-964
-630
712
-832
-464
-440
503
637
580
-642
16
-611
371
-229
557
-686
168
-65
311
-899
720
470
753
621
-22
-930
677
-586
-341
983
-10
-54
-833
487
-652
854
-342
-922
-818
-804
92
-339
546
952
994
-778
-192
-143
-503
655
-611
-594
110
881
19
946
-575
296
149
437
-200
910
-529
-927
784
56
-308
-778
78
124
-270
874
-525
45
441
-399
-835
-154
-199
356
43
-625
848
801
-807
158
674
367
-471
461
-677
396
-733
-861
416
518
-237
354
836
-526
768
189
726
-132
77
900
135
-965
937
-963
-742
-48
225
65
341
859
-11
-176
-989
-566
247
-255
635
112
703
970
332
989
636
-215
-481
-993
-170
-883
94
-763
735
980
595
-4
183
-735
553
-200
-161
761
-81
992
-219
-773
-613
775
414
-310
-245
-621
-782
-744
982
267
16
32
-783
-911
-46
-336
-34
-374
940
-462
-273
-986
174
-907
296
977
121
668
659
-459
526
723
-868
329
-718
-982
-100
713
494
-336
452
-909
866
492
335
748
585
682
618
878
184
65
48
-401
-431
-371
-851
798
-556
382
116
-852
-204
621
492
868
-281
-475
-27
-872
135
773
280
490
375
881
621
-252
-65
176
934
-555
600
-394
505
-103
-141
478
-373
-733
-829
-205
-25
617
267
907
-691
-612
98
561
456
-93
-877
-131
920
-557
433
-302
-146
-819
-24
-315
758
580
-337
-667
734
905
57
298
-635
-651
-374
414
-65
-590
855
867
-203
679
-266
-784
-519
-178
-443
843
-793
467
70
-188
-425
-613
8
60
-802
190
-639
97
-428
99
7
279
257
-745
926
180
273
-102
987
184
647
630
71
630
-979
108
272
-668
265
813
137
843
-85
-990
258
-245
690
904
370
543
-801
91
-464
-840
930
-738
-910
712
752
868
636
-306
-74
559
10
137
775
-45
-775
-854
-335
421
-161
-629
62
-139
523
389
-393
-443
-473
-749
466
-363
458
929
-308
653
-502
-256
561
-394
-274
-727
136
-731
-206
-21
-644
-267
211
-189
-331
80
683
-57
-298
330
-921
703
863
650
-413
-80
-142
-91
295
310
226
-680
90
-242
488
-910
-107
205
-640
701
227
816
816
167
356
-255
536
209
273
611
-28
707
281
-325
591
-295
-534
-485
114
-993
748
-725
-838
308
-905
166
344
-210
788
-385
-143
-422
-495
-898
6
301
-178
-22
-306
-611
-347
-492
351
725
791
-562
347
825
304
983
471
-42
-948
-299
631
309
-332
509
-299
-260
-671
561
753
-320
-271
407
-254
572
-186
785
-149
215
-932
62
-488
-892
835
653
-264
267
698
474
-124
-912
-275
-602
-355
-547
-699
-329
-364
865
-162
-503
755
-700
-26
47
713
-250
-720
987
-797
-157
456
85
-586
756
98
507
920
-362
363
54
990
927
-559
-412
-720
-942
-210
231
841
881
-624
794
859
-438
-140
-469
-401
-193
608
-70
234
-138
16
76
-757
185
999
-132
-96
-789
-104
463
-375
-391
-995
98
-732
-152
-620
483
-201
-448
426
280
-691
740
-897
-161
-713
61
841
-813
20
-925
-283
-472
699
-121
136
484
645
288
-93
314
743
-720
-843
4
45
706
-646
524
-893
-990
-638
551
429
-552
380
-65
-570
307
-575
-229
-43
927
909
205
907
-974
983
-664
633
968
-910
731
959
169
-531
943
207
-204
-971
489
-976
-405
618
588
-50
-998
638
110
431
-188
762
581
-671
413
-549
-226
-626
222
649
-614
721
-920
344
790
403
616
-328
-971
-578
-845
-441
-676
-477
-2
999
-263
-858
-531
-614
801
199
-346
712
853
556
929
467
-752
105
-498
130
-48
-158
883
-854
638
-777
289
-869
-421
-786
-590
614
522
-193
929
636
820
-904
549
-350
-597
-47
-373
257
-641
506
-208
-662
-649
-832
-488
-810
-51
-402
-258
91
-120
864
-56
-902
-154
627
-139
325
406
-615
838
-865
544
-552
615
28
690
-974
-567
743
-153
-49
973
-286
934
-458
830
520
-779
-709
-244
143
823
82
497
-535
-39
-14
209
-7
197
500
-237
370
-127
91
-730
-933
983
957
786
543
178
399
877
610
562
944
790
-771
396
-4
65
-758
161
576
-897
-517
488
365
826
-395
-789
-251
-182
714
747
-685
87
20
-191
-585
523
461
-542
-1
-93
27
-802
465
-142
-519
-698
-236
114
673
-953
-881
-152
502
-521
-727
562
-371
315
-337
976
-565
-638
-235
-83
873
258
932
264
-971
525
-831
259
-797
527
541
-841
480
-697
841
-654
-857
560
242
-322
908
603
746
-209
-731
-422
55
441
-999
27
245
604
288
-705
166
957
75
422
-214
450
445
-199
202
-791
-874
-492
-131
693
160
-226
-114
359
-318
-986
373
-299
-414
876
33
-215
263
-423
-441
-359
-371
-645
468
222
418
-831
558
-301
877
-160
-231
-676
-930
-400
-234
256
992
-538
-266
485
-917
894
-820
-825
135
340
-800
372
-933
143
799
391
-158
604
-224
447
79
-766
-46
715
839
-89
17
932
-371
-529
231
-873
-836
891
-673
237
669
246
-588
-311
-232
359
808
206
-601
-477
257
-741
789
-813
414
-893
486
702
-440
-499
-864
-813
-285
165
855
197
-780
701
-873
114
-788
307
-502
-750
578
736
-103
-471
222
587
895
265
-158
312
9
-441
-365
64
26
-969
165
-787
-5
359
230
-126
-352
-778
112
-458
933
415
706
-917
-217
-474
-744
319
-209
509
-906
190
537
-941
-124
-686
-301
-502
-413
-680
-991
163
398
336
173
424
972
689
363
-298
-159
566
267
21
916
-327
376
358
956
923
-835
-744
-797
141
935
374
-116
862
774
737
497
-351
-35
-619
-395
-391
712
106
489
565
-931
-166
602
-110
-708
442
151
-591
288
-282
432
199
-953
494
-694
26
814
-185
575
815
-266
991
-366
-451
-989
705
832
-371
-686
-975
418
305
874
452
-305
110
508
-289
462
-105
-651
-933
-182
-169
-430
338
238
443
786
537
-545
-406
-569
-887
905
961
-506
747
-319
143
655
-848
-582
-646
550
-678
-108
669
-97
-677
-242
-337
-295
-456
-196
528
753
-135
-156
594
23
-608
482
-526
-179
-685
571
609
-132
391
206
-332
497
-565
-730
-220
5
-65
173
-877
394
304
-245
188
1
-175
-660
-331
-616
294
-897
900
-128
16
-678
635
621
-208
-277
-143
327
-246
938
911
-722
-712
362
420
-502
407
46
-395
-608
34
-40
868
864
-758
-324
603
779
191
-28
-411
-685
813
-627
618
-886
661
-418
-155
732
-201
280
756
-519
537
-663
748
-150
-409
699
-394
901
-841
-135
185
-100
807
226
837
47
-91
294
-279
658
715
-611
178
345
182
-793
-271
111
529
-66
-888
262
835
967
-512
-567
705
808
74
-626
-655
-845
416
-249
444
-415
-473
935
191
-390
-44
-703
-401
208
-744
924
-778
-325
553
164
-530
-785
206
-502
233
-647
486
395
523
457
294
-482
-28
-342
62
-922
-466
956
-730
-985
703
35
922
-506
-821
-312
-417
-535
730
-755
-607
574
737
-18
-438
856
864
-653
-335
499
904
-862
205
-135
-458
257
-299
-563
16
633
133
-28
490
-202
639
563
-251
859
-837
980
614
-398
204
-382
-193
705
17
404
492
248
197
-169
-229
327
916
755
841
253
-902
-465
-363
-69
345
-239
260
86
470
-98
208
-901
337
-689
333
-690
-240
-828
394
-37
711
-813
816
429
-427
-759
-629
-804
414
-975
-815
-559
673
-14
-957
406
-779
-14
-16
-744
-219
313
880
-290
772
480
-380
-956
991
-984
-600
608
878
-313
-703
-587
423
254
793
-619
-401
-890
-412
178
-131
-808
-866
541
749
91
931
816
-290
-888
-374
-425
633
-646
303
-72
606
354
187
771
-83
374
-861
-891
-179
-7
730
759
92
-554
-988
867
-460
-378
-440
-170
358
305
768
81
-346
-351
-912
506
-269
-766
-671
-945
-719
757
-423
602
-811
-796
-375
-560
332
-656
963
52
-808
-955
597
-807
281
272
-282
-268
-492
327
-308
-705
626
-346
776
682
855
-774
895
-3
-340
-266
709
664
460
-925
488
667
-791
-811
774
673
264
424
396
-41
671
-487
-995
267
-759
657
-21
720
148
-212
-91
-467
376
-872
-4
725
-365
-55
-620
-175
181
-695
516
217
-570
-115
-119
339
495
-814
-275
786
988
-570
976
303
27
852
912
901
-799
-169
-533
598
-966
-721
750
891
842
242
600
937
-59
473
-512
799
-984
-133
-785
748
450
-280
-452
653
-350
651
419
-156
-386
-61
-159
548
349
123
414
-759
706
148
823
-555
-971
-252
278
-828
63
104
-831
193
307
-267
348
913
868
-340
604
61
198
204
90
-706
-347
-942
-209
-879
-900
-165
-62
234
403
-518
299
-508
-712
4
-989
-314
296
-168
107
802
90
157
533
791
-503
-348
-558
390
-292
221
-807
721
212
-91
33
-625
-383
604
-709
653
385
-571
-65
446
-490
-906
866
51
19
127
305
886
-525
-952
492
560
-122
-125
-974
411
680
-927
580
-831
-464
721
249
-669
-94
-62
926
998
-271
-311
679
231
-587
782
167
367
244
-223
296
-222
-687
666
-153
562
-434
334
191
0
366
-995
-80
898
860
729
-324
432
402
337
-642
105
247
-69
-713
898
487
96
214
-434
768
704
-621
-502
-57
199
-375
-769
85
744
718
-422
978
85
544
-88
12
529
541
891
980
188
271
-902
453
830
962
884
706
975
-941
-971
-278
-334
-569
465
507
82
-410
-659
544
-651
802
-179
280
173
136
-936
-523
-467
705
519
-275
-919
277
-515
-943
-218
-131
-143
-440
384
627
-666
855
90
360
-277
335
-944
898
-818
-781
-775
960
-196
-348
-311
-548
-204
-405
818
-916
41
466
-870
-604
886
383
-57
-405
-853
-386
-825
-168
102
-550
-947
186
93
24
389
497
-888
801
457
-740
-708
-295
-788
-768
465
112
-557
-559
-347
-875
-220
192
-151
258
-522
-975
-55
984
248
-120
-455
680
-915
176
-405
-470
485
-776
445
-978
376
-758
-176
-739
-821
328
-349
282
388
725
-291
27
970
334
522
-642
246
-189
957
570
-890
-106
-301
595
-528
847
-904
537
292
-135
-749
-226
746
685
-884
578
-406
729
-657
717
314
492
-504
72
-222
-784
-515
200
-357
901
-517
680
-154
150
-983
850
42
-278
233
905
-539
810
141
422
771
-118
22
-514
412
21
759
-676
-936
-551
-952
32
-930
-804
902
-765
-710
186
776
54
-36
-356
989
-538
781
-393
-95
446
13
14
831
-742
456
-876
927
-253
-521
770
-784
-293
-430
33
-815
439
227
293
-406
-940
406
279
-712
-425
-772
-627
21
501
-513
375
-955
-36
624
-391
476
796
28
272
-930
-10
781
851
351
703
-371
-360
712
112
341
911
203
-738
499
575
-738
33
-502
-405
963
35
