9111
769
72
-426
-915
-789
-523
-58
-954
215
-39
-443
-556
-882
4
443
980
-770
738
-625
-518
62
-762
329
-783
-580
-442
450
-304
-250
-113
283
328
497
-104
-522
507
777
133
-796
-345
117
210
364
-481
-794
-465
-331
-214
-4
619
512
-732
389
857
933
-429
-173
336
793
-315
601
110
-599
-331
962
-356
-139
812
-707
396
988
660
89
-658
-513
-329
489
291
549
-282
117
-263
891
101
589
-683
629
-380
-471
-641
-986
-119
322
-969
392
-823
-633
-171
504
-235
701
14
-943
657
583
35
-349
-576
-195
627
240
-165
396
-928
-61
-496
426
-49
285
215
-716
297
-211
-976
-666
-753
171
-504
-650
554
-526
667
605
-800
808
-493
-893
819
795
990
-698
-429
841
542
-505
-620
-228
-743
593
-86
-864
785
-586
-528
-78
830
936
265
-344
-169
-767
989
807
944
944
629
-908
46
-15
530
-645
-811
-313
872
389
882
-600
-552
-214
-267
549
954
243
-411
-908
-855
-294
984
477
-359
976
-886
237
-492
571
-422
-422
-495
-822
933
660
950
743
-566
-460
788
-72
92
-332
481
545
-970
-405
692
-343
392
595
-552
-553
144
-968
-637
-198
564
735
129
-494
812
-816
-967
-130
476
370
-63
-557
-657
866
-419
357
-785
-337
899
-731
497
-539
-22
-408
414
-923
-879
-529
683
701
604
-472
58
-247
72
-767
-823
-123
656
-108
297
-643
-168
-397
521
484
-425
305
384
974
-494
43
938
602
-526
241
-710
-433
-745
-363
-915
657
-633
-721
-225
640
-945
794
-841
-18
-758
191
-851
219
815
-292
-372
831
788
-224
-301
531
721
85
261
236
896
-629
-560
-172
-384
-371
-389
103
632
-686
824
216
616
-765
-183
398
444
324
350
-674
-6
928
-387
-938
922
-587
235
-446
997
-311
518
-609
-650
792
837
-262
-754
-421
551
452
-732
951
88
197
24
991
-894
-999
-648
-762
-528
-565
-660
373
-242
-67
-628
5
-52
497
-814
570
-319
519
714
13
493
52
838
-412
230
-645
381
703
-60
939
-493
962
216
292
-316
138
7
-218
186
-802
-812
-551
-993
-508
299
-429
-612
-468
-485
-711
-33
189
-837
-891
683
-662
-51
192
-967
129
-65
-787
285
624
-626
130
740
-140
341
547
200
-625
-332
749
-602
-379
-468
-244
-489
-44
-986
9
-134
-35
179
-957
851
-925
-274
936
556
239
-274
-639
409
-51
248
-40
762
-377
-927
918
458
973
-624
-403
389
-947
322
-33
-394
-460
-73
282
-483
897
-374
-80
480
98
-417
951
361
910
-988
121
-947
-578
-646
937
-516
-56
-611
-829
180
90
-18
-242
-992
-832
-974
834
-434
466
563
832
-946
-996
516
802
-937
-917
-510
927
115
977
838
-325
-581
918
-889
-567
733
-485
253
-354
601
12
-480
196
12
-735
351
-905
947
272
380
671
449
851
-508
-85
843
-430
-883
-538
-479
-675
744
585
935
921
-443
-499
802
116
-266
-613
414
-507
796
530
587
821
-723
-93
857
100
-200
732
776
218
351
-608
-910
-965
690
656
932
-858
-387
840
535
954
-57
-696
285
918
411
845
-729
603
68
-164
-476
895
-542
-342
915
-351
-951
-101
329
837
-376
757
-50
315
-569
816
994
-608
617
-852
-83
-832
-431
511
756
341
353
378
-792
-639
-626
-890
-408
373
399
-384
-426
-852
-843
-609
231
-281
-76
286
772
965
990
-982
174
46
321
-23
974
908
871
-475
75
-105
-308
804
-444
155
77
-555
-547
-423
891
-487
-26
743
-610
-804
-265
-988
982
879
712
28
-499
643
-804
-636
713
-93
-578
563
-35
-546
-412
-194
-641
-368
-240
-802
52
-147
774
959
856
313
695
200
-86
-569
-869
338
467
379
-194
-202
183
-402
-159
216
-844
318
705
-550
39
-433
-139
-434
-689
530
-192
-596
-135
-367
759
-132
506
84
-195
-927
-645
-829
-359
3
-802
-280
-727
-74
543
-721
176
332
326
-610
123
148
441
299
529
637
191
-241
568
-277
-593
-667
245
276
518
-706
-901
136
55
212
-971
-245
-580
681
990
-287
731
-837
-83
-508
-747
310
-305
-651
840
-601
-388
-771
-797
-391
-852
478
698
830
-574
-949
447
394
934
928
-352
175
-271
304
-159
-415
-399
969
366
838
221
-890
210
-596
66
97
502
214
843
-398
481
-844
-785
921
-963
127
-476
484
-310
462
306
317
796
-633
-701
-813
80
-907
-666
4
-660
-685
-862
-316
148
802
-376
-52
168
61
929
978
-470
-442
470
-720
318
-724
543
-988
-485
252
819
-220
302
289
302
251
461
-70
513
68
633
486
-974
-286
780
-18
68
650
226
607
114
-577
309
66
597
-57
-144
426
22
190
341
-742
-340
-313
-86
-640
-650
-70
-67
226
-875
-257
265
803
561
-570
977
674
844
672
536
-480
-493
-403
963
-4
368
675
103
-660
-227
-137
-500
-246
-701
-276
-429
-7
176
-507
148
-366
439
376
95
399
241
-30
884
-189
-334
433
319
485
167
881
187
-345
-646
-202
-249
-361
-984
291
837
-319
298
550
-961
-690
671
224
-331
-242
267
-300
-239
302
264
-262
-836
789
379
-671
633
129
-558
655
-337
-775
73
102
68
-786
-501
-938
-508
-541
-794
-408
929
-618
311
-514
-364
58
-75
-923
978
514
697
916
-629
764
-965
740
-245
24
-824
-37
-637
-700
159
726
754
-283
315
19
-180
-252
154
-503
-483
914
29
-732
855
-982
-936
-944
166
-398
393
-622
37
860
709
-562
-278
-49
926
-24
-724
-19
-207
586
549
817
-709
383
-206
200
588
346
487
777
931
902
-961
897
569
202
737
-401
427
-168
143
281
-642
-445
712
585
823
-453
-243
792
562
-105
-639
-10
304
13
57
-957
702
896
227
204
528
-329
307
-123
492
454
-185
911
-429
123
396
-185
538
8
-213
635
967
-88
-741
-967
888
175
-614
966
700
-318
-762
-808
-747
768
-187
241
-315
188
-812
360
-651
-456
621
294
181
879
-95
889
925
255
981
216
-238
370
-502
148
277
120
692
-281
181
-158
380
941
-811
461
-383
-357
391
-472
57
-496
456
-652
469
822
933
-856
658
-811
-949
-962
-708
-971
317
-770
-707
509
-322
772
723
509
-690
640
-368
-924
705
-614
-469
479
475
-848
131
255
-616
942
-396
598
-136
-55
-366
413
-217
40
-222
-747
11
431
440
344
-154
-263
-661
59
-516
545
-411
99
-98
205
647
896
549
104
489
730
-470
59
238
135
17
311
134
-217
375
529
-147
-532
960
266
369
729
387
346
-224
-795
418
-951
-288
-20
976
-710
313
179
967
52
301
934
786
429
71
383
581
406
497
261
253
-723
-369
831
1
243
-935
-813
-361
-21
-521
-32
-556
91
692
-556
827
787
997
619
-521
439
-573
981
804
-582
131
946
855
-887
167
60
-211
753
878
977
273
990
-858
-404
-761
401
754
95
-858
-324
-106
607
-669
925
655
732
776
294
240
204
659
933
-73
-237
538
853
-738
512
349
351
717
775
676
-290
-68
694
-953
190
470
-729
-147
-16
-662
-511
-565
-307
187
-5
382
740
-441
814
628
290
677
406
149
141
-521
-667
-929
-563
415
-380
927
-376
846
-393
523
952
40
-389
43
-918
515
-578
217
982
285
107
-850
-538
-51
-495
603
709
-142
479
-375
678
-71
383
-120
-818
-838
876
-924
847
-303
673
118
-30
330
527
-329
895
-955
-502
223
700
-38
945
-501
-720
-410
-616
-196
-717
179
-716
492
-876
-171
-606
284
214
-143
-716
-663
536
760
473
-546
-528
753
8
2
-637
-539
153
609
531
-124
-16
-551
85
-27
-762
-997
462
810
694
433
923
370
-271
47
953
24
255
370
-105
-200
-669
117
-490
-846
-327
178
153
-57
-674
-379
591
-64
-52
-196
-389
895
97
395
-388
109
139
-691
-2
834
818
244
-372
722
-494
-367
799
949
-749
-881
40
-593
6
362
678
-930
-849
973
917
-77
506
-167
835
-617
875
-591
896
830
550
770
145
489
-201
-991
753
357
928
92
101
193
685
978
-678
526
68
-130
-450
-417
766
-290
-857
751
-979
451
-476
737
-806
385
174
3
412
6
58
860
-874
488
-242
-460
-979
278
-563
963
436
-720
465
529
103
227
340
749
-815
-164
427
-775
-998
30
880
690
-944
-161
826
-226
-512
-548
987
574
-143
957
774
259
-418
820
714
-35
990
-194
-656
654
-798
-788
-755
-147
-550
955
612
-458
-284
287
-148
-434
50
-865
-360
-27
534
393
-199
-332
557
150
-595
342
-122
-376
513
-653
-322
-32
315
903
-375
-755
-355
290
-434
334
118
56
447
441
-853
-456
-828
148
-611
810
691
-768
215
-606
-2
565
183
929
618
-472
-650
890
327
-550
246
-286
784
522
-841
-31
481
795
245
677
-432
-768
-46
-651
-182
-253
-996
723
731
949
362
-981
408
223
536
184
109
248
-979
870
990
-129
805
-926
924
376
-400
-275
-345
852
198
703
10
-568
-91
-663
696
448
88
-237
464
-420
518
723
-529
232
149
831
-845
90
-951
122
504
-235
604
-246
-943
-150
-5
507
-188
-850
651
-948
-318
-138
583
934
-95
350
-153
589
-344
474
830
303
631
-444
592
410
257
436
270
906
-761
110
656
-704
18
36
-419
110
684
-612
26
-482
-197
29
-483
-93
587
195
-468
-857
-441
34
-329
563
500
598
-465
173
-806
-839
114
-916
-480
126
388
-137
467
331
-838
923
642
-460
726
539
-407
609
-693
-974
-503
-303
-932
-620
-864
-520
-603
-430
-950
228
869
-708
691
-707
-633
-911
-361
443
-789
626
-215
-142
422
149
972
728
435
582
545
567
-188
-25
-258
301
841
-201
-569
448
-789
-511
-516
432
694
-645
799
149
-895
-481
944
-185
59
951
-89
-3
-28
113
29
-883
901
274
-969
929
493
-41
447
267
617
646
-543
-689
-338
-317
-272
191
-410
-769
194
-892
533
218
-641
-777
-232
345
193
-400
409
563
632
-314
848
981
733
261
-263
486
577
-66
-978
644
-367
-72
370
-899
-648
-444
-902
-134
-863
926
151
917
-153
351
132
-548
124
848
-376
-354
-894
-743
249
-830
361
-377
206
-441
742
44
-546
293
396
-177
202
-478
713
597
-588
161
-896
-72
891
437
-210
723
-188
-780
27
-912
-505
182
255
-248
-334
301
-113
746
-130
-898
-941
807
204
477
5
201
-725
439
231
-732
954
-392
433
-971
-588
-914
-937
759
-499
165
-605
-812
-249
-336
-476
-584
-447
25
66
177
-931
384
-196
35
-291
-384
336
569
-599
207
935
-570
79
580
890
-247
71
-382
-267
670
290
-893
-825
-703
63
-800
-205
-547
-327
316
-458
-189
561
-623
5
854
723
-334
-462
-685
-585
367
330
-914
903
-729
239
-216
-488
-600
-355
-739
-233
-814
-405
-423
-239
889
-511
-453
-466
681
768
913
-661
-236
833
-717
-845
903
62
-756
842
-357
711
-990
102
534
-749
-361
170
66
-508
-8
-448
982
644
-942
-334
-320
129
229
245
772
-29
-991
290
-818
694
-355
290
-333
-311
-698
-42
-538
-975
644
864
-522
154
41
290
-796
-452
594
449
-365
-394
640
-443
-120
25
-816
-144
785
531
150
184
866
647
-743
259
890
166
919
318
452
-116
-663
186
361
-727
-286
-221
723
826
529
206
-819
323
-267
-33
982
12
-784
-827
-156
53
-668
-366
885
-361
587
-742
880
-231
995
743
810
380
-683
966
37
-429
-122
3
883
962
-585
-164
296
929
-457
-828
-563
-99
633
118
177
-339
176
-956
554
-628
-714
-229
-167
551
-852
-363
-4
-204
-116
26
556
813
106
-125
295
280
361
894
440
-940
90
-345
-142
-782
-946
-839
684
765
-419
-911
-282
-328
-192
-742
473
83
808
-869
541
-407
289
457
212
-614
993
-454
-509
111
731
264
225
-465
928
845
872
-291
581
-367
889
-772
-705
-674
44
-16
-165
-756
196
370
-982
622
945
-48
-999
-921
95
-34
783
618
92
-691
288
-98
-281
710
-257
266
-60
964
-208
66
-420
283
571
622
833
-56
-756
-61
639
551
791
-943
-963
107
952
809
499
-546
-247
-168
-106
533
-755
548
-673
350
-790
833
233
-791
-892
353
-55
752
323
-410
-584
-636
694
565
-212
54
-47
-663
661
415
2
721
371
-323
-638
-937
628
378
279
-770
-581
-662
213
807
-580
289
516
512
452
590
733
970
-266
-216
639
-571
480
612
526
170
588
576
-149
917
722
-929
350
-755
923
-366
207
-207
-976
-17
741
-224
-431
-304
-874
821
241
442
701
478
319
8
553
887
-912
-924
370
504
999
50
278
-457
-314
-503
66
-805
174
-33
-468
271
675
736
189
815
11
-518
-916
771
597
55
-667
-395
-138
280
809
-993
-18
971
-641
6
-759
-311
-744
-787
-366
-929
624
136
802
-906
-16
590
310
-719
-767
569
158
-237
-85
222
818
-598
811
-637
-161
-980
-397
-718
-849
-788
59
-935
-137
-903
-91
-662
74
-444
-642
54
-710
139
401
49
46
855
165
-142
-609
-898
-73
794
765
678
706
-738
-449
-153
170
-718
648
-212
-471
596
516
726
-767
-253
833
124
800
-598
-37
-638
-911
-404
-704
933
798
557
306
193
35
-549
-438
-897
-913
760
-966
239
228
309
-645
957
-275
-36
485
-525
719
570
-387
491
488
647
-88
431
628
-573
-306
447
831
-993
810
878
-987
918
270
378
596
-506
-909
-954
-525
94
126
-810
460
821
-915
198
-556
-476
305
902
-868
562
-298
470
816
-277
494
-742
-212
988
-900
603
-257
397
715
122
39
-853
-913
705
-452
-559
-61
136
-455
594
449
1
596
-58
17
305
831
607
649
891
743
-473
-702
-678
122
-425
539
202
-634
-282
295
-988
-484
-148
209
-619
867
-782
-624
-711
424
-103
-635
-359
-365
-285
993
-737
-586
-543
932
-943
558
-166
432
-126
716
-27
-564
-303
317
836
-364
619
837
605
-802
-332
-421
-603
519
733
-882
747
556
50
-923
-769
533
468
371
573
-309
-914
473
-598
538
566
-810
58
-590
-446
-390
299
-825
3
-984
-623
249
-173
-967
687
174
519
61
-801
-630
-383
-979
814
273
-716
908
-793
-157
-284
508
-646
-890
-342
-676
-231
-510
-750
-289
239
597
-639
-376
-643
327
-74
-399
-493
455
27
556
535
612
712
544
-620
-647
244
-187
-382
640
729
314
-306
7
-189
691
343
447
117
-335
-732
-112
-871
170
-987
-757
-783
903
20
-952
526
460
520
430
732
242
22
-591
-776
-784
-29
-107
-865
201
843
-800
709
-130
263
270
431
404
-209
-386
733
-544
-308
-742
-393
-209
808
-460
-749
611
-779
827
-80
935
-730
637
275
-765
-82
294
155
475
19
-489
99
113
-113
818
435
60
-909
450
211
256
-249
503
-114
-436
-222
366
-17
-93
179
-784
170
-478
586
-911
-567
145
-858
696
-31
-251
-516
-81
17
481
-864
320
-745
-884
-332
-529
-881
910
922
-889
984
-588
-409
540
197
643
262
-928
-915
409
229
97
479
142
592
-753
-283
-790
-503
459
-684
945
-959
699
446
153
54
-421
548
-468
40
-483
587
-327
-439
337
9
-204
-303
-17
540
910
-997
113
-216
47
688
-274
-837
95
430
-895
895
-91
116
392
491
-105
285
-327
902
432
182
-418
-519
-321
-978
-639
-544
-132
313
451
-899
341
977
197
56
423
553
-854
199
-55
783
932
70
-767
-946
-949
772
330
93
332
-278
-611
-952
830
311
-580
680
-672
749
-562
434
781
226
852
185
402
116
106
-944
790
589
-758
-832
-136
942
-694
258
327
939
357
107
-710
915
-873
865
-256
-982
130
157
817
388
446
799
-204
-608
61
312
266
-81
-611
-423
-425
-320
-458
198
1
122
-125
-74
-48
117
-659
825
534
-907
-109
838
296
324
6
800
746
26
961
85
-838
-644
-90
-461
210
430
19
-361
-448
6
-493
-13
579
943
-736
139
-804
-250
-457
605
-796
613
-604
-53
588
26
-452
806
-434
3
666
392
595
568
-687
-819
-130
-780
-144
511
-970
369
-861
-899
274
-272
-58
936
908
386
-380
954
-121
310
-834
-781
-451
864
24
-975
-575
-959
893
-853
-844
89
-382
554
-93
918
-712
373
-867
359
-309
-425
322
897
360
607
710
941
-613
-700
-395
-243
374
-109
465
841
-787
-458
55
43
-850
-893
480
819
-721
-2
643
903
-992
396
680
698
591
437
-665
487
906
-731
-642
-933
910
-225
-47
509
414
-610
-628
-997
272
-342
-972
-446
-526
291
-372
-999
266
110
772
-21
491
-439
859
671
514
251
341
502
-928
-851
247
592
-301
304
175
-293
-547
154
-191
-919
-235
-784
-20
988
-836
-95
220
-543
760
-628
648
759
653
271
-133
-262
890
286
-832
272
143
716
454
64
-356
-887
451
-406
180
-680
-955
118
-848
-772
963
461
880
-753
19
-802
-419
238
597
670
42
-701
635
223
-455
-608
700
59
746
-586
318
718
749
368
113
574
-344
-33
-421
856
-539
-158
62
375
-301
609
-971
899
429
-985
621
-492
-441
585
641
-46
84
-9
-579
251
517
-466
100
-448
-548
-1000
-275
780
-578
161
-808
385
-937
-986
671
689
-696
108
-537
278
-261
554
902
-50
231
533
-722
807
815
-698
-409
675
-316
105
-821
-888
891
-283
731
-953
-774
-797
-673
-266
-85
765
971
-436
659
148
797
-87
-468
46
-542
976
942
234
840
-94
-595
17
-642
231
172
-437
-504
747
719
27
-577
-765
-274
-552
245
-389
677
-103
-106
-642
648
989
826
-431
228
900
-585
-692
977
-51
-349
-810
628
940
-553
396
-896
-265
-929
-19
-788
-786
13
69
-480
854
-882
-924
-55
-160
-716
-709
-340
-870
-781
-222
215
209
151
-711
-429
977
-606
-823
886
124
-812
213
292
-685
-590
531
-138
-93
-327
-495
195
158
-771
965
-710
-235
-742
854
786
-848
-117
-784
-727
538
872
184
-776
-437
-230
141
-1000
-269
-278
-713
-467
640
-296
-385
976
669
440
-215
-517
903
6
-830
-274
-580
-6
-93
-498
-334
-154
-177
157
-830
173
-305
-923
63
878
-857
-451
-361
-51
965
14
917
-749
389
111
703
-564
324
-275
915
-306
687
-153
-167
9
455
485
-459
-118
291
-72
-675
-791
658
-420
33
-717
-228
235
-181
946
-717
-5
500
-969
-453
-489
-417
-742
451
-388
39
-215
-960
809
305
172
757
442
125
-359
-704
-338
-449
754
-525
-653
-476
-900
-162
148
755
-981
-954
953
-735
-247
868
620
-431
214
-484
188
630
922
824
58
934
-635
-767
785
686
663
-886
-669
140
187
-839
590
-531
286
-318
301
995
-786
257
-710
289
797
52
418
-473
245
-557
-351
53
453
813
460
-338
-342
944
-626
-629
-343
724
826
-408
-552
-11
847
863
-276
-516
586
31
765
153
-892
312
934
-610
-932
-666
-7
-662
176
536
735
289
-859
-452
-755
-491
694
-487
-478
-924
-88
472
925
637
-564
-721
-373
831
-530
427
-530
881
299
-726
-407
-520
687
467
-201
-248
-916
322
620
-55
903
-604
-989
-875
748
859
-633
428
-847
-818
-882
-587
-408
-415
30
593
830
812
-829
-627
753
-70
249
-172
239
-815
-44
846
953
-56
-65
10
518
378
-431
-669
852
614
-677
-511
-119
-272
830
-977
-200
104
954
-139
-721
469
530
-78
-564
429
-229
-425
32
260
-526
-830
316
-914
557
822
-984
-702
-438
564
626
-466
467
-408
-860
689
435
-798
-2
761
67
622
514
-742
-515
355
-81
727
-574
-203
-491
832
-233
824
-920
-136
-119
162
143
561
337
-6
699
-410
483
643
613
293
16
991
-320
-520
140
-270
-66
-737
-518
693
-865
-37
-509
642
179
-135
949
499
-79
-599
-520
-846
-832
-166
-708
44
258
451
430
599
-175
-351
-7
-532
-782
568
233
-461
-442
936
-741
683
-242
734
97
162
895
-509
-350
807
-757
821
749
793
-145
-400
989
699
556
601
200
-232
844
311
514
-99
134
302
208
679
157
265
886
-647
-526
-141
401
329
-326
-749
384
-280
107
242
-387
-707
496
-183
-694
398
-629
-740
135
-662
442
-115
-321
-491
386
846
962
-640
-888
679
414
980
-849
752
102
747
-933
-949
197
-644
948
66
-5
-63
-10
216
-282
358
-331
-577
380
624
702
-619
997
-40
217
667
821
-477
763
85
-57
-705
-217
983
-251
-916
756
-159
-429
628
394
-663
812
-728
38
-510
597
-759
973
294
-403
-992
-450
-571
-794
-294
911
-598
-579
244
-103
294
-380
703
-352
508
-942
15
522
-536
736
198
578
861
-268
408
916
-951
298
906
-472
471
574
236
-980
-352
983
817
601
-897
-499
199
920
528
331
-25
445
-316
703
298
929
948
111
-827
894
800
-954
-61
-988
499
-261
382
473
180
722
954
156
-997
-932
-706
602
-307
-982
448
-678
-345
-625
715
-445
-173
-333
-337
125
442
147
918
612
-138
-282
-962
57
-318
523
-600
324
-207
-514
-644
836
-216
681
-809
-362
345
583
-654
20
-83
500
-992
-268
493
-416
-60
-686
636
-558
-84
280
-684
489
414
-583
-740
-34
733
-403
100
853
888
678
-483
899
-385
242
-233
985
-349
-951
583
910
-983
342
725
875
-581
451
-272
-241
-965
813
-466
563
-699
-986
580
968
-848
441
271
92
80
-760
252
-36
827
-847
986
851
101
-705
602
-431
939
733
192
711
41
149
681
382
200
-634
-280
-761
104
373
415
-739
133
-70
-74
-186
-343
-117
27
489
-178
-569
-345
410
382
-760
713
-95
89
203
-767
-888
-894
-196
507
99
-537
906
405
537
-229
-999
-177
-863
593
-201
318
-88
727
-10
-291
847
-883
-968
-927
-271
672
329
-840
-798
808
6
333
51
-70
507
314
-559
186
-278
-646
175
-15
-280
713
440
551
881
667
822
942
380
-586
784
314
-663
142
-115
-128
294
-805
56
442
753
-568
460
-971
-856
314
206
167
652
363
10
224
-796
-430
518
-356
814
673
-45
-14
944
203
-175
172
493
752
498
-989
-557
-266
39
742
-960
-507
-698
-697
789
655
-51
-910
-573
-533
256
443
66
-403
-577
-733
929
67
51
86
-265
-194
375
852
-936
-613
771
603
211
-211
371
141
296
505
-282
-845
759
510
-142
-306
355
-433
-27
869
390
-914
-153
48
-786
918
571
-384
-203
933
884
-727
846
-892
-860
-547
971
-651
-960
-298
28
-744
-641
-257
146
-70
-31
-257
801
346
157
-572
-733
-743
306
360
10
-418
-161
-158
30
-509
558
284
-716
-129
666
684
-81
-191
-142
-62
-944
837
-794
-323
537
71
462
-646
-544
145
410
378
31
914
932
-82
-120
-258
226
178
-667
796
-585
-237
-355
-192
793
862
995
133
-963
247
-151
54
574
451
-846
777
61
-638
932
296
-621
124
300
-962
-63
-633
108
747
904
802
319
-188
-939
369
669
-214
-796
934
-246
-843
405
-200
-327
188
604
-333
-241
-764
-894
-724
162
467
-998
590
-849
79
798
-458
-518
-600
118
-553
640
559
-6
971
-839
818
-416
-440
922
-843
607
-246
22
510
-300
-654
-476
588
81
283
988
597
-877
-476
268
-917
-483
479
-649
-965
-512
-922
-100
850
332
36
404
859
640
23
-683
617
589
336
852
782
-775
516
-217
70
-481
771
-136
-45
147
-686
918
789
739
455
-202
629
-871
-975
-58
767
-226
689
466
-598
-23
232
800
-922
-796
-993
-75
-80
671
269
-565
-652
654
-503
-22
192
-179
-324
-254
801
-188
-399
427
-547
-602
669
-460
-100
-669
437
-504
-781
-530
784
-930
366
-680
794
-913
250
379
417
131
-308
51
-144
4
353
422
-90
260
515
-763
-574
-773
-251
970
-371
936
-980
193
212
440
-918
-396
-15
-219
855
398
645
-603
718
-623
-684
-828
-559
-798
-83
-580
-6
-414
84
-736
688
824
-147
616
114
-678
-553
791
627
699
-973
408
-606
606
128
23
324
296
-43
-916
-512
772
218
882
-41
816
-205
-747
607
-332
-679
-902
762
483
-297
872
-601
-343
126
-908
533
-267
645
-788
-849
-159
-815
553
-727
-116
877
599
-986
-440
-842
640
-573
-401
-506
340
339
864
779
-475
727
120
-494
-673
713
-356
-187
-123
-986
-925
687
198
55
-592
936
-737
-342
-644
-622
362
130
450
190
-605
871
-620
443
-389
-406
156
-628
22
378
524
-587
-704
-644
-217
50
-772
-405
-792
116
156
764
944
633
-724
76
654
-249
793
760
-122
148
832
857
-332
-155
-944
58
361
193
-287
-425
-860
369
542
-668
989
151
830
-249
-966
-616
-31
-861
36
744
-650
-447
-892
-16
-503
-371
967
-994
776
779
545
617
-345
949
-979
-674
410
498
562
45
-288
260
-190
458
927
-291
460
256
698
-673
-31
-472
543
-337
372
-606
-84
-347
-838
926
450
-13
-640
602
466
816
-724
408
244
895
892
842
295
977
859
365
-925
-701
-414
175
-759
357
363
-897
-212
-519
224
-400
553
-492
-494
681
65
212
-842
316
919
-146
-503
-527
-779
627
-27
78
-727
-450
-773
277
-771
413
544
186
244
-647
325
-481
192
-541
-226
-241
1
-531
708
-61
-440
771
85
-732
-103
708
345
958
-513
961
-512
828
937
912
7
-954
-190
-243
986
-124
879
606
-557
-498
833
-95
480
674
202
-683
275
-32
636
18
659
213
-83
-906
575
-958
-713
-836
835
-823
443
907
963
276
694
760
820
-718
812
-263
-838
846
337
-920
-132
-963
-489
144
68
-716
-911
630
2
-364
-843
71
496
739
-256
-726
369
-680
-268
434
898
-701
589
803
-590
758
-127
654
-338
-396
-859
-918
-827
325
220
-351
698
-61
218
-748
-168
404
-361
-324
-992
-380
48
-98
-35
-2
-953
-822
-231
646
-198
209
616
-73
-271
-512
514
-140
-239
-179
511
637
-466
-659
106
-656
653
95
-120
-183
439
905
-766
-600
-551
237
253
-978
-344
-681
251
-621
-478
-618
538
582
912
852
619
882
-488
772
445
842
895
-665
-664
-559
-996
-389
-587
-632
215
1
-150
53
496
489
324
668
-772
-708
-947
-851
-807
518
-675
-247
-861
14
156
50
768
-941
-571
959
405
356
375
-599
476
636
-27
244
-979
-791
-643
829
25
-408
-698
573
-539
-930
-670
935
-429
533
-893
116
-67
225
-902
-616
-101
30
826
-96
-412
280
-341
-789
-48
87
779
-750
-228
69
286
869
199
988
-314
308
617
897
-209
-186
-348
679
-239
-726
-174
-158
-136
328
702
857
624
658
-273
343
233
-740
446
478
298
469
-296
-120
-238
257
-801
-325
-518
-59
-644
-456
663
639
95
-863
-741
-545
455
245
-757
245
380
-663
-325
664
-630
724
-315
-144
728
-537
24
642
678
711
941
70
70
-776
-235
-315
-528
616
943
916
-887
182
678
888
-641
733
806
229
27
544
-81
247
697
260
-190
-68
211
20
-72
636
-311
-779
-494
-74
397
280
907
472
-405
-571
-790
-566
854
-375
388
664
718
-609
942
986
349
212
896
-910
-944
-230
980
738
67
-629
718
-313
821
-616
694
421
-789
-483
-704
-975
368
-302
-275
197
-230
353
890
803
216
462
326
-918
967
-152
130
-930
-284
571
592
-569
652
-289
958
216
239
17
-980
-231
-830
-516
-216
-492
-828
-364
443
-247
441
255
-99
158
-158
-192
-525
439
-339
-720
265
-483
24
-341
-470
238
353
-555
-84
690
-215
-777
649
373
808
-150
855
-683
-246
207
-391
-278
-634
-328
79
-243
223
-186
-839
-970
707
-704
905
246
-751
-739
-843
-19
-89
-1
-485
-455
682
220
-704
-147
767
938
817
153
-602
-42
859
587
102
641
533
930
-509
-313
-869
-485
940
301
-330
-182
769
822
-250
-345
402
195
-207
450
-45
-395
534
820
-500
-272
10
772
876
494
772
-478
717
-820
388
-541
498
245
-659
26
317
825
308
-288
542
-294
400
-113
342
83
-799
-911
490
-506
334
-769
850
-80
38
537
768
634
472
178
942
-849
350
868
97
-251
676
-521
906
-998
855
185
-213
685
936
-949
-137
453
-273
-712
49
786
-451
-397
502
-722
-38
892
215
-192
-436
270
831
-147
937
904
-637
-357
-60
326
727
-349
-925
635
669
978
-319
781
-696
-308
-321
-147
271
-274
-554
210
-275
95
-968
-367
-796
833
-956
315
-318
26
-120
579
-244
-198
-608
-630
264
104
-868
-935
775
-755
160
27
526
-979
-602
-796
-427
-771
478
-959
-600
-475
869
397
476
-300
435
-786
12
-646
62
522
817
871
-148
953
-528
-835
-458
-312
-579
132
-471
-553
-659
-102
294
-576
-791
100
-712
-268
286
694
-411
-940
610
-549
-322
-551
33
834
-63
704
981
-603
-818
-491
36
215
-234
-821
-429
-999
-161
-362
-392
-424
-492
-107
414
423
473
959
-558
-331
669
-759
-454
-949
280
-735
-956
-524
-349
74
860
-647
-41
484
840
-776
670
935
-178
-720
-42
300
-491
-820
724
-392
-360
138
581
166
-521
-442
815
-224
-824
951
-650
-134
523
-826
-470
619
-933
-841
670
-552
95
678
-253
575
241
-353
451
397
-170
505
954
-436
-180
-208
-657
397
-494
-115
928
942
720
-587
539
-296
-824
715
-551
279
612
738
-860
278
447
-188
-262
-665
-448
168
-886
-499
320
419
-518
-762
-627
-467
-37
759
-633
31
-747
646
823
454
-20
622
400
-393
-28
51
-35
-625
-864
243
970
53
357
820
191
287
-66
-929
167
-962
73
-519
175
-777
-658
-950
633
430
432
780
-864
449
316
-798
182
-706
-322
178
-950
-286
-445
385
-443
320
250
-7
-717
-934
-701
-615
190
318
-551
345
214
80
-52
-343
-642
528
758
21
624
-600
-48
903
688
-171
-99
-519
-467
447
196
-716
788
-618
171
-469
-625
-741
926
-659
-837
200
-369
-341
-553
861
-488
-729
56
616
-436
660
57
-544
411
-592
-880
-194
-236
-357
-52
-855
245
2
-166
-724
157
-403
983
-586
-205
-431
-624
686
-512
194
693
625
247
-119
-788
-982
-140
-226
65
-596
898
-526
-789
-817
-185
172
634
596
858
750
-979
-809
-667
-205
-768
400
693
295
-142
70
254
643
-508
513
-820
627
958
682
-876
774
-405
625
505
626
-139
-533
778
561
796
-938
120
156
543
-902
886
194
669
-403
825
501
133
-669
863
465
-647
225
-453
-823
385
-996
-434
1
764
803
803
-590
-175
198
-271
-659
100
-447
675
-449
901
-711
147
-179
-174
-479
786
205
220
-39
-763
560
-969
564
-230
-624
-22
-939
776
641
-825
-554
-636
-313
-571
932
448
-475
-88
-726
798
-611
306
-952
82
-359
883
-481
437
388
828
220
566
-427
-814
575
-630
57
-787
-521
325
45
384
-19
497
-411
915
-615
-581
-468
716
84
29
-40
284
-757
581
185
-443
140
549
-322
-103
-495
500
-573
14
502
594
843
798
-40
392
7
315
492
-738
512
-992
-678
-682
-570
594
884
117
965
-347
-186
-830
-223
-613
-964
-649
-369
-665
90
373
735
976
-68
964
281
-271
491
471
211
637
793
702
780
800
601
965
88
0
-850
58
-503
-702
942
-132
-938
361
722
-98
890
234
-643
-773
492
-517
118
724
-217
873
-140
85
885
681
-810
5
989
806
268
-420
101
-55
373
-609
278
-457
645
-538
-469
996
-829
959
-187
-795
-515
-4
-353
-317
184
-313
-328
-629
568
773
962
-621
-633
344
614
-185
262
575
-830
-575
-34
761
209
679
417
-762
837
-529
946
-34
-253
-915
350
-118
-102
573
453
960
-366
-917
-375
909
-899
335
-110
827
-531
423
411
818
-286
-451
-355
-437
926
328
693
-593
-729
206
20
702
71
-650
-700
203
132
75
130
84
-281
333
109
832
923
674
-647
-927
308
-214
639
-567
-358
320
277
-87
848
188
-939
-891
-379
-27
-883
-813
-825
-636
-221
546
-386
-380
-829
231
236
405
-938
-462
159
-737
-544
-817
881
-940
919
665
189
238
987
-535
61
920
-266
-884
-156
505
385
2
-443
282
-464
851
-706
-7
-565
-612
-619
38
634
263
494
123
189
-248
998
-72
-507
-428
-33
-148
-350
781
328
-768
682
232
279
-307
19
623
-314
-562
733
641
-488
512
-321
439
326
325
620
675
-805
504
818
-719
584
651
-433
-689
-508
477
832
857
180
871
631
-323
-653
469
904
301
-722
674
-928
882
-657
635
-157
877
995
-986
0
330
-678
-548
291
94
43
-95
-456
431
274
869
519
962
-393
50
-48
350
827
742
979
-464
-319
-965
796
41
-121
-383
-374
578
480
-307
-229
960
80
-502
-330
-703
-285
846
324
-602
-790
360
-405
267
995
661
-471
-623
-604
-46
921
221
739
124
-459
-870
-27
467
-215
41
-687
-451
527
-919
800
-681
-611
-207
-812
853
39
201
-334
-997
705
393
-211
516
-826
937
688
111
14
728
888
-69
-337
137
28
199
307
-841
26
-341
530
-87
-449
693
-388
80
866
-276
661
941
-387
-527
-979
-849
105
-397
-101
379
-394
-687
-667
836
308
-214
927
-454
-95
-320
-818
575
398
91
-313
324
-640
-982
232
-830
-367
965
-413
324
-720
686
291
850
-517
-859
-388
617
456
-246
-284
790
843
974
-89
305
166
-718
-421
150
867
-351
-686
-98
-217
-582
-619
188
308
949
963
-844
-834
-586
438
502
-713
-289
-498
-888
506
-592
332
897
-320
-582
-627
-526
-206
-782
-719
-689
-437
673
55
587
-855
167
-537
834
-223
-721
11
-401
-100
430
555
478
-687
-651
-156
428
-976
-297
516
-390
-903
-460
-508
-143
-409
835
34
-65
-836
-818
986
-625
-359
663
641
775
442
-743
-690
859
365
-519
277
-465
749
-565
609
-167
783
769
-866
389
-632
-866
-800
-702
-295
9
-477
41
-392
-515
176
-194
-516
-355
792
607
-588
501
544
506
949
-389
426
876
159
69
796
-221
586
-732
-194
564
-366
-451
-27
-967
-212
217
200
18
-908
-686
-757
-404
837
430
560
-496
196
-568
470
-942
361
-39
507
-119
-758
-410
-858
-450
-330
-685
138
174
395
-779
536
-294
-267
277
260
734
-716
-463
-607
574
328
636
44
-741
-356
262
322
549
44
38
895
395
548
771
628
-225
534
-958
676
85
-152
282
-85
-983
344
-925
187
-193
-356
-659
-923
-650
-998
-371
-927
-506
705
-270
394
585
-909
-250
-376
-250
-913
320
-933
-712
-225
742
240
317
907
175
-844
-598
-937
-457
-557
-692
-160
348
427
-55
606
805
514
901
-393
-238
-656
-303
289
798
347
461
-335
241
-291
-194
628
-782
-204
-917
776
218
934
-783
921
-973
14
-745
804
304
-553
908
617
70
-476
-821
-926
568
-262
-191
-38
768
-981
-523
460
265
-640
-698
233
-278
-238
-925
741
941
-299
195
-289
461
-479
196
-469
429
142
-783
542
-138
-517
-403
805
-87
795
-804
707
-350
-259
929
-379
141
503
-702
-221
-830
-610
936
-683
492
-859
754
47
-568
-577
57
635
-375
-894
-147
-686
424
-133
367
-602
-472
295
-152
863
-600
-315
678
704
-415
-122
167
-283
463
286
574
-484
-531
634
-61
-595
649
-403
-409
230
-490
297
149
424
-432
103
995
120
747
883
-456
530
516
-233
-712
-415
553
129
474
340
-508
708
-454
-771
450
-152
859
219
-158
-561
468
930
-262
-794
-421
628
979
771
-80
942
-124
225
704
-623
-564
758
-22
-372
-343
-451
-995
707
789
-588
-960
-34
80
932
748
-144
-711
-792
68
465
134
733
-27
-197
-876
-267
-1000
910
-856
-425
-172
288
-125
902
-48
-364
772
-516
-74
710
-841
644
691
-831
-373
833
539
509
-398
606
-614
-232
-751
946
-715
-928
-697
655
-1
-422
-965
72
-1000
210
990
509
-833
47
975
-988
967
-862
413
774
-760
667
-393
-429
-243
168
-753
658
475
-853
766
-647
849
-265
-63
6
-774
791
304
376
-129
971
-513
749
-582
608
-978
-840
-442
-198
-613
798
962
928
183
398
-492
-507
-474
715
-422
990
-960
-697
-757
469
357
-387
-83
953
925
-533
-417
928
-740
-102
-778
666
-731
-660
-826
739
-346
-687
294
-556
225
38
-138
-122
90
155
268
789
-788
-514
233
-787
-697
633
-37
676
708
-171
-5
4
617
-86
-745
-829
-329
-204
-966
528
-80
275
695
-357
599
-721
-331
-910
624
630
-652
-716
550
852
382
500
-21
-674
200
-4
618
-437
855
619
-24
207
-656
-723
633
853
-680
-203
127
72
-406
265
365
350
-633
538
-918
-158
631
-481
-94
-660
621
-531
-58
-353
-663
373
-590
-529
392
826
927
461
374
557
879
881
-861
-265
822
-381
-78
450
-903
534
574
964
542
785
888
-166
515
378
668
509
-470
-591
978
259
-446
727
432
-892
689
650
332
-425
525
-338
-450
-215
-358
-359
-620
-118
429
330
784
-12
-672
-649
44
952
-850
-573
-370
-361
-498
88
-490
745
-820
-490
356
-850
-414
328
-618
-289
231
-129
-545
112
126
-323
-60
516
111
-848
-320
189
-14
826
-233
175
-681
-183
167
927
611
903
-486
-51
-683
-960
-648
27
631
187
-790
-55
-96
664
185
543
-234
-763
597
-858
929
860
657
-941
234
-100
60
-207
-478
418
-325
-54
-81
659
961
193
-735
-695
-160
607
-125
297
905
297
-739
-131
-96
-886
-442
-286
379
-366
-233
240
-23
59
-181
-415
-785
-573
-798
336
653
555
469
96
64
-901
-972
-538
976
319
-54
-924
778
-717
514
850
-584
-922
-509
459
-469
-194
615
625
651
-680
297
-818
805
233
349
-423
579
726
-551
1
-438
-771
1
-183
-83
-465
225
-464
-706
-86
915
-484
133
-714
16
-734
-455
-276
-301
452
-517
750
-695
663
274
-25
-155
272
848
-544
-160
-165
-60
-228
237
968
-151
-623
-741
387
-996
-988
-93
589
506
335
977
300
-392
-559
-608
-100
-916
306
-722
592
345
-975
-417
89
-440
253
-387
466
-607
540
572
262
745
795
300
-546
-170
579
-104
-805
45
-44
59
-148
-932
545
242
-707
340
903
556
-132
366
-533
750
-839
95
-880
644
825
246
705
610
-921
642
129
840
88
160
-916
-620
-999
-927
-646
449
839
795
-288
493
763
550
146
-840
-528
-457
-999
104
-222
585
173
-823
213
822
-257
-430
-209
-842
-314
-140
-941
255
932
299
507
314
-508
967
-527
422
-622
420
730
-922
-954
-220
512
-731
-977
-49
-390
-822
-120
-111
170
710
-662
882
818
26
-354
-349
148
-666
-179
-13
-235
-244
-730
-591
206
-77
283
44
-1
-24
-440
855
975
302
-976
824
500
-634
-138
447
-485
-630
214
692
325
915
398
-631
-65
-550
780
-210
188
620
117
356
497
-10
-738
-567
668
0
763
-446
-158
-138
114
567
564
177
-501
-105
493
597
-314
717
-117
851
297
-374
327
-961
789
-398
-622
620
-940
-45
910
-430
-143
-577
-745
66
307
-661
-804
608
743
-945
-610
895
394
-578
676
795
16
176
-761
-240
932
-725
129
200
76
-239
461
-143
-249
706
-725
812
-202
-351
387
-494
-411
356
-893
-783
-811
-314
182
-300
-889
-217
195
769
198
899
367
540
753
655
160
953
709
399
80
351
547
-427
634
-152
-557
405
-940
-812
-284
532
-312
589
-98
846
-511
373
6
742
863
-805
-386
568
-458
797
439
554
9
983
451
274
-161
90
-517
209
-144
184
970
-83
894
-692
-347
-740
402
822
-217
-548
-255
676
684
703
619
668
986
900
353
982
-552
577
336
358
268
444
-770
486
436
-663
-320
-781
160
286
-251
286
-934
498
531
-861
676
819
-596
102
-99
-105
444
617
975
91
-670
74
664
-185
569
-727
-446
514
-462
584
49
770
-225
763
-935
251
-514
-962
-550
-7
432
-394
-327
361
5
-1
-260
913
966
549
-271
-288
863
271
-949
-608
-313
-59
795
648
525
-862
791
766
289
-236
201
266
-580
0
423
-683
76
643
-838
-608
-592
4
589
-479
-947
517
644
824
-917
-920
-538
609
511
-259
-535
738
213
633
-871
-973
649
-845
564
157
-430
-823
309
-901
364
927
-245
637
-143
-441
-315
236
340
-548
-84
-168
681
-392
-371
140
-444
518
-751
-765
-564
338
-165
-156
268
-292
-706
633
-970
347
600
-2
-620
-114
831
-268
445
-963
-137
-203
448
-225
893
257
-945
-91
-638
711
27
-509
-89
656
-856
127
946
-522
-914
146
107
786
107
891
-363
-174
-584
131
316
-759
-74
-293
-937
-800
-460
97
-22
266
-623
626
476
470
504
665
-225
525
-691
-299
17
171
130
969
894
-917
70
-931
-416
523
-469
-702
548
799
178
131
-86
673
53
807
153
-602
289
-413
-740
667
62
795
157
-434
-851
793
-259
25
-547
-298
-611
602
-39
86
-436
-130
993
-991
205
827
356
-5
-45
29
231
676
60
-600
645
459
-904
156
-446
558
-187
519
973
-867
633
-604
194
221
-822
321
538
440
-147
-594
256
289
553
-815
-64
133
183
679
589
701
-711
-315
287
-352
212
188
-88
-666
987
-501
-654
935
-103
334
967
-863
955
-507
108
121
711
31
-950
-824
573
581
922
695
105
-45
-739
-906
514
769
-139
-155
627
-560
-924
-922
-525
-497
-737
-279
-990
-867
958
151
354
-391
194
-565
-913
-314
372
-278
-755
-726
-714
-29
654
629
488
-974
-628
335
794
990
-455
522
665
-782
176
583
-568
-679
-761
-556
-421
290
-620
723
515
-669
313
-218
-655
-230
109
-762
-295
895
905
738
949
117
363
-251
-750
-929
-774
720
-501
-769
184
-73
-735
-678
-339
-904
963
-249
-171
901
-336
-938
-88
771
566
-691
-303
315
-251
318
-530
-691
-538
-620
-333
-923
242
684
827
-618
624
-943
-51
962
-322
575
-73
-997
298
-247
-519
-76
526
-426
-544
-607
679
886
-227
-34
-384
-509
-766
-901
640
-205
-488
916
-36
-103
736
-930
138
379
228
717
547
-482
937
19
644
-243
52
-956
98
713
-874
-331
375
730
965
642
957
36
-536
62
-778
917
-770
21
518
650
860
430
573
449
-79
-260
85
-406
392
-588
-396
934
-678
56
-434
978
781
-558
-965
861
-612
989
-752
-780
324
412
-595
-866
681
206
610
-669
-461
-951
911
-519
-424
-317
646
790
-585
912
-817
761
-498
-394
216
-684
329
-868
-857
146
-280
-959
-626
614
299
888
-311
884
-579
577
-874
536
-182
-205
434
-124
141
614
444
-424
-53
-179
776
-838
950
-960
995
901
847
760
-418
237
-741
51
281
416
129
-329
-467
696
605
-957
677
430
692
-847
42
-504
-156
712
-886
-349
-329
-674
-283
476
5
555
-205
455
-782
584
-235
-973
443
-266
151
789
712
-436
-114
-735
-673
-968
484
-25
661
326
237
425
449
-898
132
-197
-753
808
-697
867
-770
187
45
512
-697
947
288
759
346
-320
154
-71
6
-997
704
-256
277
436
181
-808
-686
342
-979
810
696
588
-225
228
136
-627
-683
20
-810
-205
-525
-189
-559
682
178
366
877
515
-88
-496
943
-440
-490
-852
-140
106
606
-363
510
-74
-930
96
-659
-346
237
-159
-571
899
33
-429
753
248
795
36
-571
963
-144
924
888
-396
596
-354
-138
-600
-459
-986
-272
-833
-495
131
-402
73
821
158
-13
-225
708
-72
459
-290
-464
-637
100
-866
-168
-953
421
-640
333
-780
-657
23
-974
599
-257
-306
817
-811
893
359
-476
-332
581
-957
-826
57
208
-707
119
-740
-307
-576
-59
424
-447
137
286
-609
184
520
-593
795
870
-400
-825
638
-289
526
-275
395
207
422
634
157
968
296
-123
-475
582
354
-374
609
-224
-161
101
-920
765
589
-47
370
687
-20
808
740
-927
642
789
409
985
572
958
-548
-470
-545
-793
451
-726
-931
357
181
730
659
881
-453
-329
-194
276
244
-629
-611
-683
-381
-127
386
-356
-620
468
787
354
108
754
-787
-281
461
-734
-440
112
568
559
21
587
-515
-624
627
-672
654
950
977
-362
-29
465
-770
686
-346
463
845
-160
302
642
661
1
-71
-451
660
990
-543
-469
-141
391
-318
-900
468
-85
658
236
776
347
350
130
237
94
-586
18
-588
33
47
-577
-751
-936
-377
929
-404
-890
-539
-754
-315
5
-259
-71
804
-494
51
-684
-626
-888
392
-654
644
311
-32
-34
69
-464
996
769
611
97
-126
-716
-829
936
-46
243
286
-27
820
346
-747
144
789
591
-431
-972
609
-517
888
983
530
566
-84
-697
-666
-482
-387
-478
-610
404
-225
-991
835
115
-634
131
-396
958
-755
274
378
-844
-953
980
-628
546
253
785
-450
-762
101
-997
-108
284
515
638
229
-249
826
-442
-933
797
-565
-168
-762
303
430
-274
-224
532
-722
98
-245
-207
-929
549
-329
407
587
-947
-832
217
-535
521
-637
664
895
50
481
844
-434
-415
-403
722
332
551
431
-963
-512
828
-293
362
-123
-137
-933
-28
273
-329
-167
-560
976
-340
-551
950
857
229
-173
-275
818
-217
174
338
-321
470
808
-971
-730
403
-734
-160
494
-366
-552
-332
198
567
719
-751
-942
-211
694
-334
287
-158
-433
-508
872
195
663
913
465
831
-927
988
225
-822
-767
-933
285
-47
-877
156
574
308
940
966
-491
5
-903
717
469
-436
484
-367
-386
-508
-331
532
10
-426
36
-378
144
319
156
511
-762
-879
171
-792
-124
787
-905
806
-492
214
-565
-844
213
-235
-946
-276
-498
391
980
49
543
565
430
-580
-316
882
317
849
675
-852
-668
574
884
-226
459
32
-224
-321
-272
-623
66
155
40
82
347
443
-765
288
146
675
125
-330
359
697
-496
207
872
541
23
279
269
-759
-994
-803
62
-282
-331
-377
-443
120
211
-270
-850
504
135
-701
763
924
650
-161
-749
-140
-976
340
-966
164
-386
-350
956
681
-411
-566
-509
362
412
289
-167
573
732
800
-57
450
724
-100
363
-32
205
893
616
234
456
701
-808
974
356
174
-148
938
11
296
84
-773
236
-449
825
179
883
-467
-648
966
-428
481
-742
529
456
-237
-610
728
-866
-782
600
-69
514
605
66
-252
-373
-102
-752
-577
525
6
-878
-410
-961
-118
-957
248
216
-714
-209
-970
51
-324
-831
-406
-751
-900
217
-492
-675
-840
-707
482
-150
195
-969
-325
665
-565
508
8
375
-865
-148
-305
963
-577
53
542
93
191
546
-831
-86
-745
385
-993
228
-934
514
-873
-769
-927
-20
-893
-330
-92
10
102
-621
-348
-142
-57
765
983
-315
746
636
1
306
359
-680
732
-570
890
-177
-700
-930
550
278
-990
-259
-362
55
722
-840
450
-792
307
-177
618
556
-454
886
-622
355
-445
274
-214
141
214
703
-87
-133
-846
77
-810
-138
-599
492
-46
553
807
-884
885
569
15
-233
3
726
-428
570
-933
-343
-959
-50
620
-435
455
645
-476
-742
369
928
759
-84
36
-178
424
642
-56
222
-489
35
-515
-971
-297
-949
380
-277
-117
754
-740
-256
-388
-482
-178
-212
777
591
869
-956
-740
664
37
745
309
766
279
-390
-858
-456
-826
217
393
-186
313
651
-863
382
237
-439
892
-462
862
-716
562
286
-109
470
-258
13
451
723
949
-773
727
-259
615
500
-482
-569
753
379
-633
-735
45
888
-658
-413
55
-775
-426
-971
940
-87
-305
602
225
-323
53
-147
-787
-533
933
-748
725
-330
588
-95
-542
468
-51
-440
816
304
415
-854
-123
-245
193
431
-276
-946
43
-781
-610
-454
770
679
653
-944
-233
792
-948
-387
990
-803
733
685
-362
-646
648
401
-247
-95
-795
971
177
568
151
453
-539
421
437
913
383
-186
-714
155
348
-946
-343
187
95
426
910
999
-750
-623
659
837
-742
-39
-417
110
-299
103
789
350
-109
-130
934
280
366
-823
262
39
-984
563
-119
-273
-304
-925
-359
-431
-208
582
23
685
325
-284
-661
-46
-836
-811
10
-415
886
780
-892
448
808
97
-474
906
-847
-595
-846
899
792
94
905
298
-46
747
947
519
-339
33
-437
115
-787
-613
521
-969
-80
-768
-899
-451
-833
39
-859
723
-685
-571
-501
-370
-990
-521
-114
346
-971
27
-148
-305
-441
-760
137
-480
-292
-273
-18
398
-341
-39
368
89
-118
-689
-852
-634
-908
745
733
603
-486
206
-263
-441
-77
842
-130
352
-543
190
68
468
-62
544
-273
-847
431
131
-140
-928
437
-622
997
-869
-787
-490
635
-832
-294
-248
623
285
511
143
373
59
762
826
741
984
-415
-518
551
428
-696
183
507
477
331
243
-382
-658
158
571
332
-942
-497
585
-785
-914
-44
-777
-496
29
119
-562
-94
701
827
-52
952
