6932
527
-478
592
-272
269
371
-231
25
-726
340
146
-710
572
-779
22
536
69
494
-861
565
-455
-268
259
-382
458
616
-523
838
-174
745
941
-201
-436
570
-332
100
528
-738
-531
-891
457
79
-746
-422
885
-211
-185
-607
-392
-268
106
-845
381
839
-10
-851
-277
-743
666
61
-993
138
963
-558
780
-866
986
-282
-901
-231
557
-184
-112
-89
264
-639
-292
168
-880
585
-71
248
-596
722
165
-19
112
-607
-19
-310
7
653
-123
224
44
-320
786
-285
37
42
-955
-981
173
517
132
-79
-19
420
598
-871
470
-492
906
416
-691
-828
164
-710
-941
49
-474
-322
64
58
423
-594
-196
-93
259
-978
585
308
-977
389
737
-991
-857
-399
679
-843
326
181
284
-809
464
-930
337
-481
-81
899
852
994
73
-726
-903
776
-278
-584
-410
223
-541
816
139
-904
927
573
-420
-896
734
635
908
89
400
607
920
-938
543
-74
141
822
-263
43
-890
-473
665
674
-602
652
129
-574
447
-535
-74
-992
845
-245
-664
-986
627
564
-915
-254
-529
404
745
-21
-277
164
859
222
387
-100
-793
758
287
-123
-868
90
540
-8
-399
785
283
948
641
576
-715
799
607
-684
329
228
-296
587
868
491
292
461
-404
774
-776
-40
857
-825
-916
585
-672
911
-988
534
-642
17
-627
216
-531
-123
-219
150
-202
-887
-105
-132
355
-942
-974
42
623
128
-858
-583
77
111
10
-839
-126
-726
732
790
-496
-598
982
-87
127
-692
937
-821
-374
352
121
-172
708
-227
-411
545
53
370
-943
51
-283
520
818
980
-765
-844
-235
-987
306
-952
940
-509
81
89
-714
-311
69
763
858
862
966
-440
16
-162
-269
432
-100
-313
-670
-231
-776
74
904
-232
796
865
321
-792
-211
896
957
23
-897
52
504
113
-168
248
-476
211
-301
-186
-236
49
-434
-150
279
564
-544
338
239
843
-6
-334
846
994
-759
-555
524
-208
693
733
824
250
-678
267
-392
837
832
490
-802
345
-615
22
-679
241
838
-886
597
-610
646
519
976
203
877
992
714
268
-452
-990
-232
-177
-317
-558
-667
-363
-192
-818
-426
634
626
373
-8
-513
319
578
-823
-871
-146
323
-209
899
721
-887
361
-642
531
-200
-688
952
746
-834
329
362
-535
593
266
-708
-923
800
790
-125
770
-581
119
395
-599
31
759
767
40
185
811
485
-106
732
253
-777
-255
-18
436
-164
870
300
-94
517
-116
414
842
-493
286
262
987
69
179
193
-498
-1
284
-160
456
583
41
-880
-500
-839
-696
-859
800
-197
747
-698
874
762
-619
721
-136
451
-463
879
-807
-242
350
-622
-118
20
-405
-613
-400
961
635
761
767
-764
997
620
598
-620
-21
-121
808
525
917
-589
519
856
906
688
574
-216
698
310
-533
-767
-678
282
-41
723
-884
813
36
36
587
574
-878
-277
-768
-160
285
-632
852
166
103
-846
-813
922
653
-808
377
461
393
-551
700
-216
-796
-48
-507
-30
-59
-826
-196
-934
635
-805
655
-444
-877
735
414
-255
-90
971
471
-122
913
-291
-807
767
2
64
903
540
-131
234
155
457
936
783
-653
-820
-887
82
-931
152
-534
860
731
942
870
-859
-637
-221
963
-129
694
748
540
-333
171
837
-471
99
919
-190
-67
-514
-613
-483
-532
626
57
-642
-969
-453
-220
-631
406
-118
-268
-624
656
129
-557
-743
186
266
103
-533
202
-425
-212
338
662
-251
-867
98
-802
506
303
936
-157
29
363
891
-30
-988
437
-895
689
-360
-291
351
677
-346
898
-471
974
159
94
55
-577
-386
834
-936
-914
617
-306
416
-876
801
-819
-675
-175
-732
347
951
-65
114
-220
-698
-703
-52
-69
-850
937
-856
-637
149
915
865
-146
-203
481
668
543
268
419
-363
910
80
770
919
-761
353
362
-565
-641
-201
-414
-200
-123
-422
25
-583
-111
-143
-593
380
-212
-174
925
-618
619
-857
-798
708
617
-958
891
380
-161
215
349
-446
-813
24
-270
950
-933
446
-514
827
-948
-429
-371
115
35
-260
620
-75
-881
-509
160
-575
458
708
886
-198
-606
173
-936
978
-376
-440
361
275
627
-411
957
-935
-638
320
216
638
829
-478
178
909
166
292
387
920
-302
734
993
981
222
813
3
195
-689
-125
800
-821
906
-296
601
433
125
-98
-592
-615
-600
-894
804
-618
-709
606
-102
637
574
-116
-103
537
-825
245
594
-40
251
264
522
-269
-540
-90
-618
-694
-821
-663
-318
-322
-93
341
-482
504
786
-473
-571
-506
124
-502
107
662
-435
600
66
-501
83
-147
697
-611
838
-344
738
-723
837
203
-530
357
334
289
-40
-882
-774
-929
395
651
947
-397
-960
419
-62
105
-424
668
-135
-131
-862
-141
-422
106
905
136
626
-559
-803
789
694
421
109
-1
616
-957
30
-602
-474
-608
-357
-73
303
554
-759
-992
-957
-224
-780
-29
678
733
-756
-572
240
-560
-170
-819
-764
311
-64
-383
171
394
837
-644
300
628
633
-119
747
-805
626
-514
219
-527
499
2
-783
-637
-10
287
-73
-946
-252
-606
-711
546
596
-720
-417
783
479
-206
440
-964
-420
160
-577
694
717
636
493
389
196
197
266
-949
-189
-755
801
-459
719
260
384
-428
-96
-333
265
-267
648
900
552
764
-275
286
480
464
453
-833
-284
-849
-979
-829
-257
18
-138
-927
49
-276
908
756
791
-196
-460
38
-362
-271
290
-840
771
-163
-668
719
418
-622
-337
217
-743
730
52
350
-833
915
-642
209
-329
-410
474
-124
803
760
-301
-533
-569
58
554
777
-884
-117
-673
-184
-371
606
-914
388
145
534
24
-250
-715
333
493
111
-267
340
-125
-726
55
-731
-458
-140
-91
228
12
-537
-667
-860
-300
-974
-234
-954
218
-92
-855
859
857
-489
-198
987
-50
-854
953
655
-956
759
153
424
-686
371
-843
754
-67
-621
122
-797
683
12
-315
-306
5
499
809
-876
-904
147
-147
362
-983
-516
720
-443
-590
985
474
-430
-786
-182
-560
-94
-516
-48
-333
-46
739
231
-42
-199
371
973
-534
-389
-781
977
-279
459
173
-809
603
61
-894
952
-169
-215
587
-251
-6
-773
-627
-404
-531
-729
-440
500
102
-935
-820
867
-626
-85
-407
-113
-854
-975
-478
0
232
-18
-612
-524
-632
-791
937
477
116
-263
-757
-11
-418
173
135
129
485
-295
120
756
402
-149
429
442
-923
-692
-928
-859
-952
434
436
-76
-548
-863
-102
111
-968
-319
-288
-224
-197
667
-777
-405
-406
126
319
846
410
254
-287
-317
268
556
472
578
-864
-528
957
819
663
-78
-994
-814
521
-519
987
-629
959
-709
861
-75
735
-941
-110
731
-14
496
-327
-747
131
394
582
-459
166
-673
435
-530
34
-212
-940
687
284
-841
469
684
-782
-423
946
861
-687
-759
-413
256
-28
-125
577
-246
361
-88
889
-117
-831
335
205
112
20
-151
993
-159
799
850
-743
-966
-421
-460
-404
39
-725
-779
676
441
802
576
-571
-251
-386
609
88
-868
949
-150
852
485
282
-189
231
966
220
-514
-586
-879
-196
-136
319
779
249
-644
-57
360
-583
129
181
354
822
-764
602
521
-142
-880
-437
-108
569
-503
108
949
322
-471
299
-629
657
466
470
289
172
-78
-854
-876
696
-76
714
-287
975
194
-440
125
784
472
275
-530
36
277
-659
-522
104
-805
407
545
844
165
-645
820
438
40
326
709
-140
162
80
713
413
975
361
408
530
-501
-46
-531
438
-494
997
-935
-522
386
482
136
-441
994
808
-357
44
-564
-964
-108
-367
981
520
337
-249
286
835
351
267
-285
377
271
-43
-95
631
102
-38
484
5
63
-337
189
400
347
619
739
-381
-823
327
-463
321
112
-428
813
-702
-312
665
-167
536
-87
-904
674
412
908
76
-202
-214
-323
578
-541
534
66
176
-822
-615
-843
902
-750
-260
925
-224
-280
-225
715
357
-140
551
-128
-209
-1000
-462
-356
551
753
-872
545
188
-288
-624
614
464
-702
396
136
431
-117
-398
490
797
-14
999
253
91
294
-118
410
214
-210
811
-548
380
93
406
252
-933
356
-352
452
376
-894
13
-940
137
151
75
659
-912
-506
-674
-243
-732
-72
489
-565
-35
110
966
881
-404
-210
-366
672
-891
-770
920
76
-374
895
408
999
181
-335
708
-308
-287
84
-153
904
-186
30
354
467
127
809
244
-451
-391
-284
390
-845
-405
-743
-448
-208
349
-257
587
-944
-426
-794
484
-352
-906
111
698
-303
-708
94
-972
-980
-667
-40
-398
415
-830
-74
-482
-330
148
348
-194
900
-553
691
122
208
-376
754
132
-563
708
332
-279
226
943
-814
-846
600
862
937
103
-398
529
-330
113
822
1
486
-198
-327
-895
939
276
938
-812
-192
18
980
-485
-643
599
663
361
166
-295
-224
117
846
49
-731
-789
217
-413
877
-288
270
836
-484
-449
811
-148
716
-427
372
250
86
565
579
46
-576
985
899
-569
433
503
-952
826
-240
-693
-379
-389
-997
-106
705
235
515
227
-236
639
596
994
491
-408
722
179
699
500
526
752
-878
-511
889
-969
-312
649
656
931
741
-881
117
870
797
452
270
85
-970
-955
118
-224
794
741
610
-596
232
-109
14
863
788
136
790
-744
-657
671
593
-8
401
577
-569
-607
963
-564
979
-535
-551
-993
-829
-230
-980
485
924
538
710
443
155
-941
54
751
-266
270
-844
504
321
-720
-209
-436
-643
-927
-559
-94
187
740
-236
405
894
424
413
-479
-563
-277
231
-371
-280
998
251
677
-478
-759
715
-270
269
-701
878
72
612
637
-923
957
-495
340
-420
497
591
-382
-195
174
569
120
654
-419
273
-182
-166
418
-626
-473
-387
-666
348
979
-519
879
711
515
166
-578
610
868
-425
260
-511
344
439
-910
392
878
-95
540
-390
-659
-849
904
-269
-4
635
-423
-767
-687
81
-413
141
533
-987
394
328
-879
-159
988
-592
151
503
935
98
926
-571
696
-263
-117
486
-847
-988
-503
116
22
518
-650
-964
245
375
457
-22
575
808
-669
835
-41
356
-319
-830
-26
-207
-277
-950
665
-266
-467
170
328
-169
-161
-786
115
875
898
-846
459
-657
-38
-399
90
-109
-237
300
736
882
-751
375
683
271
-72
-563
-814
730
548
-285
462
226
710
-502
-907
-747
764
798
757
-125
-740
156
-726
-143
-531
160
556
-439
881
556
-744
574
-125
-220
-568
269
-151
-954
802
-833
678
40
266
-533
-657
-54
-891
488
679
-678
699
-976
-886
310
280
209
482
-501
-945
269
617
-899
411
529
-420
-992
-828
-830
-839
594
-518
659
981
-629
-47
115
491
221
-278
-108
-156
614
393
-234
512
804
-856
-286
-673
-280
407
-845
-769
-189
734
926
-718
93
-414
402
523
-172
-177
-326
-92
-207
-568
544
-689
-489
-984
684
968
101
-188
-695
-557
-373
351
-920
-473
953
57
511
198
-878
-699
409
248
-417
998
593
-973
-368
-971
713
-887
-978
-334
900
62
-324
-428
-268
597
-596
750
861
-570
-290
993
-247
941
-94
888
357
674
943
-572
-520
-351
-676
804
-461
486
379
-896
-540
679
886
914
5
477
673
562
897
703
527
-19
-25
29
353
-303
215
615
-871
872
169
360
-68
910
-643
754
-826
-672
892
695
-712
979
510
-319
828
-930
661
399
921
582
-425
636
-30
-572
921
-563
344
-892
-810
439
336
-275
-65
-469
-176
728
-100
-432
194
-161
-128
-965
-773
739
203
-820
869
-551
858
24
792
-957
153
559
-616
-217
472
-118
-824
-34
379
-765
812
171
-693
-48
476
405
-534
221
228
-141
292
-491
872
-572
-448
781
661
88
438
285
99
-754
-981
-517
-921
-390
-952
422
-860
626
681
941
577
-618
-511
-934
-746
-630
762
-354
-624
-174
-342
-583
-876
841
737
-138
-592
-915
-97
17
-355
250
723
566
193
369
-67
-761
225
-651
-43
170
275
-973
-187
-579
-975
-325
881
-297
-967
-369
-761
-292
-878
-41
65
-692
-358
750
-968
-616
538
780
386
994
-277
-367
236
625
1
-325
-190
-370
-875
788
-837
670
721
124
147
-948
-939
734
-736
833
-890
-47
965
35
102
13
-12
-729
271
744
334
421
-968
-259
-217
631
90
343
133
797
-644
143
-25
96
747
944
-621
960
-74
643
-329
-291
69
412
848
367
121
-336
601
690
-18
-735
619
-703
-658
776
243
141
-865
174
210
571
-356
903
-562
424
-926
332
677
-679
273
963
353
-301
434
860
951
-29
631
-278
-230
268
-931
797
349
219
815
392
-763
-584
-699
-156
876
-821
-23
-112
322
265
-54
-109
622
-102
-887
32
-701
999
529
901
-307
-763
-604
336
-357
473
-80
-723
326
-9
736
-400
-385
523
-722
860
56
195
935
735
664
-729
215
-870
-414
726
852
-144
815
-770
198
122
311
-792
979
948
735
493
-119
-808
493
473
-587
469
-393
-981
-832
27
537
485
41
-650
725
39
46
613
276
-142
468
-970
-117
300
742
-193
-231
959
105
-437
-292
797
-418
912
-380
613
225
729
495
219
-241
389
179
295
884
-437
-613
588
546
519
-424
499
702
-522
-343
771
-540
-534
-762
-705
586
-294
437
589
850
586
863
-737
-839
-414
333
-465
493
381
-932
-981
-692
896
-641
907
-345
-491
-620
539
-123
612
-545
985
36
-131
802
-931
-118
996
798
704
858
-519
-781
-934
-206
547
3
-708
-160
-536
-315
630
965
299
646
-409
834
291
713
-273
895
708
-833
258
-357
-499
546
283
749
717
43
-598
-728
-462
835
-756
-722
399
-777
-747
-469
-54
-556
461
994
351
-718
660
134
-748
750
755
-194
171
-529
17
939
-835
-359
62
518
-759
128
896
-942
121
-476
151
609
509
-661
687
963
598
-467
210
-583
129
-823
839
887
685
-428
459
-201
-213
337
-278
218
818
-308
-246
-646
908
97
69
748
-655
890
-79
-687
958
-507
-915
523
-367
-940
314
-644
83
-323
-413
-279
-222
418
-709
174
746
-309
834
-276
-848
-33
307
-211
299
178
397
360
-337
-808
-420
-896
-633
280
-173
-681
414
-21
-631
-193
635
244
-403
-511
550
-566
-282
-105
-469
-800
-68
595
-710
-411
-627
-301
73
247
893
-148
-457
643
-579
-493
-147
887
150
187
-61
-87
-622
760
-53
144
168
-366
-738
800
434
-555
578
-621
220
693
645
675
684
-145
-503
-12
-584
395
-932
-322
-24
910
306
456
649
155
-655
-960
763
-551
-567
-745
-376
-992
-642
-279
-862
-515
515
-630
-633
-139
-299
-500
803
807
-159
-931
195
649
-29
605
-351
532
284
-50
145
76
735
-412
375
-89
312
476
-910
-224
585
-168
-759
-77
-541
840
321
-504
381
709
616
445
804
790
-175
-837
64
-954
-340
523
-306
-675
81
-767
943
-246
-967
-570
-692
-174
-231
-956
-700
-574
92
-901
-348
-495
-20
17
-542
-431
-275
-395
519
-972
422
708
102
-662
589
501
-500
617
45
-753
806
918
-169
-70
826
175
-174
899
595
-501
64
73
-948
553
-673
644
-696
677
-760
-107
236
73
551
856
458
688
936
-585
-661
-379
-102
8
919
475
-973
-441
-220
-778
-528
974
425
854
215
-144
254
-573
811
-219
-190
356
-421
239
-472
234
472
28
-128
-23
576
532
-723
-393
300
-270
-536
-275
994
864
-144
-997
-584
491
987
439
230
-955
-818
885
966
-55
-827
563
-37
-551
-64
-613
-117
-109
-693
492
-709
-590
360
210
-619
-495
-182
897
-120
570
64
593
941
-579
557
-317
-591
508
544
-238
-892
-701
-971
485
812
-635
71
417
-378
529
-112
-677
-869
755
830
250
-885
87
20
-517
137
889
-214
-34
-77
-184
690
766
748
360
-727
590
-281
199
917
-353
-302
-569
-831
-818
333
906
-654
554
213
380
437
307
290
378
936
638
-935
-512
-942
-107
-929
-784
15
891
-277
-129
27
-467
-827
-471
394
948
-959
-827
450
855
739
-493
790
-866
350
289
-415
993
365
701
-181
-641
-4
-411
-662
-902
-604
-374
-617
-561
-191
-333
812
-141
-814
-194
712
265
-291
65
223
897
764
623
-960
-534
-136
502
-252
504
752
-684
576
737
646
-934
231
-63
854
-487
896
-419
-700
-903
287
916
-335
-279
610
-958
-822
32
554
638
-675
354
580
-253
-328
366
-205
-948
-544
212
828
809
602
-556
686
974
90
-623
652
906
-682
597
968
-412
774
-658
269
-558
667
-778
-423
916
489
368
133
-851
418
366
627
225
-992
816
627
-406
206
727
-910
-155
-172
103
79
729
77
987
-117
-632
-442
-670
-979
381
-234
-425
-641
-987
548
-274
-552
491
634
-102
902
-196
4
524
-392
-791
85
230
550
906
-634
62
-434
655
-373
-2
172
-798
485
584
981
-824
-435
614
224
487
867
-593
-832
369
-380
-938
-798
223
529
-723
-192
521
-366
311
480
-719
-810
410
333
303
-443
-381
272
-393
325
-684
-966
775
229
216
528
-180
-470
199
-957
885
-429
-987
-374
255
-709
821
-977
399
-806
-372
548
638
-24
-752
480
-674
480
-978
617
-149
-820
-742
735
253
-701
-879
419
-854
524
-5
-318
-8
-515
221
419
96
-412
-566
-984
686
-591
-342
692
-635
895
-606
682
15
-18
-45
-179
514
-626
591
-727
-49
793
-635
-963
-332
781
558
68
528
548
-496
735
-90
50
-544
-320
11
523
500
805
-582
-161
-154
784
-505
980
-875
-337
-639
-99
6
-708
352
572
808
-173
-483
529
180
-565
-271
494
515
-509
-218
793
-311
395
-102
-676
176
-820
737
-467
-96
-795
-326
629
937
611
586
400
787
-468
421
144
-883
472
539
-627
-782
668
366
-227
-407
484
418
-948
-677
-772
-866
504
976
28
-481
860
-782
62
-37
359
627
509
-158
904
491
-484
737
-567
-631
688
-143
37
-22
74
268
-234
-472
869
-865
591
-934
856
-981
595
-807
841
54
545
162
-177
-482
-483
-841
34
414
651
176
-719
-375
-822
-656
303
850
-389
210
-390
-82
-483
-254
-902
-686
823
744
-493
-298
-847
607
-953
-869
-177
819
-213
248
-342
649
-924
-368
-499
-407
-722
80
409
-266
953
-268
-10
-834
-48
441
-682
-516
455
-403
-425
363
-672
-717
406
-891
-790
-238
-310
650
-489
-67
820
-692
249
910
-191
-681
968
507
249
158
66
474
-793
-736
496
-95
597
666
-672
-970
996
198
-220
-251
837
-79
711
-640
-617
-871
647
816
541
85
852
26
571
-896
867
-563
333
-19
815
744
-12
814
-35
120
526
591
746
-641
865
-115
-845
-416
548
-187
-32
-169
-919
-345
-273
-986
395
248
73
313
368
-489
946
411
27
935
466
-622
-111
-741
411
-347
469
337
-777
686
-142
789
64
-326
-987
54
907
-356
-859
-875
-990
-958
688
73
-52
-368
931
576
363
-455
485
-640
-927
972
416
908
-160
730
-146
-462
173
389
588
-176
-592
100
381
119
315
52
-930
88
36
457
-271
235
609
594
-600
847
-817
314
928
-212
431
714
456
-349
910
11
588
791
511
-246
-478
-491
-281
261
704
-818
628
929
808
-619
-165
-386
-622
-156
477
-366
20
601
629
-734
-352
-562
-864
576
778
166
42
909
-859
771
177
239
-375
517
168
334
-942
605
-518
-167
-136
-193
73
-698
343
582
-446
-426
763
-799
831
598
-903
875
41
-606
-900
345
-697
468
-725
268
-921
730
-588
-938
-584
774
359
-727
818
910
753
-277
498
-972
-476
550
374
-272
95
-53
402
-934
431
55
860
68
466
-626
-950
-557
99
468
-682
-866
135
187
714
94
-45
870
158
-506
-760
-693
-660
941
-548
695
764
214
326
812
-591
113
710
406
-353
298
-305
-469
407
238
-47
-432
-704
382
-505
120
-444
797
618
-601
260
-268
-304
-203
-951
404
21
-241
952
155
740
791
-783
-721
146
779
-811
-264
-841
-269
737
-197
186
932
-181
-48
-633
-750
-425
-635
720
-398
711
715
-370
461
-419
-258
658
-784
622
563
716
-560
-858
-231
838
603
145
674
-657
794
-691
619
896
-317
666
-217
300
-85
650
-438
-360
313
-693
945
724
-395
446
511
-746
-545
307
753
882
140
-733
-237
600
794
-998
444
-934
-235
-289
660
-377
-909
561
-393
249
362
-753
513
232
-687
788
120
361
499
-418
826
374
-768
137
-789
-341
429
669
832
170
108
-895
874
-324
887
-358
-806
821
-26
212
-509
-381
-736
971
-386
-654
-770
-58
198
-130
842
-767
163
-377
246
934
-364
-870
-758
504
-603
-494
533
-69
881
906
100
275
496
-307
721
-201
-319
188
307
65
-364
124
-125
422
-98
-135
-130
-755
623
347
294
-755
16
-44
36
-441
-715
50
600
621
227
343
-159
173
363
931
328
127
708
-597
-554
407
-745
-840
581
-426
964
894
308
-876
18
983
245
370
-45
-980
480
-977
-555
-497
-966
-503
-523
-728
193
-402
287
-422
174
-18
96
-863
221
-546
236
-85
-568
-308
-885
96
287
-486
-929
-689
-652
-87
-863
6
259
548
297
-627
-273
-731
651
-816
920
-744
-626
-376
-248
-838
-663
996
-356
989
-313
-55
-320
331
-951
-557
131
676
90
535
506
631
398
471
256
-7
291
-720
107
692
538
-508
-22
495
639
-465
666
-410
-781
-488
600
-730
-901
6
817
471
593
668
-779
502
344
275
-966
30
-770
194
460
-829
410
156
370
730
948
-569
-628
-760
-972
708
-824
-842
258
-256
-940
-482
-963
758
-466
-619
151
606
-168
468
781
790
-969
-380
-107
860
410
213
624
421
-489
-468
335
-595
433
423
-639
971
886
830
298
-272
-539
168
848
-308
-420
855
-993
638
-576
-639
-68
710
438
-260
-41
-56
-690
533
-759
-689
223
380
349
-181
93
-544
235
648
455
-925
863
861
765
-87
-327
-338
799
51
189
-162
593
594
570
-955
971
506
520
-998
-20
-187
-950
-483
238
-720
-941
-892
692
790
-986
975
160
-697
213
-646
706
-411
-469
687
587
971
309
-475
896
-710
490
9
-183
338
716
983
-823
57
-265
-427
-56
923
870
204
-741
-610
-155
836
-411
-528
-736
459
-9
-225
-53
-638
-636
-731
-853
213
-609
959
161
116
-379
-456
743
994
695
742
403
-919
928
769
-311
904
-507
-581
652
-21
-870
225
-731
469
-127
-164
-884
845
-131
-540
-29
322
-475
994
-557
795
932
193
-339
-128
-691
-160
-206
863
-389
566
95
908
-538
-749
-976
-520
-925
-226
246
892
627
-144
-205
82
-229
-788
-287
352
-909
362
706
-718
-8
335
499
-220
316
-757
-230
-871
269
94
-130
-774
-589
39
613
814
499
859
-824
994
321
-113
547
-26
-254
290
-103
932
-65
809
-395
-738
533
-776
859
-206
42
170
956
-612
-598
-466
408
152
-833
270
318
291
-113
-612
-1
414
511
-964
-399
-515
-314
568
-945
210
-900
-444
-226
256
-31
175
602
-481
-406
514
-210
620
-411
168
-93
-294
126
218
320
89
-469
-730
-624
465
450
-597
417
331
154
-588
840
-292
-290
-370
-223
-993
-66
-168
548
-850
160
54
-748
477
116
-398
-862
883
-923
384
-146
549
-806
-372
-99
-463
109
-622
-730
-732
-861
-935
-602
-471
586
157
-253
-50
177
23
606
-188
-912
299
-191
-781
489
831
472
327
598
435
-291
-468
274
-15
-917
945
772
-685
-860
604
645
811
782
362
-45
514
24
-559
-738
-687
458
-716
927
-731
-294
562
729
899
-629
379
-937
824
816
-32
389
59
-929
-74
91
-718
-32
-985
228
-850
100
-555
13
580
-381
-85
-200
-504
734
-238
-288
200
291
-387
-505
-366
766
-382
396
435
748
838
232
461
-101
-669
951
596
862
936
484
278
-707
-562
988
245
-504
-446
-443
258
844
-397
920
7
-738
426
-199
912
-667
-751
-697
567
180
930
-433
956
-267
-723
-629
-691
-623
-91
-984
-600
-181
-169
-763
778
-788
-712
-569
-750
25
267
-391
967
-206
987
-719
-814
-300
923
-306
474
-611
136
-291
330
623
327
-5
-159
750
736
469
-10
-733
-713
603
646
243
-557
611
444
-966
-980
233
-197
-79
422
-908
763
-738
516
436
989
475
475
568
-883
431
-315
620
-733
200
415
575
-570
-534
-97
-542
-706
-144
997
-339
852
577
-100
-68
-712
-81
-371
-266
238
-359
881
190
551
321
-639
-526
-313
39
-20
-527
456
-573
-828
-326
-245
866
-635
-289
-26
-792
-93
-280
814
-60
303
548
658
785
-107
906
33
-88
197
-770
10
227
125
-144
494
733
703
-578
100
645
164
-343
-631
-511
-739
789
-767
670
49
697
-65
-730
-504
-809
428
-485
-126
54
-328
-337
117
-486
-870
982
-398
405
517
851
483
935
650
-257
451
-79
820
-215
441
184
-188
807
-205
164
137
-870
43
-600
491
-976
-488
-468
277
770
452
-490
461
-450
629
-729
-863
-433
827
-383
-849
-296
165
502
944
-992
560
-212
-861
-474
397
-403
-350
-762
685
-789
611
-316
427
-943
461
165
-105
-620
901
-450
891
392
100
756
-117
255
-730
-622
958
460
130
904
419
-266
-415
752
-814
-920
461
109
481
181
-616
-612
527
649
-683
620
336
-358
54
-886
-378
29
-604
341
-568
-667
-715
-783
-190
503
-163
215
376
-439
-621
809
456
-56
-706
370
411
9
-995
876
-1000
-665
320
-996
982
-533
854
775
427
266
-93
440
-347
168
558
490
-108
-86
-523
847
-93
-535
573
-381
-495
115
649
-85
592
475
-90
-297
330
704
-126
535
890
-597
-665
969
-50
467
343
864
-857
-901
-731
624
-390
-982
238
-202
-889
-645
962
437
-797
907
179
251
-348
159
873
-286
344
-616
-641
530
482
-257
445
147
547
-645
3
481
337
546
-193
744
-714
-869
-420
-897
680
337
711
977
-528
-876
366
-362
202
938
856
560
-472
-205
395
721
-46
-822
62
634
686
695
395
286
-168
753
-224
742
382
273
83
701
619
834
-256
267
350
500
544
-465
-954
-33
-969
-90
-932
-299
90
248
525
176
684
-799
66
-997
-348
-371
590
61
300
-515
116
959
-808
54
371
895
-976
184
207
301
28
780
428
-429
-628
279
-71
-783
209
636
135
54
-309
333
101
987
-336
849
-486
-615
182
209
-547
699
381
-867
644
-386
-692
-116
488
-236
-746
-576
497
-456
585
328
195
380
-29
735
-379
175
816
-495
186
-54
485
366
-755
-775
-157
695
-98
567
280
-74
-653
-558
-809
106
-163
-195
370
-401
-967
548
-78
188
846
-182
-172
-698
746
847
-65
-974
-204
493
757
-56
-67
770
-906
-317
377
600
620
149
-77
-753
-185
-233
274
-148
421
-547
630
-790
444
312
-194
-369
-72
709
-582
234
-404
-92
488
360
-602
531
286
-10
468
184
-765
-847
845
637
745
761
974
326
-54
-396
-479
-2
95
-513
859
943
-41
-625
627
-47
650
-331
122
-182
-853
159
-805
-205
-477
-276
-911
-949
255
-920
-321
-220
552
341
944
-277
-197
-326
684
-506
805
805
3
-778
-931
253
-327
-164
350
-205
-562
-824
191
-938
249
236
-320
-795
-496
-929
-797
-369
871
685
709
-938
-158
684
-104
-14
393
-311
-930
-254
247
-607
36
-178
623
876
376
888
-532
-893
905
-624
146
-414
-838
-873
-698
-439
690
-229
247
204
803
368
920
474
676
224
-580
-869
862
746
364
755
111
-618
-185
-621
559
-232
327
-113
909
-381
460
729
884
148
-905
668
-145
271
-219
-235
950
-184
934
668
-907
280
-663
-384
999
-833
262
-224
-380
456
919
119
84
-648
20
-529
-65
-96
905
373
722
-605
934
-547
-128
-303
724
-68
963
-95
-609
260
733
397
-972
429
-96
-25
-696
189
-827
-262
642
-342
-147
571
-778
-761
674
542
-753
187
553
53
745
511
39
-845
456
69
-835
-417
-200
-170
-751
-220
898
884
-854
-747
135
-50
-664
286
828
626
-147
-11
-542
-308
876
-240
-79
685
-51
384
833
-681
-886
-582
405
916
-151
615
516
247
53
-271
21
-982
571
494
-26
-170
-401
489
297
993
-263
363
12
306
-656
169
-540
-416
-240
-185
-875
232
-309
-950
-433
845
-582
-325
296
-998
-931
-1000
-301
-589
-25
324
-453
-774
-305
463
30
61
884
208
104
524
1
14
-310
904
-583
334
119
-793
-641
423
507
-843
-700
369
968
612
573
748
895
-380
-703
-867
-425
893
924
787
205
985
371
424
-311
-513
-731
-381
-728
-166
-359
-198
-373
120
202
-668
-932
-482
140
-787
-600
-519
-615
-173
-515
-961
-387
-419
-127
-988
874
459
460
-936
553
856
4
430
926
156
-45
456
54
190
-169
-194
-464
503
-363
685
-427
705
11
236
-203
591
337
-215
399
614
-245
-286
-659
697
-930
576
-278
514
716
526
49
-36
798
775
435
222
109
-595
-763
-14
348
70
-125
147
-730
177
261
-108
960
247
-995
-514
810
-116
-247
210
-537
-988
731
908
710
930
-638
-696
-515
-692
517
-114
193
74
-644
857
-171
-3
-341
-938
-84
845
-356
-472
-484
-53
-72
-616
641
405
-447
-391
-341
216
-481
906
902
495
-379
548
-636
729
-449
867
-439
-295
571
-894
-686
343
865
607
354
516
416
-851
-885
-806
-746
248
-795
994
-837
-12
-257
-369
779
958
-865
520
174
-492
-313
276
886
384
327
-99
-620
-593
-56
214
-440
529
108
537
-13
-999
224
41
-886
963
-230
294
-582
-651
-203
-609
466
494
70
-718
-223
796
651
15
541
-342
31
427
733
965
956
831
260
336
461
816
746
878
-753
-86
-455
-324
-956
966
-303
-95
691
-245
40
-35
-33
784
306
-513
-30
-592
-728
-221
390
-442
696
-984
945
631
777
-208
-726
447
-326
672
988
323
854
903
998
166
789
-292
-84
967
18
896
814
-249
-108
2
-318
441
-660
-143
176
-206
314
-548
251
-432
236
-27
-905
71
-75
-619
-245
-826
309
297
917
-759
538
313
-428
647
195
217
-58
-453
845
-359
478
816
-420
919
-527
-411
456
276
-50
-240
-399
-236
-73
799
240
-305
337
-775
-421
661
548
707
-235
782
-481
895
480
-674
747
-241
-193
-200
842
-761
957
442
-52
-976
196
-42
-386
153
-261
560
-945
-904
-497
-589
336
495
-564
575
776
-615
-200
-755
913
-717
396
-573
435
-601
592
674
330
180
-62
284
-794
682
787
-332
-561
-591
-2
-642
931
-599
-299
181
-562
-357
-86
619
101
-721
-536
-725
-33
23
955
-70
-320
137
194
-948
-253
378
591
-509
-29
-475
-23
531
326
-6
-401
-656
598
836
520
857
-802
-813
443
206
174
264
712
-885
-373
559
-910
-599
-442
-154
-54
538
-873
108
-199
-925
-170
85
-551
54
-155
138
257
636
349
461
-501
-654
-460
618
-573
251
312
-1000
206
-989
-293
335
-139
483
747
-876
-148
-672
732
320
611
734
-188
543
-679
754
402
164
328
518
156
-71
-751
-827
-108
-749
981
-378
951
-123
957
453
466
-309
870
-740
-367
839
-52
-286
-635
409
-606
26
-368
-938
-484
76
-128
219
-647
416
742
315
464
-490
83
-908
-299
963
-514
176
-696
470
-60
-712
107
601
-596
642
-802
-381
-394
219
681
762
127
-49
677
966
899
981
951
-912
-976
-344
922
-695
3
480
-584
999
-702
-592
917
-166
725
-696
-8
397
402
746
582
88
467
-615
-67
914
-107
-978
-982
820
912
-731
-473
537
190
772
884
-991
314
-469
-975
-27
-137
966
118
69
-326
112
848
-788
-316
-158
-504
-251
496
553
-384
-601
758
-634
-19
956
-391
-770
620
847
259
978
243
-300
395
937
565
993
-784
-871
832
970
-475
-460
-713
107
-23
-769
807
-530
434
-418
-887
252
741
795
-957
336
-108
-970
-229
343
468
902
649
-332
282
94
-121
-208
818
394
376
-130
508
-264
-334
941
419
-796
-183
806
891
332
745
-203
807
642
256
-171
-460
-784
678
-284
-107
485
107
886
427
238
-245
-779
753
32
992
-475
930
145
452
726
-9
582
-368
-525
-767
-857
-714
-89
-321
-241
-904
-465
-131
-816
-124
-870
489
-381
-163
-3
867
-627
502
868
-432
-675
-595
-605
-373
-735
-95
-950
617
-88
-254
-217
-633
723
180
-427
-606
693
607
66
-861
618
-954
942
-107
-861
770
831
-268
95
-677
113
-604
-795
-701
-565
-485
-658
894
142
-340
63
-735
-26
33
196
886
-653
564
473
-759
769
-358
-751
803
99
-291
698
688
-210
-348
856
207
-751
-639
-243
-75
451
646
-630
446
-587
565
127
162
182
579
318
-944
-923
728
-306
474
849
-810
-741
-836
509
-332
-309
506
-769
-394
-116
-331
-313
26
-712
-7
845
257
-966
550
51
999
-821
-935
457
66
-667
775
400
307
-375
-475
22
284
923
-153
976
-961
363
963
86
-866
-865
417
-953
-460
683
-542
526
-866
-461
41
-724
328
-761
474
837
-256
-355
-722
-233
-727
-627
-144
772
271
-155
199
-783
145
77
945
694
-688
309
-536
-186
-814
26
-13
841
-77
-377
-260
997
-118
792
-535
-996
739
410
89
990
382
-689
-402
-98
467
-435
241
-206
431
246
198
293
64
786
509
279
-86
-552
-62
-316
-13
-244
322
945
-975
210
-774
-718
-658
-687
637
-55
-651
-142
-254
-422
172
-153
-184
970
45
889
503
725
-813
-262
-171
462
-787
-454
-127
33
434
916
975
101
18
-728
913
-531
-731
-332
-770
-851
-62
987
-639
362
-722
-104
-559
986
-33
-501
184
-261
539
-543
675
-497
162
131
949
485
-875
-427
-632
-813
561
-241
209
-545
364
-472
-322
-451
827
-675
-769
-957
-227
-526
207
920
248
-465
605
-198
174
-196
-821
-449
331
439
-622
756
-754
-174
-64
-79
-862
730
800
-419
-681
593
-940
430
898
-19
-640
-136
-978
362
-154
-201
909
170
586
504
463
-371
-62
-159
-899
-212
-132
465
-365
798
-868
-318
264
-178
-512
539
-341
-764
289
-174
-149
-625
-952
895
995
436
-613
43
481
-224
227
7
-782
-791
-773
-39
251
515
791
-638
662
-785
-305
123
903
-658
934
653
-134
-77
-869
223
-756
326
-37
-70
-606
-284
-975
697
-679
196
-180
-148
811
821
-101
380
-213
-397
-729
-231
349
-440
-115
606
901
271
391
-106
-758
-893
853
296
359
262
-899
814
-450
574
349
52
-135
522
57
-373
399
451
485
-83
-498
-595
352
-581
507
605
683
-655
100
468
53
203
-802
-23
356
290
880
-316
274
127
-21
855
-446
-288
948
951
381
-648
-80
824
110
-576
-805
360
-154
-789
164
-831
412
-744
-503
434
357
-976
874
-201
907
-209
973
692
-994
-64
14
-735
-764
385
-224
143
398
550
-684
505
-744
169
-204
-618
796
415
-35
602
-427
805
247
-964
-645
-855
-285
-814
463
-154
-544
-935
-508
87
841
-431
-936
-276
654
-283
-802
202
-722
-152
-246
429
-146
363
-968
-263
88
-453
-311
750
-589
807
458
-726
843
-881
-589
56
813
-776
26
326
-542
-132
-975
116
917
-562
914
-248
754
667
-683
207
588
-340
-372
782
-37
-568
-468
342
497
598
-456
-714
-248
608
-565
730
-310
276
-462
434
139
-492
-92
525
-873
-947
-161
756
-12
-188
255
611
51
-212
461
898
89
725
-397
242
388
990
-984
434
-692
-245
748
961
344
946
-559
-754
586
-449
-588
412
-344
-585
-585
-895
72
825
-324
-738
-137
224
432
184
-698
-810
-367
-860
-927
-109
301
578
205
-781
-855
560
782
-299
-949
512
306
159
-267
-316
-450
847
-609
-683
-317
668
-33
-126
-116
780
311
950
-90
-961
-949
738
460
520
-3
858
-274
379
-345
172
-882
2
-988
-838
-696
377
-868
153
923
-854
-693
-846
-489
-285
-276
-363
-75
307
-681
-98
-195
196
820
-752
-952
305
330
-147
-524
953
25
424
509
44
-160
-751
-514
226
-676
431
-924
-597
-562
-627
-838
577
8
539
-602
569
324
-251
-144
-247
-816
784
522
387
-838
-464
257
495
-845
536
911
88
-829
649
377
493
-86
-21
12
-281
-34
-311
-593
-279
582
-346
5
-205
-878
-946
977
130
196
232
-394
-78
63
951
-677
-765
-646
-144
455
873
241
-699
-226
-99
-55
0
616
369
766
-20
538
401
539
684
356
101
340
-385
726
-461
35
-837
-993
641
-418
-554
-284
-392
961
36
-582
-140
-690
347
368
440
-323
786
-581
158
-335
648
911
-340
-278
97
-825
130
-336
-134
274
-496
226
-530
698
-379
-709
225
-14
-510
333
-343
987
-164
557
93
243
656
411
742
603
-238
621
-830
-61
302
-985
167
308
383
-856
-780
-983
-131
-412
403
-309
545
-38
-549
-840
356
529
546
-673
-42
148
-896
-773
171
-633
-514
-230
-336
-236
270
-616
-5
-569
980
893
-353
-574
897
-657
622
-914
-80
-331
234
-769
137
810
-620
434
212
906
790
-107
248
413
988
611
529
252
-804
427
511
-764
166
-771
731
886
231
112
517
-151
968
