554
-570
303
-584
202
-947
139
-86
-292
764
688
-864
-982
373
-281
-324
764
-882
-317
-840
762
701
475
614
302
-160
982
850
724
266
770
84
-270
520
129
-14
-834
705
-879
66
-319
-709
535
-499
-858
299
359
480
-466
468
-78
91
835
-223
588
-52
535
269
-376
230
504
-737
-653
-550
98
708
-486
-856
658
-11
153
-33
819
-649
257
928
-90
-623
69
-991
-606
999
466
-691
-826
-187
-856
-440
807
920
185
865
-277
247
-132
512
-688
431
-226
94
265
-805
-393
-956
310
898
-780
-420
304
411
-90
980
174
667
55
97
-922
-17
-620
767
211
549
171
919
-689
517
194
-583
-530
237
913
-375
-104
-967
830
230
560
-510
-268
-587
-731
109
-402
-692
900
-828
-315
171
-840
-30
-156
837
272
-360
532
667
475
381
761
714
418
2
-232
283
289
-926
147
792
-444
360
-125
-993
235
540
129
-18
618
694
-287
478
-929
67
571
429
-176
916
279
451
592
355
-172
-394
-754
-991
-283
-391
-869
603
250
671
-922
-709
374
-722
517
-485
2
-530
-734
884
157
800
-945
948
-674
507
536
-338
392
-174
820
-516
552
914
647
943
30
263
-697
775
-26
-818
-615
-34
242
-11
968
78
-58
319
321
979
719
-972
-51
-341
544
309
284
986
379
204
363
506
41
-175
-879
816
-522
858
636
234
-772
-886
-957
116
-838
922
391
-375
-784
646
-37
-905
-726
542
-755
-261
-361
-52
464
-868
116
101
903
628
810
760
976
-24
-655
388
-917
744
-641
-217
-890
754
-750
-752
-26
-687
-139
-650
-812
771
-30
-30
-271
745
-460
-26
696
551
-136
-239
542
891
-480
-437
888
-838
595
-630
-246
-426
-27
-56
695
-868
606
379
954
617
745
-76
448
-947
155
-605
527
616
-466
391
-905
-384
-310
852
948
805
591
269
605
604
-271
-719
-164
951
-929
609
58
-635
-702
-257
-649
182
943
691
994
-425
-854
135
-805
-340
-953
18
-749
-261
-819
-574
364
-75
618
738
803
-96
557
235
198
-193
468
-985
-685
563
-974
609
-289
186
604
-9
-656
-218
-415
-111
104
345
-156
44
-418
-868
807
655
186
-609
-682
-321
-99
746
77
142
299
-238
166
-450
918
616
275
723
-440
747
772
390
-499
94
-298
-59
458
932
-711
-440
926
679
380
-113
-13
-392
-842
-984
-431
96
387
-964
128
229
954
-871
327
-631
-152
-54
-666
-35
-357
882
-756
-926
988
327
-106
-32
-455
459
165
-145
702
423
-837
-14
336
-832
833
-491
-587
75
392
-725
-28
588
-710
874
485
570
-388
-462
948
127
-765
680
647
331
783
-543
-151
-152
312
537
-974
-391
676
-700
325
267
995
348
599
-67
87
441
839
-532
-109
-514
158
-889
-290
720
-749
-430
-172
562
891
-923
106
651
12
-412
875
25
-307
954
-220
-241
428
-770
89
874
-933
104
-622
17
-888
-243
-555
698
-329
