6052
-840
578
107
996
542
-487
582
-716
-754
506
26
119
421
-884
467
-971
137
-380
227
-36
-590
-479
819
-536
245
-635
-857
-670
766
-669
-484
-353
-326
515
-16
953
719
675
446
92
-360
280
997
6
-992
114
-923
897
-902
-435
981
-627
571
307
-813
-522
-827
719
-967
-747
-528
-979
104
-30
263
926
292
-441
-691
791
-996
-896
-374
-696
-220
-865
261
-406
-607
364
448
514
-352
-407
763
-350
-61
-589
-250
703
-215
148
182
509
-407
-218
-541
54
955
658
-948
569
403
167
903
159
-710
102
-791
-231
-181
361
494
-10
-681
804
-362
625
-282
291
-932
-42
-453
-509
804
-187
-446
-706
-671
-865
-152
494
-672
942
-761
258
788
929
-307
910
-33
276
424
-740
-455
-386
960
-15
-720
644
257
827
733
635
-317
934
447
-245
712
238
-26
446
-383
-146
-707
-72
-803
-473
-251
593
991
428
811
-963
187
250
-587
-83
-371
69
-146
911
-921
350
-837
112
-923
497
-183
945
893
938
853
-937
-936
279
-440
716
-200
361
701
900
198
-524
593
26
105
854
677
856
-252
-44
-942
-11
988
-656
347
937
-908
-921
712
717
104
311
788
-659
-93
285
-828
655
269
-580
17
637
660
-726
693
-19
453
-428
-241
-397
-681
514
-670
-436
-539
-491
736
427
-394
877
638
33
779
-681
-731
-763
580
708
309
403
79
-347
-875
497
-34
929
-869
508
-685
-391
212
961
363
611
-687
311
-235
114
-113
10
-178
583
-415
931
346
-991
-980
866
-480
527
639
-242
-78
-138
172
819
-936
-657
568
426
-728
-392
-981
-586
-620
-166
-93
314
-367
-934
-868
-119
159
-439
-60
645
-215
-362
110
89
555
-764
918
-958
-277
726
-549
152
-394
390
702
314
-56
-651
-794
-73
-569
780
941
185
364
-207
-726
-244
-849
-618
-164
621
-914
-308
-801
-147
-343
149
606
-107
109
6
70
931
508
-421
915
962
-603
932
409
600
-939
141
-767
136
-166
-916
-18
-952
-112
-477
699
-498
938
806
563
-253
510
22
252
185
589
460
976
-487
733
-367
-934
245
-234
90
826
316
981
545
117
107
880
382
668
321
423
-172
-106
-293
-205
456
381
254
-210
-499
243
356
478
-357
-194
-99
239
-98
-873
262
-980
-182
987
727
42
-933
-596
-265
641
-549
583
-886
-408
781
850
-6
-484
455
914
-557
-388
-484
918
-952
884
-777
564
-988
901
-12
862
-37
-579
248
97
975
-328
-911
570
-514
930
-969
420
680
-969
-510
-430
190
618
-811
-763
-458
-658
-184
-5
-789
-908
564
773
-127
898
264
916
-681
-100
840
-273
-539
690
5
867
581
502
-969
-649
158
152
646
170
971
-944
393
-484
538
103
21
518
-720
-942
39
982
-7
-565
-803
-517
46
-770
703
314
-449
910
-901
171
432
466
302
-893
17
-817
-434
-626
-76
-462
-700
296
-461
-774
-121
-343
-246
-400
-333
219
-912
453
265
985
-237
294
400
-298
-879
654
681
-410
-77
776
192
-35
692
-945
190
-302
-273
389
972
-880
694
-356
402
745
751
356
909
855
-727
-750
382
-511
108
457
-577
-202
638
-457
-495
-23
-366
-961
146
361
-564
-290
698
875
-817
-836
-572
262
-185
754
-871
859
-238
-574
951
-817
-808
-121
-783
967
-308
-38
-143
-257
507
-115
-423
87
946
632
-218
-998
-228
303
-971
908
264
60
-112
-97
377
-18
-767
818
391
893
-553
-825
34
856
374
415
-857
-275
-295
-811
-596
53
-413
-61
213
442
-846
-219
-247
-635
373
-152
14
-632
404
318
-480
-59
-322
18
-815
521
448
-766
299
-247
401
157
513
807
171
443
-236
225
-621
403
-288
-330
-406
-691
710
629
-388
837
805
245
21
-264
-686
-533
515
-305
502
-565
-617
965
454
942
-331
550
-290
219
379
-922
-329
821
-1
235
-824
-446
848
184
792
-844
-849
-362
161
-107
198
33
368
243
-170
-403
169
326
639
228
824
-374
248
685
594
766
-434
937
-566
-809
-183
733
-609
401
-950
999
-286
420
-879
496
-122
-657
-52
-611
0
-573
-183
-671
478
590
-868
-622
-412
323
-228
678
801
-669
-233
74
-624
154
-698
334
747
-600
860
-255
-647
-646
-808
-107
8
820
585
-513
998
446
-431
989
-23
344
722
-428
-337
-613
-283
-876
-769
382
698
-918
206
338
698
819
-274
586
552
-888
-335
-598
-650
523
-341
427
-637
859
805
391
754
-233
238
-280
-346
829
-884
584
25
974
208
980
-884
960
-584
722
-135
863
350
876
-956
-927
-371
472
-176
-140
-973
-651
733
-57
18
-540
15
898
481
336
-309
-302
800
700
-230
-619
121
-648
-208
62
737
976
214
-554
-211
-815
691
80
690
903
665
358
229
-456
-228
869
-111
-185
254
-718
470
55
-91
-377
-2
-148
541
574
-788
-321
-566
585
-18
-946
918
-692
-943
-371
-567
472
-301
-611
727
132
-861
439
883
266
-748
150
-79
987
561
14
-872
672
-469
652
454
942
910
684
926
149
-782
593
-547
-683
572
981
363
-434
-236
909
-180
-270
-910
455
86
905
834
483
-675
-111
486
731
-55
-384
-901
785
393
-648
771
-861
-655
549
-415
-547
175
534
-252
908
988
597
-582
-198
381
-123
38
-933
-487
599
-339
899
117
201
122
353
-133
-276
673
-980
-390
176
144
825
758
-626
81
166
528
721
972
6
-432
-302
761
-566
-610
-593
-44
760
433
648
745
-534
735
597
751
325
-878
551
369
644
124
602
-905
-191
801
-733
515
-224
-829
-276
-857
376
203
-919
-908
175
-573
-650
734
-255
961
-225
59
556
781
827
-982
-70
-445
-314
368
-260
-924
-294
-771
-816
631
521
445
47
-35
586
-501
934
-62
141
-480
926
351
157
681
-598
-67
-511
647
-707
900
-786
559
-475
-975
-691
-110
-184
118
-300
951
249
59
-924
739
359
706
127
267
-973
856
531
944
-933
-9
8
346
-104
889
-942
864
640
296
-302
-158
-55
192
-945
234
235
-75
349
-681
785
-639
-728
537
-548
-634
-33
91
-621
769
-145
-519
-998
-545
267
931
974
330
725
570
-213
-852
-932
-72
-214
-139
-526
-660
171
231
-88
-942
250
269
-824
129
-271
252
62
-770
-774
-974
-779
-849
-737
875
-454
873
609
-861
-273
634
705
213
430
-269
29
466
951
-179
-822
-802
200
397
75
-364
665
-638
-532
-791
-719
-6
765
318
-472
469
-978
-833
-615
289
100
-648
-989
-92
-939
136
-418
-88
773
605
293
-895
-354
-609
-781
-70
981
281
318
302
-289
-319
-805
354
-544
-39
204
191
-485
590
-275
61
-277
782
55
-357
-340
-873
446
972
263
170
654
-949
697
605
-195
687
943
-80
124
953
-929
-312
912
810
-842
-585
679
258
410
29
-135
99
267
-888
-675
788
475
822
228
-31
246
-181
774
272
784
-706
-984
-562
634
-242
759
-40
849
146
772
-874
771
-259
299
-239
254
832
-303
694
871
442
-695
594
20
-197
691
989
695
358
-669
-205
87
740
-935
861
-596
677
450
223
71
98
379
442
300
-114
-195
-111
-3
-629
-871
697
-76
-120
944
10
860
824
928
-606
-676
-386
-121
265
-510
-412
-299
479
-904
747
-414
-847
854
-131
313
-390
180
206
-32
-346
809
49
597
-958
389
-585
-410
-577
455
-62
125
422
-820
-57
214
485
-283
-990
831
-377
-205
-844
-741
-622
370
439
-638
-982
-81
930
9
947
167
439
-455
132
894
-518
-465
-570
953
861
768
-437
552
758
-970
-36
99
-606
-453
11
368
626
-560
903
94
-684
-917
-882
-478
797
124
381
939
274
458
930
-284
-779
46
-862
453
172
75
-713
-218
-322
41
929
210
-89
445
798
932
-677
502
-396
16
279
695
666
-704
531
380
-249
-919
-957
507
-78
-998
-515
8
72
-911
581
-12
-803
282
707
243
569
-44
-394
-119
-749
114
-46
-687
940
459
805
-454
146
318
8
190
933
581
625
159
7
357
661
161
-964
704
906
-258
-64
-857
218
458
280
-289
-749
-604
-912
-114
940
789
948
530
-766
264
314
-17
-799
-666
813
-61
-546
-116
789
-744
769
-868
449
517
-816
173
422
-383
-170
352
-863
901
-350
-336
888
253
-868
853
95
891
450
-283
-73
935
-943
727
640
855
-977
278
-369
935
21
126
-821
-666
843
-218
930
941
-661
937
-568
-884
-105
99
-769
-142
374
21
178
664
361
-171
587
11
268
-74
613
-971
-72
639
107
647
-458
458
143
-731
478
59
-841
-82
429
363
-974
486
-747
-448
745
-15
-866
-69
-384
910
-54
797
-517
-850
-489
726
45
929
701
-788
28
-613
-633
341
-319
7
334
338
987
200
65
360
-477
-8
993
667
634
-113
-23
-104
-450
-222
-598
752
427
677
-556
-35
767
-370
-622
338
406
-488
-564
515
-44
240
-433
-98
-879
-672
682
-140
-146
230
319
408
822
560
346
771
687
-970
93
290
656
-861
-279
-995
589
-687
202
452
-3
-751
682
-761
60
452
453
450
-723
-775
524
-252
-905
-604
835
-485
113
-857
-107
718
136
607
-937
983
524
573
-358
906
-725
719
-230
406
885
-437
-653
263
-449
-57
-860
-891
-685
-952
-165
-164
-124
-395
-64
25
-161
-584
766
750
860
-847
-996
-781
-555
678
41
617
-338
-502
-282
636
-462
-440
-835
-332
-594
29
-897
856
838
-624
140
32
-170
-385
731
-635
948
-489
202
71
-640
-129
-625
266
-947
658
-932
-322
-967
695
-319
-294
904
959
-996
-651
591
58
331
-272
-836
982
-974
-29
3
229
424
-782
100
889
668
-356
216
-241
-907
369
745
-858
-569
541
-239
10
209
884
-261
385
-685
188
-906
674
-84
274
104
-819
-334
954
831
458
-661
-90
-205
770
-744
754
615
-780
850
10
-610
-699
-948
-839
90
135
56
-737
-81
-75
981
94
-842
712
-570
721
-754
297
-402
232
-930
-684
408
725
-843
-523
35
253
-495
-463
-422
-677
574
995
737
-793
775
690
619
94
-72
188
-311
926
-412
50
301
736
738
-65
-100
307
-174
-475
-814
817
-786
-762
0
336
-437
252
-976
-393
-433
-715
185
890
684
175
750
133
442
-4
800
-671
4
914
-972
-491
-120
194
799
333
722
-654
798
175
-94
-695
339
176
841
-665
-119
-766
275
559
888
-696
607
466
116
440
682
584
464
107
-72
317
48
644
-556
-954
-452
-630
-960
319
-944
-956
165
-173
-224
-736
-770
455
377
832
-544
675
-141
194
-559
734
2
539
-790
-651
-532
-849
-745
-809
789
-977
43
528
-74
207
48
-656
-308
-237
-980
632
-548
613
15
320
-44
38
921
-680
-3
-513
232
505
-164
-206
-497
-810
-920
674
355
405
967
28
223
404
113
320
-137
-599
341
-576
-695
875
826
-813
-817
-762
-947
342
513
591
234
241
-232
-459
214
274
-387
-256
-711
232
-320
313
-167
237
725
-779
785
-352
-536
-578
-528
-721
-783
192
-994
-386
-989
109
570
-10
158
-66
670
413
612
167
-348
-595
9
438
-382
-300
-621
7
960
-328
-351
-809
875
437
-504
-493
-639
-780
9
-580
-787
-55
-258
393
365
841
787
-343
302
646
577
420
-407
-695
-955
-788
695
-197
976
-603
624
-720
135
350
-927
-448
459
-468
-116
179
-365
-238
-983
345
-91
-898
747
115
-492
-398
701
-79
-190
-370
683
-807
-921
-937
-436
833
-934
982
781
553
716
191
-278
392
852
748
485
-287
-508
342
-391
769
-549
416
631
-840
372
-752
31
-414
972
-806
348
1
801
122
-826
-263
261
110
-117
151
178
334
663
-625
-105
185
15
-15
-895
-963
-114
-74
-299
-270
935
-787
201
356
-855
189
-862
-932
-704
550
568
42
-280
-824
150
-480
-307
191
-418
-626
-514
-310
-982
-555
863
-602
956
-310
286
988
294
330
-547
-396
6
708
958
-11
681
-200
621
970
-399
-438
-425
-238
81
946
648
3
-283
-749
-494
-388
-306
-267
489
166
459
-926
-916
471
-109
-326
270
835
63
500
130
-914
693
-655
389
-893
-66
-450
901
618
-615
70
48
-791
537
961
711
666
985
-850
545
693
288
-472
76
-838
-304
888
-514
-259
696
886
-903
-882
569
-339
-899
403
725
763
616
-635
-221
-47
313
-908
47
-211
-958
136
607
-494
923
-571
-15
641
-670
-263
-272
-714
160
-234
-347
129
-424
567
-567
783
-87
-528
825
-572
-205
-522
722
279
-634
-488
-372
363
165
457
643
358
-726
251
32
143
-461
-390
727
-727
-166
-318
138
118
66
-355
650
330
429
445
-51
958
-389
723
379
-804
268
-583
930
-194
871
-318
314
-34
51
716
499
-871
866
-593
-22
-427
190
469
139
395
-581
-506
192
611
-612
766
471
-36
-990
717
705
148
143
-276
-553
602
25
231
-729
-643
-870
-37
509
721
-845
-35
413
-930
-703
-652
172
-172
-536
4
-626
687
-260
8
505
34
798
-997
-919
-109
3
259
830
-556
-495
-229
191
-919
-398
-276
977
491
-309
-441
-365
152
823
-847
209
148
-900
-853
520
-672
495
477
809
533
-301
111
-633
445
-244
484
586
719
914
627
-938
-587
-495
627
-987
315
909
-366
-831
-506
291
274
318
911
-69
-15
516
107
841
-93
250
568
355
-754
-739
102
-723
402
529
111
752
-573
-881
196
953
-620
156
214
717
-990
570
110
-982
-662
359
74
777
584
-717
-732
816
-771
752
-496
-220
-68
386
737
795
417
597
489
319
814
-802
-212
-433
-172
-886
-833
304
474
-14
835
624
349
-832
-360
891
-380
283
431
934
671
94
656
441
-452
552
52
154
677
-804
128
-412
-487
424
-17
471
-523
-958
-565
-520
-273
63
-920
281
335
-499
-835
180
-981
-80
-272
-799
813
74
460
742
-461
275
-479
94
-398
-23
649
402
-952
-912
-190
-588
-803
-326
-611
-117
-571
994
-734
889
37
-13
-722
840
-801
-667
362
962
443
55
361
384
932
-984
-354
890
-931
-881
-361
-466
926
-725
842
-948
31
933
554
173
639
-718
630
339
-191
612
334
-948
-396
271
-525
-912
430
-487
-774
282
-300
11
189
532
312
244
622
586
960
-675
-983
-703
-353
919
-843
608
-974
-128
358
-644
-487
-315
514
674
80
50
-739
-546
504
-252
-220
312
-217
-705
-749
494
489
-645
-29
588
866
-311
212
-712
-911
100
-350
234
226
-717
103
-632
-976
-134
-595
-176
692
720
-306
-657
543
236
-438
799
-399
41
36
349
-285
-952
-614
-105
295
740
-609
-924
569
-960
-426
14
-510
125
765
-693
138
-456
-508
986
183
496
664
456
518
-683
961
402
-235
716
-252
436
-998
175
373
-272
-204
-847
-739
-581
-436
687
740
689
855
18
-52
905
171
465
314
-110
-213
-268
-384
349
-703
-589
715
-11
-313
-612
887
313
435
532
74
666
-388
597
980
-497
893
789
-367
358
117
727
-88
-955
-473
11
-765
270
-427
-944
955
497
469
-486
-801
444
-387
559
433
798
128
651
-339
777
-108
755
727
-859
-433
870
960
433
735
-785
324
-220
-797
536
52
802
985
-183
939
426
548
-610
350
924
857
486
-203
968
-569
-88
561
-591
960
-288
-983
545
-600
-906
-987
-458
-86
-721
-842
-6
609
-50
-368
512
826
-733
5
346
-973
-365
-977
-840
288
-360
649
394
-518
575
-982
23
532
-961
-688
-378
12
-423
997
-662
-759
-549
-448
970
279
303
507
-690
45
769
-963
-250
455
621
-189
228
69
-842
-609
570
-321
260
-467
-594
-653
-475
-642
506
317
291
163
-449
-607
774
360
-54
-648
-383
202
-897
-507
391
-218
-558
483
-112
-928
644
-707
-841
813
42
665
-837
173
-86
802
901
408
543
528
-823
-844
-341
694
613
-640
60
-872
294
-655
151
-345
-70
502
-111
635
-399
-775
-483
-884
-723
389
-785
-420
-40
415
-17
-412
452
-222
874
-902
-83
-133
146
92
571
-195
-667
460
-620
498
-101
887
910
704
-759
-237
-846
-93
914
-811
700
812
29
429
559
374
-446
-17
-379
-976
878
894
-684
204
727
-602
444
-956
-903
-682
-611
-557
-498
89
-42
-761
252
-368
200
-239
-840
-643
-727
-122
952
462
-924
806
934
-44
317
534
-143
896
354
-36
-530
537
-658
7
-997
924
519
696
-572
-576
679
769
-530
596
-233
600
417
312
-41
23
387
-75
-341
388
815
474
-656
-616
117
-284
-804
670
-533
-648
834
-757
993
-912
-331
772
-303
881
-620
64
-555
245
-92
-613
835
665
-437
-93
-380
517
-536
227
82
-797
993
186
463
526
804
-73
-782
889
575
755
557
136
474
283
362
-769
2
-855
-812
-938
-431
590
-895
-411
569
-578
-755
866
-560
-344
418
692
468
-80
979
34
527
-838
568
-883
534
981
-684
503
-532
946
754
719
-284
736
-98
123
-77
710
528
336
-764
-660
-46
128
-219
-154
-237
32
-50
-371
917
-299
-190
-484
832
491
-66
740
-999
322
-882
956
-451
-683
-145
-279
-680
-424
751
-714
770
-915
-352
368
569
-813
252
-239
-486
-660
-637
695
-712
-54
-481
896
239
293
-727
211
994
459
52
926
-32
-108
-730
328
-587
913
-425
563
205
-143
-349
-784
196
-720
-231
-418
569
-756
374
-144
449
-828
700
-118
375
224
699
184
-383
823
-766
-53
718
-943
430
625
251
-86
81
96
-651
160
-194
766
-248
-967
-911
464
886
371
-308
-963
-316
-87
587
-977
-162
-385
297
-619
-309
603
956
807
-37
-240
427
-216
-420
88
-705
-687
284
-3
7
432
665
-588
630
-228
709
-506
296
403
-699
845
-654
290
-984
343
-698
176
788
-934
-91
391
-21
-219
592
192
669
-274
-665
-37
-920
-627
514
856
-469
596
-706
645
120
729
782
324
967
274
643
151
407
-36
775
507
-609
168
-221
-418
707
915
561
-481
466
-432
-197
625
892
-957
770
683
-751
653
299
-609
-779
-849
772
-123
-960
93
-332
99
321
-46
128
-757
-718
-743
-567
481
6
-162
947
-745
-97
-270
289
408
173
821
284
-803
-719
-317
-701
-193
271
894
187
842
818
723
-664
-855
937
524
-60
-140
895
177
651
-189
-856
588
218
990
984
-280
204
-701
750
421
3
914
-195
-854
584
840
458
231
250
694
273
999
866
14
915
318
983
154
-629
581
-323
9
62
-689
425
-842
-224
646
-673
406
307
-729
-132
398
874
-377
624
255
-901
689
-13
399
-109
-3
-376
709
964
318
830
-431
-775
695
899
261
683
635
-508
932
316
-895
512
-442
-688
-544
971
85
411
-483
-787
455
885
190
922
-920
906
-215
973
-813
-641
862
429
909
175
429
-238
638
-349
902
464
348
-880
-964
-446
-506
-583
-732
962
-134
-203
304
-619
68
732
114
708
660
-452
-817
324
-821
664
658
615
-223
655
154
-660
-299
650
-286
-911
50
-929
298
761
955
-877
711
-296
499
-291
-684
-741
411
-971
-78
-492
-375
-325
-956
35
993
-189
-400
369
883
958
658
-794
-672
725
-829
-822
-374
863
-63
-664
-584
913
796
879
-989
485
717
-14
47
-333
-78
511
-663
-581
-182
29
-886
325
-310
990
-523
880
186
68
659
-41
-801
-880
728
-302
-75
757
-815
840
-264
75
-307
-79
-689
-48
-699
-950
790
-103
57
-478
183
198
313
257
-572
499
477
761
-300
-470
-863
564
-392
-282
-384
-339
-56
-813
923
-550
-146
-927
-426
311
-289
-936
624
-98
-783
-363
238
-574
190
66
674
972
-284
547
-563
684
421
333
-850
385
722
689
245
-653
543
-986
-71
701
-829
-811
643
-279
-833
-419
325
628
-616
-9
-966
16
883
-475
778
232
268
131
138
-2
50
-177
-593
400
-670
500
77
-486
959
-222
-272
-731
-293
-6
-746
988
117
165
631
-529
319
708
690
112
-854
242
-907
-101
-320
-410
-792
-525
-146
-203
-793
407
732
276
-630
820
859
-373
83
84
-726
277
-876
-924
-204
-813
-662
3
-919
-64
138
550
71
-561
582
520
-122
-831
299
-913
-851
-780
-902
826
-364
805
-686
-186
-553
757
887
736
-125
137
913
501
-432
203
275
341
-165
62
469
485
-369
-961
113
884
-496
-728
-121
-523
-301
830
781
-37
797
90
-361
-396
-217
-508
-929
92
-53
-86
-256
-766
-83
-15
165
279
41
-973
-967
227
-555
-570
-806
465
530
-946
-944
811
693
-648
-844
592
988
-473
606
-46
831
-820
-17
620
-795
14
375
320
-144
697
-508
287
-58
226
-359
530
-740
-935
694
-107
-559
-713
-39
-797
693
759
449
-483
-715
-783
-469
995
467
545
-692
693
-314
-202
185
-141
-5
183
-123
401
471
-832
696
534
138
-38
-999
-508
1
504
-312
-526
-311
541
-694
788
923
-453
-910
-564
-8
-201
-775
-950
98
441
-887
111
-316
975
-548
-545
-961
-336
-692
869
739
238
-778
-640
710
245
672
651
484
-480
-509
-69
307
-438
871
609
897
210
634
79
-804
136
-707
727
862
821
283
575
211
-985
-905
225
-151
57
-751
479
659
753
-428
36
649
-878
-337
277
-432
-286
-578
902
306
-922
-844
-391
697
-374
215
529
-723
61
968
404
-793
840
-258
159
961
959
-210
180
205
128
825
719
287
793
66
-634
407
-122
-822
-322
447
168
-694
922
-547
-863
317
-961
-875
283
567
-221
175
792
-107
-61
-208
740
802
-428
392
759
-588
849
471
-777
-767
291
-868
-21
481
-417
-980
954
337
232
347
225
193
342
-470
883
-405
-689
574
731
848
577
201
173
241
-191
-345
-566
-889
574
566
-174
415
975
739
-588
-698
91
541
-79
604
727
440
687
360
-951
-271
-151
-232
652
697
-333
-397
-276
704
332
-434
-975
-481
-788
-969
617
337
509
161
286
191
966
396
-905
-937
321
-880
73
200
-578
-762
110
333
-607
211
-978
-237
471
-830
922
-263
710
509
-728
-429
626
808
184
811
747
378
-972
980
468
-520
-490
444
-257
-352
-204
446
371
143
151
481
976
-753
122
-143
-903
-831
-867
-488
-177
-589
136
-568
271
-866
-803
-760
-574
-994
-474
648
-829
-706
-690
-110
-323
208
-132
143
-302
743
-519
-109
-344
177
-158
-969
637
884
-902
865
476
-701
951
114
-312
-580
-836
684
213
-46
87
-419
-10
211
241
92
64
-875
-589
975
-194
689
-728
791
542
172
237
-344
377
-706
212
921
351
-111
616
500
96
920
843
411
888
-247
-293
-40
-590
-903
84
174
-627
-686
-673
49
-564
-861
695
-657
-618
-492
-532
-518
718
-779
689
-237
670
498
15
-668
-356
37
-755
89
-161
-760
-105
556
-166
-811
411
-644
950
636
675
-134
351
560
892
-336
-859
-674
965
158
-302
443
835
-446
283
-183
-303
771
-176
262
-219
-149
637
-622
606
158
899
-374
601
827
-863
-570
35
-530
219
-165
649
383
253
909
-869
491
-23
341
207
204
-852
731
385
-152
510
433
-472
-669
-216
683
132
-94
-768
590
884
109
368
-348
-780
624
-139
-695
563
975
-205
-634
386
-157
-10
-249
-952
69
979
219
979
405
45
664
330
343
-653
-24
749
251
822
-604
926
808
857
-581
-40
-347
209
287
-963
-540
572
12
-881
-662
638
-10
-508
15
-234
-50
-724
-833
767
256
-866
762
898
-564
782
-114
-55
543
-196
847
670
-370
118
-527
-478
-65
-899
578
-406
451
372
-74
852
-796
-603
767
55
-505
63
-743
-520
445
298
864
921
-548
-630
479
236
837
817
-970
869
114
-769
823
-979
-242
837
-659
-589
-768
-552
105
-19
133
896
-38
-436
-598
400
-56
893
-749
992
-882
588
-565
5
-750
435
-712
-669
-255
-847
794
521
156
-171
896
282
809
-583
326
124
536
348
959
41
-813
856
76
-77
-272
-718
230
-475
-634
-881
173
660
186
-541
205
516
-11
-731
26
-233
-685
223
-487
512
-981
-446
-406
854
-762
758
741
100
-674
-306
-784
685
-236
74
-678
300
286
-970
-425
794
-901
960
-935
-583
-652
-585
423
-307
465
-401
604
858
-219
800
479
-903
856
990
59
548
943
4
826
961
-775
714
-637
859
-936
277
-756
955
-453
-787
-898
326
-860
26
-28
-768
682
392
511
542
-899
-999
-534
-711
-430
-647
-348
-530
-678
-979
-625
-109
291
741
-716
148
522
-784
-383
555
-101
271
-143
14
-200
-366
-186
-174
274
-930
-635
78
646
-160
45
474
775
299
-314
246
788
-3
819
-745
-811
-849
515
-772
344
-244
169
-705
-734
425
-266
983
4
-830
608
-806
764
-922
-335
-657
-700
88
687
-319
-644
-329
531
-240
143
279
-168
-734
-188
622
994
151
692
-197
-759
-54
98
768
400
675
-532
800
-202
249
125
-557
313
-827
716
119
-207
33
964
-799
880
784
929
-479
964
-857
-972
-525
-73
-967
515
-462
-588
-48
-112
-697
965
951
180
31
-771
-747
504
394
63
563
592
576
-406
-577
821
286
561
233
909
94
475
874
216
997
740
245
-694
-891
-226
38
-576
-621
-600
-122
833
819
-936
-287
850
-545
-728
110
-42
-41
555
269
945
530
-261
656
615
338
-736
592
965
246
190
-256
11
857
-116
814
261
-793
-132
22
-187
544
-164
-383
847
-139
-600
-6
-415
-113
730
-159
668
48
-480
889
883
721
-809
540
-177
922
-567
94
-356
608
721
-82
628
648
-233
921
102
-22
-388
425
-365
-911
115
-741
293
-594
330
-449
283
892
596
648
-667
719
613
306
-87
-26
73
531
560
-385
-79
682
673
249
75
548
-217
-875
349
-834
193
54
29
-715
-202
23
528
-135
-494
348
-3
-528
898
-816
-227
294
-280
365
530
466
267
-549
-335
388
255
383
-691
11
-484
-539
898
-781
-194
88
-262
555
152
-98
-753
-987
949
993
-946
-170
-243
-200
468
925
-672
-876
-392
-431
850
838
356
770
-509
46
-975
994
105
-658
-97
-851
653
-19
622
-381
911
-25
-340
726
183
417
-997
462
745
-805
-195
-854
-524
959
399
818
551
965
-673
328
-736
-487
796
-372
-861
-300
409
110
723
-26
765
-306
-640
262
842
240
-371
-672
39
828
-68
493
588
-399
-983
-495
-742
602
640
-435
613
296
476
788
384
158
-516
-629
595
-932
740
-982
282
67
-482
815
-867
40
331
-447
7
-92
778
818
742
-649
2
846
-289
-916
896
-176
587
680
-376
20
-831
444
42
-937
689
-470
-957
842
-821
533
573
-186
842
-607
-796
-967
896
345
997
126
878
783
469
-853
128
-626
139
-172
-988
-549
299
-883
53
-150
352
492
-456
557
149
-707
-910
-665
-511
639
820
-257
877
348
-332
0
418
-842
681
653
-908
-628
691
-558
-731
364
-284
-763
-297
-430
735
267
866
271
-261
120
-162
261
612
-306
-834
94
271
-106
-55
-948
88
-803
134
-932
-806
853
835
-124
954
-339
-654
75
-720
-949
273
776
-414
-715
836
610
463
-913
513
150
389
286
-984
-633
-864
-709
173
-208
400
324
996
-395
741
-804
-249
456
-374
35
-409
519
635
96
92
-382
900
-566
587
74
-489
-570
979
-219
506
203
964
270
411
497
-835
-486
0
424
224
-107
-881
-203
-860
251
-217
695
-42
914
-614
504
398
-396
263
-417
-727
443
-696
-926
-584
469
453
-728
-252
328
-366
124
572
-130
332
958
782
-703
588
772
-82
290
645
-850
-491
322
208
23
-472
212
-463
-185
436
-262
837
-106
435
-933
106
-790
302
-393
-276
-799
832
17
168
794
274
-405
542
366
920
128
792
444
-169
474
-719
818
-31
-333
-620
-8
463
-295
946
-698
-327
-453
-945
373
245
528
-438
-253
-918
-697
-57
608
832
888
875
614
-329
-294
52
69
256
718
-270
684
-517
872
197
852
-338
-755
100
-890
-818
-120
919
-899
525
119
-654
-970
209
-109
15
-316
893
461
-41
-432
478
19
604
29
356
-495
-554
-199
747
-171
392
560
-107
523
-386
-37
821
-761
502
-42
-597
657
280
-449
-825
201
194
121
-980
-516
485
-128
66
640
630
-825
599
233
754
-466
612
-322
705
-672
-136
-395
933
-824
915
-213
527
-141
577
-192
782
480
481
-993
-906
868
-512
-485
521
-101
-57
-876
-236
-119
158
681
217
-402
683
-56
-508
535
523
145
-500
-799
572
-984
728
-199
85
-359
-357
-465
-494
-250
749
-855
-305
940
664
-524
-528
676
748
981
-180
213
639
573
468
918
437
-421
-125
-767
823
-149
547
212
-541
-820
969
-159
-672
176
623
-252
-596
-180
381
-779
-779
-177
-653
867
-64
-480
644
-479
505
-49
-270
-979
-73
-786
-109
-165
651
-967
-931
-656
-91
-288
259
10
-701
-395
956
-723
-777
880
-916
-680
-620
193
337
-314
-107
-51
540
721
-38
9
-118
-703
-208
741
-561
-271
-421
767
94
322
242
424
310
-38
184
-268
556
-588
162
971
-639
747
-886
-580
-847
161
959
593
472
809
-105
30
-720
533
290
-541
715
-599
-580
305
-71
-146
334
-823
215
739
194
704
820
-242
529
-849
-767
320
826
-394
-651
199
898
-895
-118
301
-109
242
-905
813
-589
-866
-309
790
-591
420
-413
-984
93
-153
632
795
-299
-947
-920
-242
888
593
-609
-451
569
-13
513
412
466
239
-729
401
946
810
-204
-898
773
-568
419
-437
-530
-149
-385
-510
131
-778
-130
788
981
-656
379
473
-293
36
-65
197
410
-939
-437
-490
3
383
-236
-55
-583
-55
315
-852
-403
-202
-168
-434
616
794
195
163
-204
-918
-850
-812
-569
556
722
419
-946
-114
-667
-949
-574
674
-267
-442
-535
535
644
-887
-293
19
-753
-710
-129
-420
-324
418
-542
-378
-640
973
-572
-122
-885
605
175
-731
-735
927
388
65
-907
773
84
-947
-444
578
-41
953
-117
85
-147
-20
725
13
527
477
-219
-118
-495
642
957
180
918
-49
825
-475
-560
-656
-21
977
643
274
68
-890
-636
43
-117
654
131
-310
765
705
546
-951
-959
808
225
895
102
572
-136
610
-340
-995
496
-247
-4
-641
622
-192
-555
734
749
-571
468
-510
807
-945
-625
-979
-897
206
-162
-911
-706
253
-538
304
-151
852
211
235
-805
874
-622
-901
-540
904
-871
-290
526
-983
339
313
-377
-275
811
573
-704
397
852
-972
161
24
-910
-406
-810
-868
393
-872
-149
-975
161
379
847
-785
370
-381
-264
144
-174
-440
-525
-753
-472
663
613
239
-372
235
996
137
-243
70
-901
-802
46
-274
-706
-549
910
741
-342
-710
-862
480
407
964
-606
665
-50
-476
-403
304
769
151
217
156
-965
928
699
159
-554
-952
783
-952
850
-318
901
-286
-264
668
-264
-182
988
114
-500
-642
-504
285
-621
-32
-597
-631
-692
-934
-99
532
-134
-949
413
977
812
-433
-486
-787
958
-851
890
761
-421
-869
90
-875
92
140
-781
494
834
-343
101
975
28
-531
-29
435
-283
569
875
154
-66
-215
991
-679
931
-802
-27
-820
541
-198
215
87
-876
-997
456
-70
910
734
-380
978
-24
197
-733
716
527
-29
-694
709
-293
227
-179
-594
-374
313
-475
-725
5
-624
762
-519
145
307
-899
-177
-396
-905
-539
206
385
-475
580
306
834
-442
-619
971
945
631
324
-827
195
843
537
-542
-767
576
531
506
-523
-615
989
-7
141
987
-512
-170
-945
84
-667
212
858
-171
501
-526
-188
0
-593
909
805
396
469
325
-849
773
851
172
-759
-463
812
427
-618
-19
-381
-97
759
614
276
641
-246
-28
-467
-45
-692
225
-996
-699
-30
967
-634
984
928
-186
80
-566
885
-891
318
-800
-861
529
150
-846
-146
401
-512
-17
577
761
876
-751
711
333
-896
716
124
109
-915
608
-847
-481
813
894
-602
-261
-53
904
439
79
-194
832
838
-477
323
-590
209
-89
-585
-882
-273
424
-546
349
-260
-975
-653
-747
542
-434
-180
471
20
-244
920
-458
554
-435
-968
-286
-933
839
184
-302
-460
524
-167
-815
-799
676
-708
-977
774
870
-820
839
316
390
505
929
486
-968
493
270
991
466
-260
673
-239
-688
317
-483
-700
-479
175
-743
-190
-449
714
273
51
-468
-492
38
-758
999
828
21
-805
862
-394
788
-105
-610
675
-535
150
357
-356
165
-449
-631
-596
622
