4139
-192
719
-267
482
-379
-268
546
-44
744
916
978
537
6
-715
362
485
-251
800
-119
-290
634
33
685
808
-891
987
-479
220
-758
-263
199
503
-404
783
126
-289
-345
-418
576
-464
-374
-394
715
820
-784
-970
-166
913
746
-689
927
475
10
326
47
427
-642
440
186
-24
-152
665
-731
-606
646
533
-186
-498
642
455
-469
-198
-296
-729
968
-558
-577
-210
-373
459
-906
646
-67
541
333
173
552
670
861
120
304
-231
-507
307
415
-994
2
582
464
915
-694
612
775
40
-11
-723
508
807
-200
-669
-638
-262
-993
-982
600
-345
-586
-423
572
535
-923
-99
-505
804
534
764
121
-640
-908
150
801
-414
706
-552
-936
-740
564
971
859
-984
-418
-103
932
-80
888
-480
-364
-83
-950
398
-769
-728
-166
-772
83
-724
-801
424
-266
-212
705
58
-4
-336
-273
792
930
-37
188
-395
954
408
-538
52
-285
-125
437
154
468
676
781
561
644
821
-832
569
825
661
-877
-790
220
-587
-853
-972
389
-656
-76
-281
873
-120
-482
910
-436
-133
-268
70
-780
-795
-278
-131
364
-306
-558
694
-671
788
-421
-263
637
83
-633
166
429
801
920
426
-527
-41
-826
-6
-960
-247
271
-324
182
-106
268
134
379
-502
-197
750
-16
-863
670
-992
-791
7
-640
-290
-703
603
959
-655
-225
130
571
894
628
-633
-983
-268
-467
384
-348
34
139
972
209
-762
988
-1000
-323
-385
453
-287
-283
-924
255
659
-479
845
-68
416
-321
159
-300
-403
-344
-458
416
-746
-240
394
-30
82
463
-364
175
113
-281
794
-326
785
-990
-218
-193
-16
-710
-379
-920
380
-92
-821
463
-506
-742
259
-799
-10
291
564
-549
727
449
-352
260
83
-906
838
23
937
372
-105
-341
250
-688
-123
848
308
466
-680
233
-138
556
-294
-928
82
-476
530
570
-512
752
-530
409
175
701
-311
-184
-810
588
236
-170
-903
-374
784
818
-25
-870
-238
-689
416
737
-736
-460
-956
477
816
-413
-73
-333
255
-237
288
-924
-202
-387
609
-101
473
672
273
885
-438
-31
420
-787
-230
226
972
-316
-32
493
89
74
786
-530
-740
155
751
-789
313
-855
-769
-64
-789
241
738
715
-159
-707
-171
-943
-378
-666
4
-613
750
-253
217
432
588
-654
130
672
769
-686
593
-757
912
-533
173
76
-4
554
-427
901
18
-531
533
168
-669
-777
833
-897
-406
1
-130
456
268
286
-192
-143
-371
-727
350
44
-786
-628
914
239
756
-209
-308
667
-763
252
-122
694
668
-549
786
807
460
-257
-880
637
-608
92
860
605
-15
243
-348
791
-927
811
-921
564
-396
542
360
173
718
-931
-30
939
-841
-959
-555
-474
-805
-769
671
748
399
-137
-649
433
78
-599
274
-499
705
725
360
951
-467
-994
-544
-804
53
-663
-312
683
-288
456
-975
-800
-810
45
-569
203
309
-867
159
-548
-224
-492
185
-354
-394
-306
-300
-35
176
-615
448
149
788
709
415
-1000
871
-700
629
380
896
884
111
-609
423
-538
-880
-9
-676
394
-266
875
-189
569
-518
583
-851
-178
822
-160
-941
946
290
517
635
68
823
-131
-659
401
-508
-333
-673
-683
-497
-581
829
-802
83
944
804
264
311
-933
-163
299
-576
-318
-905
894
-643
-869
-227
-762
-81
219
-521
-657
508
-785
-932
-875
-151
214
-940
335
-444
841
28
-423
-444
504
-397
-307
232
643
-415
-66
-628
625
-856
704
-485
-736
418
-393
46
-838
810
-790
674
305
198
83
807
-297
-414
119
868
172
744
-547
888
564
603
-820
684
388
-28
357
-27
489
-141
458
597
566
39
-807
-384
-728
136
-86
-916
791
929
305
-814
-517
764
-833
866
616
870
859
-669
568
-895
41
-265
916
-520
-651
-676
47
-275
-194
-593
334
-578
-526
236
-648
-777
-431
640
534
577
-816
-353
-266
759
253
98
130
-135
490
-760
248
-679
904
-611
-762
-29
226
-424
965
474
530
-498
-177
781
771
-396
-915
-55
-811
-111
193
-888
-777
-110
-836
103
388
-104
-578
357
-180
396
280
-137
-626
418
-513
-248
415
-869
928
46
665
852
-166
-88
-253
-772
108
-781
-791
467
540
-196
-520
-434
833
176
40
-745
62
-754
-410
82
348
-66
-483
-246
-382
-996
-95
313
-332
524
-393
102
389
-543
36
921
-22
-679
-431
-582
-164
-752
168
392
-567
-651
237
517
-648
249
236
-546
-408
-429
-885
713
148
-943
-741
-745
196
522
33
-167
659
-866
571
142
-199
-610
465
554
-795
40
794
-269
104
955
920
-923
832
889
433
-906
-833
234
-101
483
520
973
339
-888
-458
-278
313
-177
153
-701
220
384
174
680
302
695
-503
25
851
788
962
326
11
843
-935
691
-406
-693
-569
151
-559
-372
674
676
-118
449
573
929
-603
974
-550
514
-470
35
77
633
-742
-106
158
-538
519
-898
-38
-454
-388
-165
551
-887
826
84
530
606
-671
376
-921
440
855
598
252
-782
312
56
-37
-223
-390
-182
-630
6
299
185
744
-749
-551
-826
-394
570
798
361
319
337
-617
-894
438
978
511
-133
-981
591
652
-646
297
3
-938
755
655
147
-833
-583
712
227
-684
-971
682
837
862
927
216
-68
837
-903
52
846
-318
-596
-667
-104
351
-278
-896
-324
478
370
-810
550
-205
17
378
-148
-242
-266
269
739
-583
-962
280
-242
186
654
933
-62
-875
-257
379
453
530
-940
-684
916
22
-969
172
-812
417
-655
248
304
-509
344
337
689
827
-846
188
-468
14
872
87
884
896
150
-239
-543
-461
527
-729
825
-263
222
-713
74
903
-921
-429
-55
-216
731
931
69
-22
795
55
-219
-566
35
-24
-128
391
536
-150
-949
661
-260
849
-228
-367
-898
-676
510
812
-785
-958
-979
262
910
183
913
-120
662
907
344
-899
285
-640
-84
-114
269
247
-460
-983
-512
-42
325
573
-620
599
-903
837
62
-865
-648
-818
890
649
627
-649
-799
975
-208
852
147
-636
-530
-881
-508
-143
-630
-996
931
-997
-341
-186
-139
-595
328
-853
945
184
-790
-862
324
627
812
708
-844
-368
510
-626
514
492
744
833
617
-110
-372
-812
-845
78
-748
-825
-390
297
43
-652
-917
486
471
-348
119
-761
-188
-164
884
-819
380
914
-735
-566
338
-609
102
836
847
-221
-855
-327
643
368
989
-710
-35
-28
757
-811
246
966
311
-109
663
-148
-997
-854
411
775
-142
-64
383
-900
740
-659
-475
-945
130
827
-680
-882
-342
-915
-694
951
-168
985
153
-313
-167
611
657
-848
619
648
-661
-810
-383
-396
-302
-473
-573
-736
-906
-955
194
-917
217
321
-8
-956
-521
917
894
289
484
-867
-681
319
637
131
362
-761
-448
-217
301
-823
791
983
-116
792
-369
0
761
-766
-105
-463
78
-502
-364
233
-418
-989
-63
-83
105
475
-956
135
926
-415
-356
413
538
85
-778
-3
975
-933
-177
-653
865
-932
-300
295
281
-407
517
326
-452
-20
-664
459
166
125
297
-439
-16
109
751
-56
-399
579
-710
-727
752
465
-40
568
695
-974
520
189
-349
2
-906
-497
120
394
-156
-234
450
-474
-871
587
-122
37
915
302
-314
-419
441
579
164
520
43
395
-162
-34
651
-246
327
609
-364
-6
679
959
456
940
-792
728
-487
134
-943
-836
-899
189
-720
63
-492
960
128
157
-827
94
539
532
-28
-778
-584
738
-560
-327
-715
956
346
-850
240
663
832
674
-481
-137
-698
-71
351
306
982
166
-582
992
-641
2
-958
-78
-871
-259
-246
12
-376
-786
611
-449
-850
376
-45
471
603
-4
819
-754
-624
-107
-721
-916
274
-636
-304
-436
-135
-792
-42
156
-456
-823
-529
736
423
-718
885
387
155
-743
739
-533
168
-260
55
-489
685
841
387
-712
29
105
990
42
862
507
696
-274
330
-679
282
-635
643
713
-213
-421
-332
-286
-400
413
-190
985
843
920
193
359
-316
-96
179
104
245
505
-341
-61
-530
-650
-448
-703
105
-820
909
-260
-519
-703
-587
629
-485
567
691
-574
111
383
-720
786
-560
-869
302
255
781
-523
609
-401
748
613
685
-170
5
-909
971
347
-374
217
261
-555
-330
500
464
-494
-397
183
-182
933
374
-468
-343
666
-187
-136
-381
934
456
-470
-244
304
-883
784
953
-859
518
-427
-493
317
-547
603
39
-632
87
257
-261
-876
-202
-943
603
-817
-359
-7
-495
-813
574
915
899
-30
360
611
662
207
-757
-259
897
-9
196
241
-356
-870
246
-332
167
-806
847
-388
39
-145
-935
600
667
660
668
-55
-771
817
257
912
132
-234
-175
182
581
529
-885
98
-854
-259
741
698
-773
951
970
-86
697
669
-270
-454
826
-778
399
-977
-850
-168
-189
384
-976
-998
95
179
104
-474
-249
580
-931
250
945
273
584
-740
524
-331
35
-424
-147
303
-400
343
-780
478
439
-83
-147
91
-89
-785
946
-93
-690
-496
-674
208
820
615
125
995
17
-754
-976
-992
846
904
-980
181
-951
-640
754
488
322
-133
793
-483
98
394
-506
81
892
-274
-482
630
396
311
674
-678
-709
-549
-631
-26
-331
560
412
-191
1
-314
-69
-961
911
-620
653
9
913
429
52
330
-496
-258
-481
-765
271
648
409
491
492
-188
223
471
-765
152
958
-766
-611
-716
874
-951
-651
505
-500
758
-805
311
-285
-746
-958
-655
539
57
-124
912
875
838
309
-704
296
456
36
-357
-505
265
-210
16
-848
-934
-643
-608
590
476
590
-715
227
-450
752
-993
360
-957
-120
892
369
-337
-942
322
463
-146
-702
780
-528
561
-824
-656
145
166
385
857
131
450
426
-698
-645
190
704
-306
-908
-932
627
-562
559
84
-839
480
490
-433
-770
-759
-801
463
-823
-672
-445
985
-86
38
847
-752
384
598
235
303
-857
-837
374
-909
958
8
562
547
-297
632
-211
237
-185
-813
250
958
-243
377
174
-595
-496
-994
566
196
720
-206
-363
60
-417
364
-36
-219
233
34
130
-673
685
504
595
7
208
-318
613
225
375
920
-251
-689
754
-363
-784
459
-791
843
-466
-457
382
-680
-968
-514
-975
-643
138
-170
-238
-256
740
213
17
864
-342
-147
-750
576
-20
-826
-227
-653
-848
310
257
-414
138
847
-248
-788
333
437
-618
619
12
330
-277
63
-535
-312
600
985
15
-437
-498
-106
379
585
-974
790
-75
814
-564
-56
-979
792
-817
-172
848
-997
435
852
-103
-366
286
-368
-748
740
753
-60
-786
623
910
320
376
-813
680
-643
586
-147
947
-281
213
-482
-566
-325
-623
-616
-241
-562
149
-555
-787
103
-700
-413
-119
-742
628
-592
551
-910
347
30
-951
-86
-766
643
-462
-823
-917
335
-615
-424
271
539
-919
-672
-816
171
-363
-971
-3
-513
25
-999
276
-772
923
-2
689
-446
-768
524
-939
425
-964
507
-366
317
-127
894
-125
243
856
-4
-232
-873
-866
-164
-722
-540
-411
44
93
462
572
-754
604
784
809
160
-913
-259
-238
646
-160
677
-517
535
12
-650
233
0
-284
-644
-347
-760
131
215
-963
-286
-993
759
772
152
393
-857
953
-389
687
-397
438
980
753
535
-449
341
-496
5
746
145
450
-158
766
-764
819
46
915
-192
5
-209
-375
262
200
617
-427
813
-860
252
-186
-782
435
361
-106
125
684
-478
-148
-437
-518
702
590
-419
59
709
3
189
532
-994
374
408
466
-909
423
-596
491
-979
492
-353
579
354
-411
-551
-805
759
-163
0
691
883
-420
654
-576
-621
-630
-815
361
419
-451
430
-181
-161
851
931
-51
-474
635
-824
445
-40
142
-319
537
-692
-37
-173
-6
65
304
-976
-869
31
-363
97
-953
-120
322
687
640
-32
592
845
-932
950
-3
-922
-838
782
-935
-738
755
-163
334
-120
-69
-896
-164
532
966
793
-430
-766
119
-856
249
-1000
612
482
890
603
949
-208
192
-803
-244
886
904
-252
894
606
693
-525
863
512
880
423
492
-463
332
-160
706
-762
-745
154
780
-925
-723
-681
921
-652
935
-725
828
-378
-127
483
381
739
-136
-974
-899
105
290
282
-793
-970
296
-141
177
-478
542
-164
946
425
772
-533
-243
-204
725
450
780
-78
92
-480
40
-664
102
-367
500
242
386
-12
170
-555
565
-425
877
83
-245
656
-962
889
440
218
105
-312
492
-518
575
-82
324
-914
-497
-719
477
961
206
520
-332
-755
-746
438
953
989
74
4
-638
302
903
809
-4
-670
-171
744
-420
512
-563
903
963
395
22
-297
-80
-435
-760
773
-737
-64
-383
556
-1
714
-827
420
577
-814
272
-373
-387
819
599
-370
-161
268
733
-843
-914
-223
-879
632
-99
-767
453
546
-373
901
697
-975
-587
-782
838
-234
731
-901
727
271
-497
-409
209
-18
-711
458
947
470
840
-222
-8
338
-684
481
9
-590
767
-639
-656
658
-854
-759
-264
905
755
379
896
-85
-245
231
-226
-741
-298
895
-256
-623
-948
744
685
-748
124
298
-294
-380
800
-348
-215
566
988
-97
-644
61
-560
-531
903
-703
285
302
-796
-705
-316
-593
-577
477
-774
-705
530
-680
-696
431
-677
604
542
-346
856
-657
-776
-530
901
90
-456
-161
-707
821
35
837
-404
254
-24
-944
-283
-10
-614
824
-977
712
-1
267
-214
-169
482
421
624
371
-45
-453
-762
775
381
-28
449
738
-40
20
-74
128
213
-27
570
-444
-889
-555
-712
-748
-415
823
497
81
58
-138
205
34
-323
253
767
-964
413
844
-313
816
-826
-568
49
929
-881
-14
363
384
-165
-910
500
-778
-226
32
-560
237
477
-370
56
59
-66
-859
366
556
271
-453
766
955
-222
-370
272
510
-474
-800
617
-805
-31
-369
-367
842
873
-193
-880
-792
274
902
-958
500
-367
-957
-870
-373
-753
476
-126
-789
138
547
-576
-795
869
773
-748
-252
928
463
670
-347
50
605
-132
-926
98
176
-303
575
198
-38
161
671
994
601
793
403
386
-898
652
241
-445
554
440
-818
-5
4
-232
-104
-807
745
-14
82
-921
704
943
108
-212
25
-21
-386
-962
673
2
769
260
292
475
362
282
-624
-223
-908
-546
-894
-996
873
-505
352
815
-212
-747
-718
-838
790
-813
573
-689
-484
393
446
594
969
462
687
489
-947
779
921
867
-639
-965
-906
597
-314
-386
-127
-545
474
-115
605
-147
6
-889
719
-310
918
330
-376
623
-779
174
307
-87
-283
-677
-920
873
-424
-982
778
517
-737
745
-541
907
-660
24
954
805
-619
961
606
504
-72
-875
738
-538
341
-351
277
452
445
-17
-388
262
325
72
143
582
-201
295
-851
756
437
377
-644
-457
-870
-767
577
-910
287
392
696
242
-585
913
17
691
-744
-118
-233
433
-874
-417
478
348
-722
-311
953
966
-628
436
-587
-522
985
-226
85
959
596
698
-902
42
-164
-619
-257
-817
455
544
815
-173
66
667
867
-901
-810
307
-692
-609
579
-221
777
-950
636
294
-74
190
590
-420
753
-12
-802
-102
-774
-223
-562
-884
-314
500
-452
-186
16
-917
600
-744
-67
-682
527
543
346
771
328
584
-668
664
875
192
500
624
-343
-153
-795
-340
460
-924
419
-197
-52
993
306
884
410
-906
-504
-992
-19
339
216
53
-826
-921
204
-980
-878
-178
990
516
-659
-664
771
-784
29
-860
-764
-341
514
-901
811
156
-697
921
743
-892
-939
981
11
-396
-171
-110
41
-548
-736
-593
-954
-18
469
-87
538
337
37
688
-537
-862
-177
902
-412
-748
387
612
949
-552
-427
695
-872
152
-880
-9
414
509
117
697
3
-928
-833
698
285
-275
435
955
781
692
921
-723
725
-630
305
-606
-889
-196
229
-61
245
-957
618
511
-214
851
657
-368
-797
525
-704
26
-964
373
-696
-723
115
269
-686
346
747
-672
-437
99
-176
396
-406
58
529
582
90
-661
879
-207
-856
-746
192
-887
-869
116
-112
346
-806
-773
-859
-2
606
524
846
-637
-890
-326
-152
-582
177
21
972
-484
988
52
615
-201
647
-687
-169
-42
-90
-193
-609
-417
945
982
-744
-666
424
975
405
495
-409
-373
545
-575
-494
-227
-521
-11
749
824
749
-34
123
-445
957
-238
609
202
-575
-666
85
254
-773
-407
-200
-820
-65
663
558
826
94
189
-618
-642
944
540
-806
-695
220
-682
357
832
951
6
-181
300
-393
-148
986
647
114
-138
-229
-953
792
618
-219
56
458
47
926
-415
-683
-580
159
-952
-561
616
35
-511
349
849
-581
257
798
520
-15
-990
152
201
535
895
-99
-152
252
303
633
247
874
398
891
-572
671
87
-931
-177
981
-706
-782
889
-256
-935
-868
905
244
559
215
584
-319
393
373
-804
172
949
934
913
171
-711
-637
963
-996
276
-248
-583
-718
-368
-388
-21
909
-844
894
356
134
710
-211
-126
-652
573
-940
-102
-227
117
433
617
-147
28
161
-395
396
281
601
19
-449
316
595
929
-771
128
-189
803
92
733
-427
-805
-952
731
182
-943
991
417
251
370
-484
-309
193
613
77
-279
-494
-615
435
-908
-847
122
-505
395
-574
530
835
-244
409
956
500
351
-227
659
-38
-596
-727
57
-327
157
15
-507
303
-563
-887
660
-846
192
-259
-17
613
188
924
-307
823
469
-456
127
185
471
784
-359
-70
-52
361
-287
353
461
-678
64
-619
-555
-668
645
764
674
572
345
-449
84
-457
-867
854
488
433
863
-507
-850
-679
620
338
437
925
-929
-702
249
877
-457
-512
-189
799
-793
-919
975
-210
247
679
-373
-753
-904
-105
187
947
261
633
569
-766
469
-220
329
842
140
-77
-181
-29
433
16
26
-2
363
155
-351
906
-780
-920
413
-302
-400
-830
798
678
-394
415
-377
-843
205
-222
-267
-540
-750
535
476
285
357
927
-596
663
-236
792
82
-626
-161
295
-789
703
411
453
-764
611
-542
436
638
-235
-505
732
29
49
759
902
367
282
747
708
-23
-824
74
570
-372
589
971
974
-89
-381
-535
-136
-730
-509
-657
-523
-200
-716
706
-258
95
399
-386
-672
385
-85
25
-248
-437
905
-765
-163
-12
-978
783
841
-977
-1000
411
965
491
255
91
177
-731
618
-107
-67
-227
-773
5
22
-762
504
-944
304
646
551
-651
236
-307
-939
175
631
-205
707
920
944
-342
61
-808
483
-829
872
-373
-442
-500
-984
544
-529
231
-213
-707
624
-203
-746
928
-640
385
810
417
-265
122
33
403
-890
-328
-149
-631
-479
-352
496
-11
-710
-254
593
-917
283
-80
-544
-587
336
985
-568
-80
766
-669
-293
355
100
6
-26
-769
493
101
-685
962
238
-792
-246
22
34
-635
-684
-538
-688
-786
399
-511
-875
-349
887
-729
-684
520
-489
976
695
113
683
-756
-432
-103
897
-811
-944
-366
-692
-799
771
-521
549
883
615
830
766
-703
631
-871
116
-496
136
-53
-511
-53
639
-952
74
147
-708
-107
876
-592
472
-306
126
214
-314
-474
963
-253
537
441
-434
-12
834
-370
178
-89
-668
-120
-203
491
199
-388
-543
260
100
-308
-41
171
803
-974
80
674
511
-168
385
-187
-781
-140
-550
-196
-716
-46
-69
813
-566
729
211
-386
299
623
343
-888
598
-360
860
151
-567
-374
-959
286
848
-772
-741
887
155
508
-770
-392
138
-560
661
-319
663
245
-113
-910
-816
915
134
426
-272
-814
637
-150
-182
-859
165
-360
-335
500
-900
703
246
951
547
307
-354
-610
42
834
-81
943
-134
822
488
599
-946
-777
842
673
-289
46
487
468
635
821
-938
246
897
-23
719
-689
-548
177
953
728
-278
601
222
-78
-89
-553
471
-141
587
238
9
76
844
705
-356
342
961
623
596
682
133
332
542
-641
20
-831
-103
-34
245
378
-66
-750
516
13
909
732
923
-165
789
-606
828
-962
-176
-377
-914
594
-407
-778
-767
592
555
-376
-497
741
599
453
338
610
945
103
-532
173
-392
-102
455
-300
832
95
-151
497
-770
-272
-125
409
207
-2
342
-225
997
150
611
-442
623
786
798
227
884
-597
974
-479
-820
732
-268
829
-117
466
-75
-462
-901
-960
901
911
181
415
786
884
-869
243
-614
796
981
312
58
132
582
907
-811
682
-678
965
573
257
-322
786
656
-864
-292
-656
-622
282
898
915
291
248
-946
453
-67
-366
136
331
477
782
652
-350
-933
-721
162
-392
-409
590
-52
88
-718
-474
-485
365
-970
-679
-33
71
707
16
-823
428
-840
-128
382
645
-934
120
-950
-103
-909
-777
-642
-152
-902
-86
777
573
-966
-221
-642
919
-654
-443
-345
-175
-23
-644
-218
924
-84
-694
420
-866
534
507
472
-236
-997
938
-27
-861
752
-212
80
684
-294
714
-675
-594
337
-723
741
150
241
98
-154
993
-450
653
-73
66
-847
761
822
-178
-397
829
-15
-875
196
-629
-355
-677
-984
-174
22
260
-592
-285
-685
-369
1
-480
-315
169
66
-96
444
-142
-729
-448
582
-35
389
-812
565
288
-94
-86
-100
364
-6
623
-922
998
-384
827
-366
-828
-785
-712
751
-413
-244
128
288
-27
-165
4
893
680
-486
441
902
-399
-483
-564
964
936
471
-778
-131
461
-991
-21
275
-296
-117
125
-805
-962
-372
797
165
-401
920
737
-372
-707
-803
-31
316
295
121
-628
587
-173
444
136
-762
602
-874
-746
-743
-980
173
531
-374
-395
-740
-582
-190
-792
299
391
-583
743
407
823
61
357
943
-852
-529
-766
106
13
906
-538
552
73
160
-503
387
348
803
910
321
-518
861
160
633
424
-19
-299
-384
-694
-305
-353
-337
567
230
-303
579
-744
-376
111
-832
-368
-170
654
-910
566
743
-918
-238
-803
-208
-602
226
-332
210
-578
-667
-55
-113
441
-690
825
874
427
-509
-813
971
-522
-835
634
-964
-832
-289
697
-652
863
353
-223
845
225
-664
-611
-509
-167
-845
-473
59
371
-219
-61
637
857
170
-951
-160
-178
391
-32
513
391
51
454
255
618
444
524
-425
-482
-105
670
951
-990
360
-800
576
-790
-230
292
349
467
-901
-167
-518
